Frequency(GHz) phase_difference
1.20000000 49.81410200
1.20100000 49.91665900
1.20200000 50.01891700
1.20300000 50.11510000
1.20400000 50.21364200
1.20500000 50.32061700
1.20600000 50.42560700
1.20700000 50.53153600
1.20800000 50.63068600
1.20900000 50.72376600
1.21000000 50.82769400
1.21100000 50.93135400
1.21200000 51.03166500
1.21300000 51.12971100
1.21400000 51.24513800
1.21500000 51.34359600
1.21600000 51.44392200
1.21700000 51.55038000
1.21800000 51.65450600
1.21900000 51.76087420
1.22000000 51.86894770
1.22100000 51.97611592
1.22200000 52.08191650
1.22300000 52.18132600
1.22400000 52.29114700
1.22500000 52.39206900
1.22600000 52.50365500
1.22700000 52.60807800
1.22800000 52.71900200
1.22900000 52.82461600
1.23000000 52.93023700
1.23100000 53.03883100
1.23200000 53.14681650
1.23300000 53.25394150
1.23400000 53.35548020
1.23500000 53.46025280
1.23600000 53.57850830
1.23700000 53.68607900
1.23800000 53.79257800
1.23900000 53.89647900
1.24000000 54.00450100
1.24100000 54.11374500
1.24200000 54.21270000
1.24300000 54.32447500
1.24400000 54.43321900
1.24500000 54.54244600
1.24600000 54.64928000
1.24700000 54.76035000
1.24800000 54.85812700
1.24900000 54.97492000
1.25000000 55.07567700
1.25100000 55.17958400
1.25200000 55.29249300
1.25300000 55.39773900
1.25400000 55.50484800
1.25500000 55.60979300
1.25600000 55.71864200
1.25700000 55.82971400
1.25800000 55.93353800
1.25900000 56.04898200
1.26000000 56.15278500
1.26100000 56.26155000
1.26200000 56.36488000
1.26300000 56.47809000
1.26400000 56.58901000
1.26500000 56.69675000
1.26600000 56.79738000
1.26700000 56.91441000
1.26800000 57.01930000
1.26900000 57.12053000
1.27000000 57.23518000
1.27100000 57.33890000
1.27200000 57.45050000
1.27300000 57.55850000
1.27400000 57.66075000
1.27500000 57.77129000
1.27600000 57.87944000
1.27700000 57.98433000
1.27800000 58.09215000
1.27900000 58.19413000
1.28000000 58.29463000
1.28100000 58.41018000
1.28200000 58.51939000
1.28300000 58.62482000
1.28400000 58.72714000
1.28500000 58.83252000
1.28600000 58.94122000
1.28700000 59.04717600
1.28800000 59.15798600
1.28900000 59.26070000
1.29000000 59.36433500
1.29100000 59.47458400
1.29200000 59.58506500
1.29300000 59.68080500
1.29400000 59.79045200
1.29500000 59.90230900
1.29600000 60.00684800
1.29700000 60.11071100
1.29800000 60.22926400
1.29900000 60.33057100
1.30000000 60.44282500
1.30100000 60.54483900
1.30200000 60.65030900
1.30300000 60.75928900
1.30400000 60.86282700
1.30500000 60.97266400
1.30600000 61.07007000
1.30700000 61.18469300
1.30800000 61.29665400
1.30900000 61.39496200
1.31000000 61.50098050
1.31100000 61.60609280
1.31200000 61.71411710
1.31300000 61.81106860
1.31400000 61.92053250
1.31500000 62.02322860
1.31600000 62.12771300
1.31700000 62.23538600
1.31800000 62.33374000
1.31900000 62.43977400
1.32000000 62.54595700
1.32100000 62.64682600
1.32200000 62.75221800
1.32300000 62.85528200
1.32400000 62.96244800
1.32500000 63.06804600
1.32600000 63.16842100
1.32700000 63.27311960
1.32800000 63.38027480
1.32900000 63.47824301
1.33000000 63.59267040
1.33100000 63.68795740
1.33200000 63.80221800
1.33300000 63.91294000
1.33400000 64.01084300
1.33500000 64.11965800
1.33600000 64.22848000
1.33700000 64.34269900
1.33800000 64.44476000
1.33900000 64.55667900
1.34000000 64.66020000
1.34100000 64.76974500
1.34200000 64.87645500
1.34300000 64.98350300
1.34400000 65.08668500
1.34500000 65.20609900
1.34600000 65.30865100
1.34700000 65.41637400
1.34800000 65.52100500
1.34900000 65.63121100
1.35000000 65.74600700
1.35100000 65.85278000
1.35200000 65.95934700
1.35300000 66.07029900
1.35400000 66.16954300
1.35500000 66.27960200
1.35600000 66.38796000
1.35700000 66.48464000
1.35800000 66.60048000
1.35900000 66.70527000
1.36000000 66.80244000
1.36100000 66.90727000
1.36200000 67.01847000
1.36300000 67.12633000
1.36400000 67.21980000
1.36500000 67.32724000
1.36600000 67.43854000
1.36700000 67.53801000
1.36800000 67.64365000
1.36900000 67.74910000
1.37000000 67.85020000
1.37100000 67.95266000
1.37200000 68.05520000
1.37300000 68.15629000
1.37400000 68.26127000
1.37500000 68.36357000
1.37600000 68.47076000
1.37700000 68.56466000
1.37800000 68.67135000
1.37900000 68.77130000
1.38000000 68.87644500
1.38100000 68.97125900
1.38200000 69.07506400
1.38300000 69.17296500
1.38400000 69.28088800
1.38500000 69.37670100
1.38600000 69.48210900
1.38700000 69.57810600
1.38800000 69.68595700
1.38900000 69.79135400
1.39000000 69.88718900
1.39100000 69.98423000
1.39200000 70.08306000
1.39300000 70.18822400
1.39400000 70.28607300
1.39500000 70.38031100
1.39600000 70.48330200
1.39700000 70.58101600
1.39800000 70.67305900
1.39900000 70.77991600
1.40000000 70.87719700
1.40100000 70.97856600
1.40200000 71.08035000
1.40300000 71.17911930
1.40400000 71.27946810
1.40500000 71.37769096
1.40600000 71.47266290
1.40700000 71.56967840
1.40800000 71.67114200
1.40900000 71.76797100
1.41000000 71.86606400
1.41100000 71.96077200
1.41200000 72.05621900
1.41300000 72.15385600
1.41400000 72.25791600
1.41500000 72.35304200
1.41600000 72.44675800
1.41700000 72.54061100
1.41800000 72.63505100
1.41900000 72.73749000
1.42000000 72.83042900
1.42100000 72.92600500
1.42200000 73.02374470
1.42300000 73.11609630
1.42400000 73.20966976
1.42500000 73.30706490
1.42600000 73.40099080
1.42700000 73.49365300
1.42800000 73.59120200
1.42900000 73.68873000
1.43000000 73.77992800
1.43100000 73.87754100
1.43200000 73.96621900
1.43300000 74.05553400
1.43400000 74.14814200
1.43500000 74.24039500
1.43600000 74.34398600
1.43700000 74.42614100
1.43800000 74.52764100
1.43900000 74.61449000
1.44000000 74.70684000
1.44100000 74.80021700
1.44200000 74.89191800
1.44300000 74.98831200
1.44400000 75.07121300
1.44500000 75.16890800
1.44600000 75.25570400
1.44700000 75.34153000
1.44800000 75.43074200
1.44900000 75.51965400
1.45000000 75.60801200
1.45100000 75.69913000
1.45200000 75.79223000
1.45300000 75.87359000
1.45400000 75.96528000
1.45500000 76.05230000
1.45600000 76.14362000
1.45700000 76.23190000
1.45800000 76.30809000
1.45900000 76.40451000
1.46000000 76.48525000
1.46100000 76.56990000
1.46200000 76.65710000
1.46300000 76.74582000
1.46400000 76.83504000
1.46500000 76.91626000
1.46600000 77.00242000
1.46700000 77.08403000
1.46800000 77.16883000
1.46900000 77.25374000
1.47000000 77.33589000
1.47100000 77.41442000
1.47200000 77.49948000
1.47300000 77.59299400
1.47400000 77.66459800
1.47500000 77.74866600
1.47600000 77.83345000
1.47700000 77.91593200
1.47800000 78.00412500
1.47900000 78.08380500
1.48000000 78.16454800
1.48100000 78.24813700
1.48200000 78.32878400
1.48300000 78.41113600
1.48400000 78.49168900
1.48500000 78.57558200
1.48600000 78.64957100
1.48700000 78.73441900
1.48800000 78.81859500
1.48900000 78.90071600
1.49000000 78.97981700
1.49100000 79.05751600
1.49200000 79.13691800
1.49300000 79.21855100
1.49400000 79.29695900
1.49500000 79.37529300
1.49600000 79.45122700
1.49700000 79.53366630
1.49800000 79.61816995
1.49900000 79.69571500
1.50000000 79.78443400
1.50100000 79.85333300
1.50200000 79.92753100
1.50300000 80.00903300
1.50400000 80.08719400
1.50500000 80.16804700
1.50600000 80.24358700
1.50700000 80.32108600
1.50800000 80.39898300
1.50900000 80.47875200
1.51000000 80.55089600
1.51100000 80.62283500
1.51200000 80.70102300
1.51300000 80.77822500
1.51400000 80.85143100
1.51500000 80.92990200
1.51600000 80.99750300
1.51700000 81.07213810
1.51800000 81.14479340
1.51900000 81.22284790
1.52000000 81.28930120
1.52100000 81.36632900
1.52200000 81.43503600
1.52300000 81.50652500
1.52400000 81.58199500
1.52500000 81.65553500
1.52600000 81.71617700
1.52700000 81.78579500
1.52800000 81.86019200
1.52900000 81.92710500
1.53000000 81.99869200
1.53100000 82.06945700
1.53200000 82.14128100
1.53300000 82.21051500
1.53400000 82.27448900
1.53500000 82.34730000
1.53600000 82.41426900
1.53700000 82.47733800
1.53800000 82.54150200
1.53900000 82.61484600
1.54000000 82.67740600
1.54100000 82.74356000
1.54200000 82.81105200
1.54300000 82.87918900
1.54400000 82.93941400
1.54500000 83.00176000
1.54600000 83.06291000
1.54700000 83.12875000
1.54800000 83.18921000
1.54900000 83.25245000
1.55000000 83.31732000
1.55100000 83.37832000
1.55200000 83.44211000
1.55300000 83.49880000
1.55400000 83.55698000
1.55500000 83.61525000
1.55600000 83.67621000
1.55700000 83.72940000
1.55800000 83.79394000
1.55900000 83.84961000
1.56000000 83.91001000
1.56100000 83.96299000
1.56200000 84.02972000
1.56300000 84.08495000
1.56400000 84.14348000
1.56500000 84.20147800
1.56600000 84.26044000
1.56700000 84.31727100
1.56800000 84.37955400
1.56900000 84.43409300
1.57000000 84.49497800
1.57100000 84.55023000
1.57200000 84.61643800
1.57300000 84.66942000
1.57400000 84.73037900
1.57500000 84.78633000
1.57600000 84.84776500
1.57700000 84.90515400
1.57800000 84.96645300
1.57900000 85.02478800
1.58000000 85.08459000
1.58100000 85.14164800
1.58200000 85.19568500
1.58300000 85.25393300
1.58400000 85.31225100
1.58500000 85.37252000
1.58600000 85.41644400
1.58700000 85.47320900
1.58800000 85.53188170
1.58900000 85.58685390
1.59000000 85.63466141
1.59100000 85.68788250
1.59200000 85.73722050
1.59300000 85.78971000
1.59400000 85.83787200
1.59500000 85.89220800
1.59600000 85.93832000
1.59700000 85.98215100
1.59800000 86.02960600
1.59900000 86.07515700
1.60000000 86.12064000
1.60100000 86.16720200
1.60200000 86.21938400
1.60300000 86.26763100
1.60400000 86.30669900
1.60500000 86.35263300
1.60600000 86.39645700
1.60700000 86.44665100
1.60800000 86.49307300
1.60900000 86.53357000
1.61000000 86.58736790
1.61100000 86.62927770
1.61200000 86.67130687
1.61300000 86.72070650
1.61400000 86.76879910
1.61500000 86.81006000
1.61600000 86.86304400
1.61700000 86.90412600
1.61800000 86.95194200
1.61900000 86.99868800
1.62000000 87.05048700
1.62100000 87.09341300
1.62200000 87.14298300
1.62300000 87.18986200
1.62400000 87.23632300
1.62500000 87.28184600
1.62600000 87.32749900
1.62700000 87.37479400
1.62800000 87.42138000
1.62900000 87.46762500
1.63000000 87.50816800
1.63100000 87.55452100
1.63200000 87.59976600
1.63300000 87.63934800
1.63400000 87.68455800
1.63500000 87.72720800
1.63600000 87.76707700
1.63700000 87.80902400
1.63800000 87.84252000
1.63900000 87.88399000
1.64000000 87.91525000
1.64100000 87.96182000
1.64200000 87.99897000
1.64300000 88.03986000
1.64400000 88.07541000
1.64500000 88.11149000
1.64600000 88.14560000
1.64700000 88.17389000
1.64800000 88.21618000
1.64900000 88.25308000
1.65000000 88.27893000
1.65100000 88.31543000
1.65200000 88.35410000
1.65300000 88.38685000
1.65400000 88.41968000
1.65500000 88.44528000
1.65600000 88.47855000
1.65700000 88.51565100
1.65800000 88.54909600
1.65900000 88.57887200
1.66000000 88.60997600
1.66100000 88.64327700
1.66200000 88.67118400
1.66300000 88.70885900
1.66400000 88.72673400
1.66500000 88.76115600
1.66600000 88.79097400
1.66700000 88.82103300
1.66800000 88.85202700
1.66900000 88.88395000
1.67000000 88.90539600
1.67100000 88.93239300
1.67200000 88.95738900
1.67300000 88.99278900
1.67400000 89.01569700
1.67500000 89.03972600
1.67600000 89.06533200
1.67700000 89.08949700
1.67800000 89.11318600
1.67900000 89.14106600
1.68000000 89.16231690
1.68100000 89.19193490
1.68200000 89.21808454
1.68300000 89.23799760
1.68400000 89.25792290
1.68500000 89.28232600
1.68600000 89.31619900
1.68700000 89.33573400
1.68800000 89.35241000
1.68900000 89.38482700
1.69000000 89.41144900
1.69100000 89.43413200
1.69200000 89.45635600
1.69300000 89.48534800
1.69400000 89.50723200
1.69500000 89.53607600
1.69600000 89.55894800
1.69700000 89.57768500
1.69800000 89.60761300
1.69900000 89.63158400
1.70000000 89.66358900
1.70100000 89.68433400
1.70200000 89.71185300
1.70300000 89.73295730
1.70400000 89.75426710
1.70500000 89.78233183
1.70600000 89.80324550
1.70700000 89.82754730
1.70800000 89.85048200
1.70900000 89.87071700
1.71000000 89.89307000
1.71100000 89.91335900
1.71200000 89.93863700
1.71300000 89.95954300
1.71400000 89.96925500
1.71500000 89.99805500
1.71600000 90.01634700
1.71700000 90.03544500
1.71800000 90.04624500
1.71900000 90.06987500
1.72000000 90.08804600
1.72100000 90.10522200
1.72200000 90.12024300
1.72300000 90.13962900
1.72400000 90.15143300
1.72500000 90.17159400
1.72600000 90.19259600
1.72700000 90.20954600
1.72800000 90.22293800
1.72900000 90.24172900
1.73000000 90.27154900
1.73100000 90.28197000
1.73200000 90.30511000
1.73300000 90.32068000
1.73400000 90.34191000
1.73500000 90.36301000
1.73600000 90.37904000
1.73700000 90.39828000
1.73800000 90.41696000
1.73900000 90.43632000
1.74000000 90.45667000
1.74100000 90.47486000
1.74200000 90.49416000
1.74300000 90.51181000
1.74400000 90.53051000
1.74500000 90.54634000
1.74600000 90.56654000
1.74700000 90.58123000
1.74800000 90.59834000
1.74900000 90.61565000
1.75000000 90.62927500
1.75100000 90.63519900
1.75200000 90.65523100
1.75300000 90.66188900
1.75400000 90.67756700
1.75500000 90.68977700
1.75600000 90.69593400
1.75700000 90.69910700
1.75800000 90.71528500
1.75900000 90.71892900
1.76000000 90.73687700
1.76100000 90.73527300
1.76200000 90.74032100
1.76300000 90.74733300
1.76400000 90.75214500
1.76500000 90.76317900
1.76600000 90.77296900
1.76700000 90.77402200
1.76800000 90.78115800
1.76900000 90.79008700
1.77000000 90.79603200
1.77100000 90.80775000
1.77200000 90.81580000
1.77300000 90.82099320
1.77400000 90.83430320
1.77500000 90.84165980
1.77600000 90.84945310
1.77700000 90.85905900
1.77800000 90.87280400
1.77900000 90.87281900
1.78000000 90.88547900
1.78100000 90.89103700
1.78200000 90.90005300
1.78300000 90.90788600
1.78400000 90.91465400
1.78500000 90.91504300
1.78600000 90.92326400
1.78700000 90.92345100
1.78800000 90.92750900
1.78900000 90.92928600
1.79000000 90.92818200
1.79100000 90.92144000
1.79200000 90.91732600
1.79300000 90.91347700
1.79400000 90.90786500
1.79500000 90.90412900
1.79600000 90.89562270
1.79700000 90.88730450
1.79800000 90.87784931
1.79900000 90.87271390
1.80000000 90.85665370
1.80100000 90.84819800
1.80200000 90.83501200
1.80300000 90.82972800
1.80400000 90.81497200
1.80500000 90.81089200
1.80600000 90.80543500
1.80700000 90.79038700
1.80800000 90.78158700
1.80900000 90.77133900
1.81000000 90.76778000
1.81100000 90.76097100
1.81200000 90.76129200
1.81300000 90.75349000
1.81400000 90.75904600
1.81500000 90.75917100
1.81600000 90.76118100
1.81700000 90.76238600
1.81800000 90.77523900
1.81900000 90.78879600
1.82000000 90.79684000
1.82100000 90.80568800
1.82200000 90.82204700
1.82300000 90.83752800
1.82400000 90.84263000
1.82500000 90.86307000
1.82600000 90.87798000
1.82700000 90.89636000
1.82800000 90.91309000
1.82900000 90.93048000
1.83000000 90.95037000
1.83100000 90.96280000
1.83200000 90.97919000
1.83300000 90.99732000
1.83400000 91.01135000
1.83500000 91.02743000
1.83600000 91.03783000
1.83700000 91.05398000
1.83800000 91.05591000
1.83900000 91.06954000
1.84000000 91.07395000
1.84100000 91.08030000
1.84200000 91.08683800
1.84300000 91.09132200
1.84400000 91.09258100
1.84500000 91.09048000
1.84600000 91.08987900
1.84700000 91.08769100
1.84800000 91.08039400
1.84900000 91.08164500
1.85000000 91.07336100
1.85100000 91.06984500
1.85200000 91.05657700
1.85300000 91.05560100
1.85400000 91.04640100
1.85500000 91.03789700
1.85600000 91.03091600
1.85700000 91.02410000
1.85800000 91.02155300
1.85900000 91.00900800
1.86000000 91.00594800
1.86100000 90.99439700
1.86200000 90.98526500
1.86300000 90.97929000
1.86400000 90.97097200
1.86500000 90.96974770
1.86600000 90.96602090
1.86700000 90.95192135
1.86800000 90.95302600
1.86900000 90.94778170
1.87000000 90.94369700
1.87100000 90.93850300
1.87200000 90.92674600
1.87300000 90.92341800
1.87400000 90.92255800
1.87500000 90.91863100
1.87600000 90.91730100
1.87700000 90.91180400
1.87800000 90.90431200
1.87900000 90.90252700
1.88000000 90.89465300
1.88100000 90.89004500
1.88200000 90.88716900
1.88300000 90.87705800
1.88400000 90.87667300
1.88500000 90.87192400
1.88600000 90.86736500
1.88700000 90.85802800
1.88800000 90.85556130
1.88900000 90.85271950
1.89000000 90.84238550
1.89100000 90.83847000
1.89200000 90.83305100
1.89300000 90.82764150
1.89400000 90.82352400
1.89500000 90.82146400
1.89600000 90.80832000
1.89700000 90.81219100
1.89800000 90.80606100
1.89900000 90.79691600
1.90000000 90.79213500
1.90100000 90.79211400
1.90200000 90.77912100
1.90300000 90.78050700
1.90400000 90.77038600
1.90500000 90.76500700
1.90600000 90.76047000
1.90700000 90.74921900
1.90800000 90.75230000
1.90900000 90.74055900
1.91000000 90.74095500
1.91100000 90.73160100
1.91200000 90.72643800
1.91300000 90.71330000
1.91400000 90.70818700
1.91500000 90.69767400
1.91600000 90.69851200
1.91700000 90.69104000
1.91800000 90.67679000
1.91900000 90.67459000
1.92000000 90.66419000
1.92100000 90.65658000
1.92200000 90.65119000
1.92300000 90.64136000
1.92400000 90.63428000
1.92500000 90.62572000
1.92600000 90.62345000
1.92700000 90.61537000
1.92800000 90.60904000
1.92900000 90.59999000
1.93000000 90.58202000
1.93100000 90.57857000
1.93200000 90.56991000
1.93300000 90.56613000
1.93400000 90.56053000
1.93500000 90.55010500
1.93600000 90.54434900
1.93700000 90.53983800
1.93800000 90.52888300
1.93900000 90.52215900
1.94000000 90.51666200
1.94100000 90.50923700
1.94200000 90.50558600
1.94300000 90.49059000
1.94400000 90.49104300
1.94500000 90.48516600
1.94600000 90.47728800
1.94700000 90.47471600
1.94800000 90.47309900
1.94900000 90.47128500
1.95000000 90.46199500
1.95100000 90.46586200
1.95200000 90.45794000
1.95300000 90.45480600
1.95400000 90.45399200
1.95500000 90.44754800
1.95600000 90.44907500
1.95700000 90.44883700
1.95800000 90.44626480
1.95900000 90.44899380
1.96000000 90.44392338
1.96100000 90.44337900
1.96200000 90.44716190
1.96300000 90.44296900
1.96400000 90.44806600
1.96500000 90.44619100
1.96600000 90.45263100
1.96700000 90.45382900
1.96800000 90.44886800
1.96900000 90.45384600
1.97000000 90.45516200
1.97100000 90.45681400
1.97200000 90.45928500
1.97300000 90.45452900
1.97400000 90.45958300
1.97500000 90.45787500
1.97600000 90.46779600
1.97700000 90.46552800
1.97800000 90.46651800
1.97900000 90.47164900
1.98000000 90.46968900
1.98100000 90.47118750
1.98200000 90.47431090
1.98300000 90.47471750
1.98400000 90.47622530
1.98500000 90.47816480
1.98600000 90.48318400
1.98700000 90.47942000
1.98800000 90.48526100
1.98900000 90.47726300
1.99000000 90.48047600
1.99100000 90.48039900
1.99200000 90.47902300
1.99300000 90.47418600
1.99400000 90.48145700
1.99500000 90.47456600
1.99600000 90.47845800
1.99700000 90.46530100
1.99800000 90.47090400
1.99900000 90.46716300
2.00000000 90.46791100
2.00100000 90.45938700
2.00200000 90.46027800
2.00300000 90.45127000
2.00400000 90.44941400
2.00500000 90.45257100
2.00600000 90.44787700
2.00700000 90.43751100
2.00800000 90.44377000
2.00900000 90.43791000
2.01000000 90.43909000
2.01100000 90.42906000
2.01200000 90.43051000
2.01300000 90.42594000
2.01400000 90.42361000
2.01500000 90.42310000
2.01600000 90.42391000
2.01700000 90.42329000
2.01800000 90.41924000
2.01900000 90.41656000
2.02000000 90.41635000
2.02100000 90.41182000
2.02200000 90.41420000
2.02300000 90.41200000
2.02400000 90.41188000
2.02500000 90.40545000
2.02600000 90.40882000
2.02700000 90.40872500
2.02800000 90.40734600
2.02900000 90.40358700
2.03000000 90.40326000
2.03100000 90.39739500
2.03200000 90.40008100
2.03300000 90.39455200
2.03400000 90.38638700
2.03500000 90.37746500
2.03600000 90.37966200
2.03700000 90.37627900
2.03800000 90.37184800
2.03900000 90.36655600
2.04000000 90.36140100
2.04100000 90.35648700
2.04200000 90.35816600
2.04300000 90.35610500
2.04400000 90.35378500
2.04500000 90.34065500
2.04600000 90.34876600
2.04700000 90.33728600
2.04800000 90.34365500
2.04900000 90.34304700
2.05000000 90.34068800
2.05100000 90.34846470
2.05200000 90.35186350
2.05300000 90.35980900
2.05400000 90.36287660
2.05500000 90.37129110
2.05600000 90.37356300
2.05700000 90.38554700
2.05800000 90.39801900
2.05900000 90.40501400
2.06000000 90.41703300
2.06100000 90.43383800
2.06200000 90.43951400
2.06300000 90.45843500
2.06400000 90.47224400
2.06500000 90.48351700
2.06600000 90.49850500
2.06700000 90.51117000
2.06800000 90.53172800
2.06900000 90.54236500
2.07000000 90.56067600
2.07100000 90.56840200
2.07200000 90.58375300
2.07300000 90.59894100
2.07400000 90.61032450
2.07500000 90.62601430
2.07600000 90.62836474
2.07700000 90.64286590
2.07800000 90.65879700
2.07900000 90.66593300
2.08000000 90.67400500
2.08100000 90.68369500
2.08200000 90.68858500
2.08300000 90.70530600
2.08400000 90.70557900
2.08500000 90.71720000
2.08600000 90.72722500
2.08700000 90.72472000
2.08800000 90.73894900
2.08900000 90.74361300
2.09000000 90.74803400
2.09100000 90.75695900
2.09200000 90.77304500
2.09300000 90.77753000
2.09400000 90.77813500
2.09500000 90.78501400
2.09600000 90.79816400
2.09700000 90.81055600
2.09800000 90.81197700
2.09900000 90.82228400
2.10000000 90.82644400
2.10100000 90.83980700
2.10200000 90.84410000
2.10300000 90.85103000
2.10400000 90.86425000
2.10500000 90.86913000
2.10600000 90.87501000
2.10700000 90.88401000
2.10800000 90.88305000
2.10900000 90.89322000
2.11000000 90.90312000
2.11100000 90.90889000
2.11200000 90.90870000
2.11300000 90.91698000
2.11400000 90.92106000
2.11500000 90.93600000
2.11600000 90.92928000
2.11700000 90.94593000
2.11800000 90.94769000
2.11900000 90.95487000
2.12000000 90.96593800
2.12100000 90.97370400
2.12200000 90.98661700
2.12300000 91.00016500
2.12400000 91.01083900
2.12500000 91.02238600
2.12600000 91.04358000
2.12700000 91.05891200
2.12800000 91.07687000
2.12900000 91.09753600
2.13000000 91.11665300
2.13100000 91.13804000
2.13200000 91.15262500
2.13300000 91.18307600
2.13400000 91.20291200
2.13500000 91.22517500
2.13600000 91.24812000
2.13700000 91.26772000
2.13800000 91.29463200
2.13900000 91.32171000
2.14000000 91.34075900
2.14100000 91.36568400
2.14200000 91.38545000
2.14300000 91.40287500
2.14400000 91.42339460
2.14500000 91.44699798
2.14600000 91.46031360
2.14700000 91.47495670
2.14800000 91.50348700
2.14900000 91.50996100
2.15000000 91.53410300
2.15100000 91.54220400
2.15200000 91.55227300
2.15300000 91.56929000
2.15400000 91.57886500
2.15500000 91.59769900
2.15600000 91.61049300
2.15700000 91.62819300
2.15800000 91.63032100
2.15900000 91.64795600
2.16000000 91.66839300
2.16100000 91.67359800
2.16200000 91.69343200
2.16300000 91.70818400
2.16400000 91.72379000
2.16500000 91.73827900
2.16600000 91.75838500
2.16700000 91.78206040
2.16800000 91.80017200
2.16900000 91.81522696
2.17000000 91.83585570
2.17100000 91.85880150
2.17200000 91.88056600
2.17300000 91.89746400
2.17400000 91.92135400
2.17500000 91.93741500
2.17600000 91.96556700
2.17700000 91.98305900
2.17800000 92.01434800
2.17900000 92.03562800
2.18000000 92.05427100
2.18100000 92.07494800
2.18200000 92.09628700
2.18300000 92.11628600
2.18400000 92.13938800
2.18500000 92.16131300
2.18600000 92.17809300
2.18700000 92.20389500
2.18800000 92.22444300
2.18900000 92.25113700
2.19000000 92.26830000
2.19100000 92.28778800
2.19200000 92.31719500
2.19300000 92.34022500
2.19400000 92.35880300
2.19500000 92.39198000
2.19600000 92.41270000
2.19700000 92.43393000
2.19800000 92.46342000
2.19900000 92.50325000
2.20000000 92.52670000
2.20100000 92.55975000
2.20200000 92.59149000
2.20300000 92.62993000
2.20400000 92.66017000
2.20500000 92.69335000
2.20600000 92.73183000
2.20700000 92.76916000
2.20800000 92.80748000
2.20900000 92.84093000
2.21000000 92.87320000
2.21100000 92.91524000
2.21200000 92.95770300
2.21300000 92.98606800
2.21400000 93.02302200
2.21500000 93.05122200
2.21600000 93.08849500
2.21700000 93.11864600
2.21800000 93.15215800
2.21900000 93.18208200
2.22000000 93.20966500
2.22100000 93.23671300
2.22200000 93.26220100
2.22300000 93.28013600
2.22400000 93.30467800
2.22500000 93.32892200
2.22600000 93.34654200
2.22700000 93.36794900
2.22800000 93.38733300
2.22900000 93.41104800
2.23000000 93.42873900
2.23100000 93.44823500
2.23200000 93.47383000
2.23300000 93.49297300
2.23400000 93.51901600
2.23500000 93.54091500
2.23600000 93.56947080
2.23700000 93.59328350
2.23800000 93.61635390
2.23900000 93.65128730
2.24000000 93.68352060
2.24100000 93.71306400
2.24200000 93.74507900
2.24300000 93.77739100
2.24400000 93.81925400
2.24500000 93.85824800
2.24600000 93.89738600
2.24700000 93.93172400
2.24800000 93.97211400
2.24900000 94.01236000
2.25000000 94.05475200
2.25100000 94.09275000
2.25200000 94.13833600
2.25300000 94.16808300
2.25400000 94.21300500
2.25500000 94.25467300
2.25600000 94.27917700
2.25700000 94.32374200
2.25800000 94.36354900
2.25900000 94.39257400
2.26000000 94.42854850
2.26100000 94.46341460
2.26200000 94.50394720
2.26300000 94.52466880
2.26400000 94.56074150
2.26500000 94.59247300
2.26600000 94.61732400
2.26700000 94.65864300
2.26800000 94.68673200
2.26900000 94.71889200
2.27000000 94.75441800
2.27100000 94.79211800
2.27200000 94.82166300
2.27300000 94.85192500
2.27400000 94.89260600
2.27500000 94.92994900
2.27600000 94.96619000
2.27700000 95.00557400
2.27800000 95.04859400
2.27900000 95.08374800
2.28000000 95.12715700
2.28100000 95.16649300
2.28200000 95.20864900
2.28300000 95.25030700
2.28400000 95.29211000
2.28500000 95.33813900
2.28600000 95.37826800
2.28700000 95.42542300
2.28800000 95.46611000
2.28900000 95.49900000
2.29000000 95.54142000
2.29100000 95.57976000
2.29200000 95.62548000
2.29300000 95.65766000
2.29400000 95.70124000
2.29500000 95.73103000
2.29600000 95.76998000
2.29700000 95.80115000
2.29800000 95.83464000
2.29900000 95.86850000
2.30000000 95.89887000
2.30100000 95.94015000
2.30200000 95.96837000
2.30300000 95.99218000
2.30400000 96.03593000
2.30500000 96.06768900
2.30600000 96.10486900
2.30700000 96.14339700
2.30800000 96.17183500
2.30900000 96.20930800
2.31000000 96.25013400
2.31100000 96.29438900
2.31200000 96.33816100
2.31300000 96.38202200
2.31400000 96.42428000
2.31500000 96.46957800
2.31600000 96.52039800
2.31700000 96.56613900
2.31800000 96.61692700
2.31900000 96.67173500
2.32000000 96.72144700
2.32100000 96.77796500
2.32200000 96.83091300
2.32300000 96.88707700
2.32400000 96.93983500
2.32500000 96.99273300
2.32600000 97.04199600
2.32700000 97.09779900
2.32800000 97.15944200
2.32900000 97.21145560
2.33000000 97.26655820
2.33100000 97.31979525
2.33200000 97.37135470
2.33300000 97.41487070
2.33400000 97.46671500
2.33500000 97.50986800
2.33600000 97.55737500
2.33700000 97.60634000
2.33800000 97.64807400
2.33900000 97.69665200
2.34000000 97.73464200
2.34100000 97.77491000
2.34200000 97.81589800
2.34300000 97.86378800
2.34400000 97.89041900
2.34500000 97.93748500
2.34600000 97.98112500
2.34700000 98.01239800
2.34800000 98.05619300
2.34900000 98.09914600
2.35000000 98.14680100
2.35100000 98.18316800
2.35200000 98.22535500
2.35300000 98.27457100
2.35400000 98.32090210
2.35500000 98.37318120
2.35600000 98.41943570
2.35700000 98.46052130
2.35800000 98.51786190
2.35900000 98.56499200
2.36000000 98.61349500
2.36100000 98.65861200
2.36200000 98.71344400
2.36300000 98.75367000
2.36400000 98.80590000
2.36500000 98.85684300
2.36600000 98.90198900
2.36700000 98.95023500
2.36800000 98.99808900
2.36900000 99.04631900
2.37000000 99.08670400
2.37100000 99.13070000
2.37200000 99.16918000
2.37300000 99.21503800
2.37400000 99.25182000
2.37500000 99.30346700
2.37600000 99.33992600
2.37700000 99.38040800
2.37800000 99.41826100
2.37900000 99.45720300
2.38000000 99.50536800
2.38100000 99.54336400
2.38200000 99.58680000
2.38300000 99.62637000
2.38400000 99.66855000
2.38500000 99.70704000
2.38600000 99.75916000
2.38700000 99.80390000
2.38800000 99.85644000
2.38900000 99.89866000
2.39000000 99.94711000
2.39100000 100.00767000
2.39200000 100.05914000
2.39300000 100.11102000
2.39400000 100.16764000
2.39500000 100.22541000
2.39600000 100.28472000
2.39700000 100.34545000
2.39800000 100.40221300
2.39900000 100.46350000
2.40000000 100.52816400
2.40100000 100.58908000
2.40200000 100.64555700
2.40300000 100.71032700
2.40400000 100.77444300
2.40500000 100.83332700
2.40600000 100.90273700
2.40700000 100.96101800
2.40800000 101.01581000
2.40900000 101.07752300
2.41000000 101.13743800
2.41100000 101.18771500
2.41200000 101.24625800
2.41300000 101.30783000
2.41400000 101.36492300
2.41500000 101.42153600
2.41600000 101.47148000
2.41700000 101.53078800
2.41800000 101.58059900
2.41900000 101.63255700
2.42000000 101.68374300
2.42100000 101.73617230
2.42200000 101.78456930
2.42300000 101.84393636
2.42400000 101.89095970
2.42500000 101.94185390
2.42600000 101.99861000
2.42700000 102.04765200
2.42800000 102.09237300
2.42900000 102.14463500
2.43000000 102.19772900
2.43100000 102.25797300
2.43200000 102.30857800
2.43300000 102.35837900
2.43400000 102.40907300
2.43500000 102.46036200
2.43600000 102.51398500
2.43700000 102.56889700
2.43800000 102.61535600
2.43900000 102.67372900
2.44000000 102.73026700
2.44100000 102.78468000
2.44200000 102.83202000
2.44300000 102.88588500
2.44400000 102.93807800
2.44500000 102.98778200
2.44600000 103.04040700
2.44700000 103.09751680
2.44800000 103.14640480
2.44900000 103.19536160
2.45000000 103.24544590
2.45100000 103.30707870
2.45200000 103.35648090
2.45300000 103.40857900
2.45400000 103.46534300
2.45500000 103.51476900
2.45600000 103.56967100
2.45700000 103.62840000
2.45800000 103.67621000
2.45900000 103.73122800
2.46000000 103.78743500
2.46100000 103.83641300
2.46200000 103.89655700
2.46300000 103.94944300
2.46400000 104.00446300
2.46500000 104.06172300
2.46600000 104.12144200
2.46700000 104.17644900
2.46800000 104.22828400
2.46900000 104.28797700
2.47000000 104.33872700
2.47100000 104.40184200
2.47200000 104.45857300
2.47300000 104.51320800
2.47400000 104.57365100
2.47500000 104.62430400
2.47600000 104.68000000
2.47700000 104.74552000
2.47800000 104.79606000
2.47900000 104.85609000
2.48000000 104.91607000
2.48100000 104.97186000
2.48200000 105.03049000
2.48300000 105.08635000
2.48400000 105.14744000
2.48500000 105.20330000
2.48600000 105.26065000
2.48700000 105.31961000
2.48800000 105.37928000
2.48900000 105.44325000
2.49000000 105.49458000
2.49100000 105.56296200
2.49200000 105.61824500
2.49300000 105.68103400
2.49400000 105.74530600
2.49500000 105.80583200
2.49600000 105.86347600
2.49700000 105.92857700
2.49800000 105.99092100
2.49900000 106.06258500
2.50000000 106.12345500
2.50100000 106.18111100
2.50200000 106.25061900
2.50300000 106.30581700
2.50400000 106.37674200
2.50500000 106.44330100
2.50600000 106.50105000
2.50700000 106.56285700
2.50800000 106.62344700
2.50900000 106.68368300
2.51000000 106.74552100
2.51100000 106.80695100
2.51200000 106.86066200
2.51300000 106.91840400
2.51400000 106.97234930
2.51500000 107.02888350
2.51600000 107.08797405
2.51700000 107.14478150
2.51800000 107.19748020
2.51900000 107.25364100
2.52000000 107.30517000
2.52100000 107.35770000
2.52200000 107.41112500
2.52300000 107.46561700
2.52400000 107.51188400
2.52500000 107.56725300
2.52600000 107.62109400
2.52700000 107.67175600
2.52800000 107.72405700
2.52900000 107.77639000
2.53000000 107.83233300
2.53100000 107.88964900
2.53200000 107.94370300
2.53300000 107.99799700
2.53400000 108.05240300
2.53500000 108.11523100
2.53600000 108.16701100
2.53700000 108.22371500
2.53800000 108.28256600
2.53900000 108.33558300
2.54000000 108.40578700
2.54100000 108.46023000
2.54200000 108.51507680
2.54300000 108.57575890
2.54400000 108.62976350
2.54500000 108.69696320
2.54600000 108.75487830
2.54700000 108.81651100
2.54800000 108.87073200
2.54900000 108.92675800
2.55000000 108.98427200
2.55100000 109.03841600
2.55200000 109.09691500
2.55300000 109.15338100
2.55400000 109.21413500
2.55500000 109.26800500
2.55600000 109.32194100
2.55700000 109.37499800
2.55800000 109.43025300
2.55900000 109.48962500
2.56000000 109.54260200
2.56100000 109.59856600
2.56200000 109.65191300
2.56300000 109.70754600
2.56400000 109.76202800
2.56500000 109.81857700
2.56600000 109.86924800
2.56700000 109.93374600
2.56800000 109.98820300
2.56900000 110.03799900
2.57000000 110.10798700
2.57100000 110.15803000
2.57200000 110.21910000
2.57300000 110.28361000
2.57400000 110.33783000
2.57500000 110.39950000
2.57600000 110.46171000
2.57700000 110.52523000
2.57800000 110.58516000
2.57900000 110.64009000
2.58000000 110.70781000
2.58100000 110.76918000
2.58200000 110.83602000
2.58300000 110.89577000
2.58400000 110.95986200
2.58500000 111.02600400
2.58600000 111.08237000
2.58700000 111.14852700
2.58800000 111.21323000
2.58900000 111.27157000
2.59000000 111.33296500
2.59100000 111.38992700
2.59200000 111.45503300
2.59300000 111.51434000
2.59400000 111.57670900
2.59500000 111.63072300
2.59600000 111.70003800
2.59700000 111.75232500
2.59800000 111.81673600
2.59900000 111.86876600
2.60000000 111.92416700
2.60100000 111.98483400
2.60200000 112.04027800
2.60300000 112.09777500
2.60400000 112.15810300
2.60500000 112.21336900
2.60600000 112.26790900
2.60700000 112.33200900
2.60800000 112.38240350
2.60900000 112.44653365
2.61000000 112.49175750
2.61100000 112.55121660
2.61200000 112.60681600
2.61300000 112.66609900
2.61400000 112.72022100
2.61500000 112.77809900
2.61600000 112.83376700
2.61700000 112.88868900
2.61800000 112.94166500
2.61900000 113.00493200
2.62000000 113.06013400
2.62100000 113.11954500
2.62200000 113.17514000
2.62300000 113.22817300
2.62400000 113.28461100
2.62500000 113.33817300
2.62600000 113.38838200
2.62700000 113.44890600
2.62800000 113.50970500
2.62900000 113.56093600
2.63000000 113.61575700
2.63100000 113.67504500
2.63200000 113.72793000
2.63300000 113.78957900
2.63400000 113.84425800
2.63500000 113.90222700
2.63600000 113.96177230
2.63700000 114.01859600
2.63800000 114.07319140
2.63900000 114.13184300
2.64000000 114.19152710
2.64100000 114.24649240
2.64200000 114.30933500
2.64300000 114.36265000
2.64400000 114.42674800
2.64500000 114.48368400
2.64600000 114.53615300
2.64700000 114.59576200
2.64800000 114.65617300
2.64900000 114.71150200
2.65000000 114.77659100
2.65100000 114.83445600
2.65200000 114.89107600
2.65300000 114.94717400
2.65400000 115.00273500
2.65500000 115.07333900
2.65600000 115.12410700
2.65700000 115.18239200
2.65800000 115.24164100
2.65900000 115.30678200
2.66000000 115.35454800
2.66100000 115.42115500
2.66200000 115.47809000
2.66300000 115.53088900
2.66400000 115.59346600
2.66500000 115.65192000
2.66600000 115.71062000
2.66700000 115.76518000
2.66800000 115.81798000
2.66900000 115.87940000
2.67000000 115.93327000
2.67100000 115.98951000
2.67200000 116.04804000
2.67300000 116.10845000
2.67400000 116.16591000
2.67500000 116.21969000
2.67600000 116.27443000
2.67700000 116.32596900
2.67800000 116.38458700
2.67900000 116.44211100
2.68000000 116.49907900
2.68100000 116.54765600
2.68200000 116.60910500
2.68300000 116.66497400
2.68400000 116.72197500
2.68500000 116.76946200
2.68600000 116.82162900
2.68700000 116.88186900
2.68800000 116.93801800
2.68900000 116.98660600
2.69000000 117.04276500
2.69100000 117.10057700
2.69200000 117.13724100
2.69300000 117.20280900
2.69400000 117.25468400
2.69500000 117.31450100
2.69600000 117.36271500
2.69700000 117.41339000
2.69800000 117.46783600
2.69900000 117.52486900
2.70000000 117.58015610
2.70100000 117.63695040
2.70200000 117.68482124
2.70300000 117.73973400
2.70400000 117.79810720
2.70500000 117.85557100
2.70600000 117.90883600
2.70700000 117.96786000
2.70800000 118.01954200
2.70900000 118.08181700
2.71000000 118.13684600
2.71100000 118.20503600
2.71200000 118.25079300
2.71300000 118.31251600
2.71400000 118.36811800
2.71500000 118.42541900
2.71600000 118.48618000
2.71700000 118.54592900
2.71800000 118.60014700
2.71900000 118.65898500
2.72000000 118.71647200
2.72100000 118.77163700
2.72200000 118.83287800
2.72300000 118.88325200
2.72400000 118.94648300
2.72500000 118.99522400
2.72600000 119.05341900
2.72700000 119.10148200
2.72800000 119.15847300
2.72900000 119.20781600
2.73000000 119.26598410
2.73100000 119.30776540
2.73200000 119.36138450
2.73300000 119.41002110
2.73400000 119.45236970
2.73500000 119.51381080
2.73600000 119.55865300
2.73700000 119.60293000
2.73800000 119.64973200
2.73900000 119.69692900
2.74000000 119.74489600
2.74100000 119.79206100
2.74200000 119.84095800
2.74300000 119.89619000
2.74400000 119.93780000
2.74500000 119.98534100
2.74600000 120.03960900
2.74700000 120.08394100
2.74800000 120.13631500
2.74900000 120.18722400
2.75000000 120.23815900
2.75100000 120.29189800
2.75200000 120.33243900
2.75300000 120.38828800
2.75400000 120.44153900
2.75500000 120.49765900
2.75600000 120.54954600
2.75700000 120.60095000
2.75800000 120.65923100
2.75900000 120.71513000
2.76000000 120.76468000
2.76100000 120.82672000
2.76200000 120.87977000
2.76300000 120.93159000
2.76400000 120.98932000
2.76500000 121.04312000
2.76600000 121.09651000
2.76700000 121.15023000
2.76800000 121.20755000
2.76900000 121.25911900
2.77000000 121.31276400
2.77100000 121.36495400
2.77200000 121.42011900
2.77300000 121.47042600
2.77400000 121.52418600
2.77500000 121.58150800
2.77600000 121.63507600
2.77700000 121.68513700
2.77800000 121.73171100
2.77900000 121.78957400
2.78000000 121.83458200
2.78100000 121.89081600
2.78200000 121.93722200
2.78300000 121.99176400
2.78400000 122.03605900
2.78500000 122.09490800
2.78600000 122.13277400
2.78700000 122.18704400
2.78800000 122.23841300
2.78900000 122.28605700
2.79000000 122.33767600
2.79100000 122.38753200
2.79200000 122.43927710
2.79300000 122.48699370
2.79400000 122.52782700
2.79500000 122.57942890
2.79600000 122.63077780
2.79700000 122.67519890
2.79800000 122.72340700
2.79900000 122.77045200
2.80000000 122.81672600
2.80100000 122.86746400
2.80200000 122.91716000
2.80300000 122.96921900
2.80400000 123.01181100
2.80500000 123.05884100
2.80600000 123.10974100
2.80700000 123.15585700
2.80800000 123.20414300
2.80900000 123.25537200
2.81000000 123.31092500
2.81100000 123.35194000
2.81200000 123.40177900
2.81300000 123.45517400
2.81400000 123.49406400
2.81500000 123.55205600
2.81600000 123.60532000
2.81700000 123.65333200
2.81800000 123.70713800
2.81900000 123.75327900
2.82000000 123.81098200
2.82100000 123.87144100
2.82200000 123.91141700
2.82300000 123.97193300
2.82400000 124.02451600
2.82500000 124.07669410
2.82600000 124.13417350
2.82700000 124.19547545
2.82800000 124.24236920
2.82900000 124.29909960
2.83000000 124.35115000
2.83100000 124.40696500
2.83200000 124.46453900
2.83300000 124.51436400
2.83400000 124.57676600
2.83500000 124.62226300
2.83600000 124.68023700
2.83700000 124.73822700
2.83800000 124.78311900
2.83900000 124.84179400
2.84000000 124.89062800
2.84100000 124.94176500
2.84200000 124.99246600
2.84300000 125.03585100
2.84400000 125.09569200
2.84500000 125.12915000
2.84600000 125.18662200
2.84700000 125.23312000
2.84800000 125.27415200
2.84900000 125.31858400
2.85000000 125.36955100
2.85100000 125.40755100
2.85200000 125.45660100
2.85300000 125.50062000
2.85400000 125.54045000
2.85500000 125.57837000
2.85600000 125.61598000
2.85700000 125.66052000
2.85800000 125.69652000
2.85900000 125.73201000
2.86000000 125.77617000
2.86100000 125.81515000
2.86200000 125.85236800
2.86300000 125.88563500
2.86400000 125.92703600
2.86500000 125.96281700
2.86600000 126.00112400
2.86700000 126.03691100
2.86800000 126.07949500
2.86900000 126.11722100
2.87000000 126.15885700
2.87100000 126.20131400
2.87200000 126.23771400
2.87300000 126.27898800
2.87400000 126.32486700
2.87500000 126.36758400
2.87600000 126.41021200
2.87700000 126.44973700
2.87800000 126.50608800
2.87900000 126.54594900
2.88000000 126.59835100
2.88100000 126.65628300
2.88200000 126.69911200
2.88300000 126.74606300
2.88400000 126.80048000
2.88500000 126.85683680
2.88600000 126.91065920
2.88700000 126.96325200
2.88800000 127.01667570
2.88900000 127.06665820
2.89000000 127.12984400
2.89100000 127.17487000
2.89200000 127.23407600
2.89300000 127.28084500
2.89400000 127.34360700
2.89500000 127.38789500
2.89600000 127.44992400
2.89700000 127.50634300
2.89800000 127.55616400
2.89900000 127.60214200
2.90000000 127.65229000
2.90100000 127.70166700
2.90200000 127.74871100
2.90300000 127.79898900
2.90400000 127.84151800
2.90500000 127.88126000
2.90600000 127.92556800
2.90700000 127.96804100
2.90800000 128.00977400
2.90900000 128.04648600
2.91000000 128.08848200
2.91100000 128.12620600
2.91200000 128.16902900
2.91300000 128.20537000
2.91400000 128.24274000
2.91500000 128.27212400
2.91600000 128.31222200
2.91700000 128.35387300
2.91800000 128.38981000
2.91900000 128.42997050
2.92000000 128.46824470
2.92100000 128.50959329
2.92200000 128.55121770
2.92300000 128.58905870
2.92400000 128.62938800
2.92500000 128.67136800
2.92600000 128.71183900
2.92700000 128.76052200
2.92800000 128.79709900
2.92900000 128.84241300
2.93000000 128.88822000
2.93100000 128.93044700
2.93200000 128.96929400
2.93300000 129.01224200
2.93400000 129.06212600
2.93500000 129.10297200
2.93600000 129.15167900
2.93700000 129.18890500
2.93800000 129.23129900
2.93900000 129.27821300
2.94000000 129.31532800
2.94100000 129.35638700
2.94200000 129.39739800
2.94300000 129.44706400
2.94400000 129.48536900
2.94500000 129.52632500
2.94600000 129.56330700
2.94700000 129.60631000
2.94800000 129.64637000
2.94900000 129.67831000
2.95000000 129.72118000
2.95100000 129.75818000
2.95200000 129.79328000
2.95300000 129.83911000
2.95400000 129.86686000
2.95500000 129.90831800
2.95600000 129.94809300
2.95700000 129.98332100
2.95800000 130.01690300
2.95900000 130.05611300
2.96000000 130.09380200
2.96100000 130.12822300
2.96200000 130.17017400
2.96300000 130.20541800
2.96400000 130.24134500
2.96500000 130.27914800
2.96600000 130.31971200
2.96700000 130.35224100
2.96800000 130.39731600
2.96900000 130.43121700
2.97000000 130.47359000
2.97100000 130.50657600
2.97200000 130.54869700
2.97300000 130.59025800
2.97400000 130.62767000
2.97500000 130.66528300
2.97600000 130.70158900
2.97700000 130.73736300
2.97800000 130.78489500
2.97900000 130.82464830
2.98000000 130.86556450
2.98100000 130.90469720
2.98200000 130.94428190
2.98300000 130.99274230
2.98400000 131.02470100
2.98500000 131.06828600
2.98600000 131.10897700
2.98700000 131.15302000
2.98800000 131.19331900
2.98900000 131.24486500
2.99000000 131.28178000
2.99100000 131.32596200
2.99200000 131.37412200
2.99300000 131.40903900
2.99400000 131.46607600
2.99500000 131.51019300
2.99600000 131.55779300
2.99700000 131.59572600
2.99800000 131.64335700
2.99900000 131.69260000
3.00000000 131.73710300
3.00100000 131.78239900
3.00200000 131.83033800
3.00300000 131.87975700
3.00400000 131.92737200
3.00500000 131.96592300
3.00600000 132.01282100
3.00700000 132.06108900
3.00800000 132.10988800
3.00900000 132.15192500
3.01000000 132.19329200
3.01100000 132.22784800
3.01200000 132.26719400
3.01300000 132.31687320
3.01400000 132.35129100
3.01500000 132.39260041
3.01600000 132.42102510
3.01700000 132.46574210
3.01800000 132.49778100
3.01900000 132.53213000
3.02000000 132.56651600
3.02100000 132.59720400
3.02200000 132.63095700
3.02300000 132.66544900
3.02400000 132.69123500
3.02500000 132.73192600
3.02600000 132.75793900
3.02700000 132.78929900
3.02800000 132.81930700
3.02900000 132.85592500
3.03000000 132.88515800
3.03100000 132.92212900
3.03200000 132.95618900
3.03300000 132.98772800
3.03400000 133.01736800
3.03500000 133.04903700
3.03600000 133.09187000
3.03700000 133.13053100
3.03800000 133.16192300
3.03900000 133.20195000
3.04000000 133.24196700
3.04100000 133.28012600
3.04200000 133.31248000
3.04300000 133.35377000
3.04400000 133.38919000
3.04500000 133.42773000
3.04600000 133.46712000
3.04700000 133.51348000
3.04800000 133.54323400
3.04900000 133.58601900
3.05000000 133.62836200
3.05100000 133.67000800
3.05200000 133.70516300
3.05300000 133.74359700
3.05400000 133.77717500
3.05500000 133.81499400
3.05600000 133.85166700
3.05700000 133.88966000
3.05800000 133.92230900
3.05900000 133.96087400
3.06000000 133.99380000
3.06100000 134.02798000
3.06200000 134.05928800
3.06300000 134.08915600
3.06400000 134.12451400
3.06500000 134.15186700
3.06600000 134.18257100
3.06700000 134.21411600
3.06800000 134.24597000
3.06900000 134.26649600
3.07000000 134.30176800
3.07100000 134.33460580
3.07200000 134.36133500
3.07300000 134.38780103
3.07400000 134.42197820
3.07500000 134.44921090
3.07600000 134.48179400
3.07700000 134.51316500
3.07800000 134.54421100
3.07900000 134.58139400
3.08000000 134.60381600
3.08100000 134.64193100
3.08200000 134.67369400
3.08300000 134.71187200
3.08400000 134.74650600
3.08500000 134.78099800
3.08600000 134.81161500
3.08700000 134.85191300
3.08800000 134.89540900
3.08900000 134.92727700
3.09000000 134.96432500
3.09100000 135.00129700
3.09200000 135.03692600
3.09300000 135.07893700
3.09400000 135.11483000
3.09500000 135.15678400
3.09600000 135.18686700
3.09700000 135.22697400
3.09800000 135.26815800
3.09900000 135.30882000
3.10000000 135.34336400
3.10100000 135.37341500
3.10200000 135.41509900
3.10300000 135.45434200
3.10400000 135.48630300
3.10500000 135.52167000
3.10600000 135.55664690
3.10700000 135.59900190
3.10800000 135.62494830
3.10900000 135.65957050
3.11000000 135.68700700
3.11100000 135.72733700
3.11200000 135.75468600
3.11300000 135.79340000
3.11400000 135.82940200
3.11500000 135.85634000
3.11600000 135.88871200
3.11700000 135.92390700
3.11800000 135.95501700
3.11900000 135.98614000
3.12000000 136.01931500
3.12100000 136.05109300
3.12200000 136.07960600
3.12300000 136.10948000
3.12400000 136.14574900
3.12500000 136.18040600
3.12600000 136.21200200
3.12700000 136.24133100
3.12800000 136.27275500
3.12900000 136.30591900
3.13000000 136.33944600
3.13100000 136.38168200
3.13200000 136.39951500
3.13300000 136.43961000
3.13400000 136.47070700
3.13500000 136.50280000
3.13600000 136.53603000
3.13700000 136.57150000
3.13800000 136.59760000
3.13900000 136.63871000
3.14000000 136.67275000
3.14100000 136.70808400
3.14200000 136.73388700
3.14300000 136.76522100
3.14400000 136.80151900
3.14500000 136.83581900
3.14600000 136.87611800
3.14700000 136.90538400
3.14800000 136.94053700
3.14900000 136.97239400
3.15000000 137.00514700
3.15100000 137.03783500
3.15200000 137.07964500
3.15300000 137.11126000
3.15400000 137.13985400
3.15500000 137.17910100
3.15600000 137.21081900
3.15700000 137.24585000
3.15800000 137.27549000
3.15900000 137.30536300
3.16000000 137.34160000
3.16100000 137.37245400
3.16200000 137.39875300
3.16300000 137.43306600
3.16400000 137.46186850
3.16500000 137.49128360
3.16600000 137.52478149
3.16700000 137.55621570
3.16800000 137.58717010
3.16900000 137.61484800
3.17000000 137.64219300
3.17100000 137.67459500
3.17200000 137.70202200
3.17300000 137.73567900
3.17400000 137.76316100
3.17500000 137.79326200
3.17600000 137.82082300
3.17700000 137.85215800
3.17800000 137.87863100
3.17900000 137.90579600
3.18000000 137.93314400
3.18100000 137.96450400
3.18200000 137.99679500
3.18300000 138.01758600
3.18400000 138.04911900
3.18500000 138.08185600
3.18600000 138.10621700
3.18700000 138.13255300
3.18800000 138.16168600
3.18900000 138.19196300
3.19000000 138.21028200
3.19100000 138.24053600
3.19200000 138.27172500
3.19300000 138.30062200
3.19400000 138.32389400
3.19500000 138.35380600
3.19600000 138.38287100
3.19700000 138.40858800
3.19800000 138.43417500
3.19900000 138.46096580
3.20000000 138.48479270
