Frequency(GHz) phase_difference
1.20000000 68.93211100
1.20100000 69.02303200
1.20200000 69.11165300
1.20300000 69.19201300
1.20400000 69.28436000
1.20500000 69.37173700
1.20600000 69.45772300
1.20700000 69.54391500
1.20800000 69.63021600
1.20900000 69.71663600
1.21000000 69.80309700
1.21100000 69.88757200
1.21200000 69.97152900
1.21300000 70.05815500
1.21400000 70.14787500
1.21500000 70.23218800
1.21600000 70.30836100
1.21700000 70.39571800
1.21800000 70.48420700
1.21900000 70.56256000
1.22000000 70.65222500
1.22100000 70.73210900
1.22200000 70.81746000
1.22300000 70.90291800
1.22400000 70.98674000
1.22500000 71.06702100
1.22600000 71.14969900
1.22700000 71.22922800
1.22800000 71.31424200
1.22900000 71.39512300
1.23000000 71.48359600
1.23100000 71.56128200
1.23200000 71.64192500
1.23300000 71.72589900
1.23400000 71.80319500
1.23500000 71.88982000
1.23600000 71.96341700
1.23700000 72.04527100
1.23800000 72.12412700
1.23900000 72.20941500
1.24000000 72.28238900
1.24100000 72.36706600
1.24200000 72.44384700
1.24300000 72.52103900
1.24400000 72.60219100
1.24500000 72.68355800
1.24600000 72.75883200
1.24700000 72.84020600
1.24800000 72.91941400
1.24900000 72.99573400
1.25000000 73.07136900
1.25100000 73.14533000
1.25200000 73.23376300
1.25300000 73.30331700
1.25400000 73.37809700
1.25500000 73.45973100
1.25600000 73.53419300
1.25700000 73.61144200
1.25800000 73.67882900
1.25900000 73.75870400
1.26000000 73.83523300
1.26100000 73.91242900
1.26200000 73.98908400
1.26300000 74.06384400
1.26400000 74.13085500
1.26500000 74.20851500
1.26600000 74.28395900
1.26700000 74.35850700
1.26800000 74.42978300
1.26900000 74.50452700
1.27000000 74.57401400
1.27100000 74.64892200
1.27200000 74.72045700
1.27300000 74.79580400
1.27400000 74.86207500
1.27500000 74.93636100
1.27600000 75.01407900
1.27700000 75.07961500
1.27800000 75.15560400
1.27900000 75.22129700
1.28000000 75.29221400
1.28100000 75.36336500
1.28200000 75.43775900
1.28300000 75.49878900
1.28400000 75.57888500
1.28500000 75.64248400
1.28600000 75.71632500
1.28700000 75.77650600
1.28800000 75.85602200
1.28900000 75.92524500
1.29000000 75.98109000
1.29100000 76.06134200
1.29200000 76.12488100
1.29300000 76.18706700
1.29400000 76.25893100
1.29500000 76.32341000
1.29600000 76.39658000
1.29700000 76.46030100
1.29800000 76.52667800
1.29900000 76.58950900
1.30000000 76.65195200
1.30100000 76.72064000
1.30200000 76.78704100
1.30300000 76.85139000
1.30400000 76.91499600
1.30500000 76.98578200
1.30600000 77.04311200
1.30700000 77.11137000
1.30800000 77.17127000
1.30900000 77.23844100
1.31000000 77.29750200
1.31100000 77.36536700
1.31200000 77.42429000
1.31300000 77.49129100
1.31400000 77.55452800
1.31500000 77.61508400
1.31600000 77.67694400
1.31700000 77.74316100
1.31800000 77.80678100
1.31900000 77.85992100
1.32000000 77.92404600
1.32100000 77.98297800
1.32200000 78.03707600
1.32300000 78.10177700
1.32400000 78.16174600
1.32500000 78.22430100
1.32600000 78.28350300
1.32700000 78.34621000
1.32800000 78.40487300
1.32900000 78.45949000
1.33000000 78.51767700
1.33100000 78.58315800
1.33200000 78.63830800
1.33300000 78.69333300
1.33400000 78.75090500
1.33500000 78.81115000
1.33600000 78.86877600
1.33700000 78.91833700
1.33800000 78.97483200
1.33900000 79.03754900
1.34000000 79.09245700
1.34100000 79.14354300
1.34200000 79.20486600
1.34300000 79.25621600
1.34400000 79.31061600
1.34500000 79.36813100
1.34600000 79.42416200
1.34700000 79.47871300
1.34800000 79.52647300
1.34900000 79.57603900
1.35000000 79.64120400
1.35100000 79.69234300
1.35200000 79.74419800
1.35300000 79.79865400
1.35400000 79.85321100
1.35500000 79.90128600
1.35600000 79.96054700
1.35700000 80.01544000
1.35800000 80.05780700
1.35900000 80.10599600
1.36000000 80.16443800
1.36100000 80.20756300
1.36200000 80.26131300
1.36300000 80.31699400
1.36400000 80.36204300
1.36500000 80.41620600
1.36600000 80.46498100
1.36700000 80.51022700
1.36800000 80.56107800
1.36900000 80.60806200
1.37000000 80.65635200
1.37100000 80.69950500
1.37200000 80.75497300
1.37300000 80.80271700
1.37400000 80.84848100
1.37500000 80.89554900
1.37600000 80.94779400
1.37700000 80.99569000
1.37800000 81.04133000
1.37900000 81.09076500
1.38000000 81.12972000
1.38100000 81.17730800
1.38200000 81.22499200
1.38300000 81.27157700
1.38400000 81.31477900
1.38500000 81.35956000
1.38600000 81.40650400
1.38700000 81.44994400
1.38800000 81.49424100
1.38900000 81.53718200
1.39000000 81.58608300
1.39100000 81.62198600
1.39200000 81.66985600
1.39300000 81.71520200
1.39400000 81.75665700
1.39500000 81.79591000
1.39600000 81.83837700
1.39700000 81.87646600
1.39800000 81.92972600
1.39900000 81.96517200
1.40000000 82.01050500
1.40100000 82.04763000
1.40200000 82.09212600
1.40300000 82.13195900
1.40400000 82.17340200
1.40500000 82.21361100
1.40600000 82.25630000
1.40700000 82.30168800
1.40800000 82.33536300
1.40900000 82.37039100
1.41000000 82.40944800
1.41100000 82.45809100
1.41200000 82.49681900
1.41300000 82.53479200
1.41400000 82.57003500
1.41500000 82.60816500
1.41600000 82.64082800
1.41700000 82.68896600
1.41800000 82.71533900
1.41900000 82.76044600
1.42000000 82.79847900
1.42100000 82.83667300
1.42200000 82.87697100
1.42300000 82.90410100
1.42400000 82.94513400
1.42500000 82.97560200
1.42600000 83.00940100
1.42700000 83.05365200
1.42800000 83.09217100
1.42900000 83.12069500
1.43000000 83.15804200
1.43100000 83.19220400
1.43200000 83.22439300
1.43300000 83.26387100
1.43400000 83.29767500
1.43500000 83.33517800
1.43600000 83.36932780
1.43700000 83.40372780
1.43800000 83.42917800
1.43900000 83.46405400
1.44000000 83.50441910
1.44100000 83.53543750
1.44200000 83.57031420
1.44300000 83.60389150
1.44400000 83.62912230
1.44500000 83.66657400
1.44600000 83.69741170
1.44700000 83.73530930
1.44800000 83.75763360
1.44900000 83.79242600
1.45000000 83.82397700
1.45100000 83.85679760
1.45200000 83.89205220
1.45300000 83.92016390
1.45400000 83.94883420
1.45500000 83.98537150
1.45600000 84.00397150
1.45700000 84.03806600
1.45800000 84.07051270
1.45900000 84.09640130
1.46000000 84.12658500
1.46100000 84.15911160
1.46200000 84.18937300
1.46300000 84.21514380
1.46400000 84.24622840
1.46500000 84.27378160
1.46600000 84.30371310
1.46700000 84.33673240
1.46800000 84.36324710
1.46900000 84.38614997
1.47000000 84.42154484
1.47100000 84.44667087
1.47200000 84.46772828
1.47300000 84.49528745
1.47400000 84.52825534
1.47500000 84.55023493
1.47600000 84.57940380
1.47700000 84.60023730
1.47800000 84.63287440
1.47900000 84.65995230
1.48000000 84.68593850
1.48100000 84.70864160
1.48200000 84.73912830
1.48300000 84.76334440
1.48400000 84.79014790
1.48500000 84.81207460
1.48600000 84.84231610
1.48700000 84.86647730
1.48800000 84.88981730
1.48900000 84.91262190
1.49000000 84.94545050
1.49100000 84.96796330
1.49200000 84.98780060
1.49300000 85.00908340
1.49400000 85.03944170
1.49500000 85.06212280
1.49600000 85.08617360
1.49700000 85.10887390
1.49800000 85.13032660
1.49900000 85.15469220
1.50000000 85.18210930
1.50100000 85.20173680
1.50200000 85.22560950
1.50300000 85.24642020
1.50400000 85.27190070
1.50500000 85.29111550
1.50600000 85.31345400
1.50700000 85.33733750
1.50800000 85.36297980
1.50900000 85.37839500
1.51000000 85.40685500
1.51100000 85.42553100
1.51200000 85.44661500
1.51300000 85.46853500
1.51400000 85.48749400
1.51500000 85.51068100
1.51600000 85.53625100
1.51700000 85.54896500
1.51800000 85.57506400
1.51900000 85.59693000
1.52000000 85.61647700
1.52100000 85.63742900
1.52200000 85.65735600
1.52300000 85.67856800
1.52400000 85.69562800
1.52500000 85.71919700
1.52600000 85.74004200
1.52700000 85.75630800
1.52800000 85.77804400
1.52900000 85.79789200
1.53000000 85.81674000
1.53100000 85.83738500
1.53200000 85.85608500
1.53300000 85.87414600
1.53400000 85.89371500
1.53500000 85.91490800
1.53600000 85.93518400
1.53700000 85.94976300
1.53800000 85.97117000
1.53900000 85.99037200
1.54000000 86.00024700
1.54100000 86.02752500
1.54200000 86.04577600
1.54300000 86.06325300
1.54400000 86.08466500
1.54500000 86.09678200
1.54600000 86.11712400
1.54700000 86.13651100
1.54800000 86.15901500
1.54900000 86.17510600
1.55000000 86.18910000
1.55100000 86.20755700
1.55200000 86.22575400
1.55300000 86.24187300
1.55400000 86.26284000
1.55500000 86.28501700
1.55600000 86.29043200
1.55700000 86.31190800
1.55800000 86.33069800
1.55900000 86.34551800
1.56000000 86.36808400
1.56100000 86.38089000
1.56200000 86.40386400
1.56300000 86.41831600
1.56400000 86.43357900
1.56500000 86.45395300
1.56600000 86.46712300
1.56700000 86.48405700
1.56800000 86.49928800
1.56900000 86.51770400
1.57000000 86.52780200
1.57100000 86.54798500
1.57200000 86.56090100
1.57300000 86.58400000
1.57400000 86.59072900
1.57500000 86.61145800
1.57600000 86.62636600
1.57700000 86.64554000
1.57800000 86.66002300
1.57900000 86.67853000
1.58000000 86.69362900
1.58100000 86.70531100
1.58200000 86.72144000
1.58300000 86.74085100
1.58400000 86.75501700
1.58500000 86.77818000
1.58600000 86.79133600
1.58700000 86.80170200
1.58800000 86.81837700
1.58900000 86.83443800
1.59000000 86.84749600
1.59100000 86.86779000
1.59200000 86.87893300
1.59300000 86.89560300
1.59400000 86.91373500
1.59500000 86.92492600
1.59600000 86.94623900
1.59700000 86.95662700
1.59800000 86.97093600
1.59900000 86.98504700
1.60000000 87.00374600
1.60100000 87.01200100
1.60200000 87.03757100
1.60300000 87.05012900
1.60400000 87.06943500
1.60500000 87.07682000
1.60600000 87.09355100
1.60700000 87.10908900
1.60800000 87.12278000
1.60900000 87.13919400
1.61000000 87.15399600
1.61100000 87.16916700
1.61200000 87.18209400
1.61300000 87.19523200
1.61400000 87.21396700
1.61500000 87.22953000
1.61600000 87.23878800
1.61700000 87.25774400
1.61800000 87.27820200
1.61900000 87.28869600
1.62000000 87.30040000
1.62100000 87.31418200
1.62200000 87.33048300
1.62300000 87.34811400
1.62400000 87.35968000
1.62500000 87.37412700
1.62600000 87.39358100
1.62700000 87.40655100
1.62800000 87.42033000
1.62900000 87.43320800
1.63000000 87.44957000
1.63100000 87.46567500
1.63200000 87.48519500
1.63300000 87.49567000
1.63400000 87.51203900
1.63500000 87.52394900
1.63600000 87.53792200
1.63700000 87.55401300
1.63800000 87.57536700
1.63900000 87.58165300
1.64000000 87.60108900
1.64100000 87.61249500
1.64200000 87.63035900
1.64300000 87.64538900
1.64400000 87.65914900
1.64500000 87.67424000
1.64600000 87.69025400
1.64700000 87.69989800
1.64800000 87.72131300
1.64900000 87.73207900
1.65000000 87.74814600
1.65100000 87.77119800
1.65200000 87.78223800
1.65300000 87.80240300
1.65400000 87.81034400
1.65500000 87.82411900
1.65600000 87.84096500
1.65700000 87.86241900
1.65800000 87.87421800
1.65900000 87.89315100
1.66000000 87.90394600
1.66100000 87.91724400
1.66200000 87.93212100
1.66300000 87.95099700
1.66400000 87.96779600
1.66500000 87.98980300
1.66600000 87.99944600
1.66700000 88.01520600
1.66800000 88.02967800
1.66900000 88.05047300
1.67000000 88.05875000
1.67100000 88.08076900
1.67200000 88.09403600
1.67300000 88.11190800
1.67400000 88.12305500
1.67500000 88.14253600
1.67600000 88.16043500
1.67700000 88.17712400
1.67800000 88.19210600
1.67900000 88.20942500
1.68000000 88.22526700
1.68100000 88.24324000
1.68200000 88.25540700
1.68300000 88.27140500
1.68400000 88.29118300
1.68500000 88.30499100
1.68600000 88.32384700
1.68700000 88.33682500
1.68800000 88.35891500
1.68900000 88.37319400
1.69000000 88.39802000
1.69100000 88.40708900
1.69200000 88.42438900
1.69300000 88.43657600
1.69400000 88.46186800
1.69500000 88.48164900
1.69600000 88.49307700
1.69700000 88.51024800
1.69800000 88.53380000
1.69900000 88.54563100
1.70000000 88.56193600
1.70100000 88.58423600
1.70200000 88.60645500
1.70300000 88.61810900
1.70400000 88.63327200
1.70500000 88.65187400
1.70600000 88.67325800
1.70700000 88.68866500
1.70800000 88.70477200
1.70900000 88.72568900
1.71000000 88.74462900
1.71100000 88.76602400
1.71200000 88.78358500
1.71300000 88.80072400
1.71400000 88.81932100
1.71500000 88.83657400
1.71600000 88.85537900
1.71700000 88.87403800
1.71800000 88.89117000
1.71900000 88.91043600
1.72000000 88.92933300
1.72100000 88.95103300
1.72200000 88.97138200
1.72300000 88.98856400
1.72400000 89.00661500
1.72500000 89.02781800
1.72600000 89.04410700
1.72700000 89.06471200
1.72800000 89.07790500
1.72900000 89.10181700
1.73000000 89.12276100
1.73100000 89.14564400
1.73200000 89.16935700
1.73300000 89.18688400
1.73400000 89.20602300
1.73500000 89.23001500
1.73600000 89.24364100
1.73700000 89.26538300
1.73800000 89.28703900
1.73900000 89.30762300
1.74000000 89.32495900
1.74100000 89.35013700
1.74200000 89.36882400
1.74300000 89.38829800
1.74400000 89.41872000
1.74500000 89.42909800
1.74600000 89.45680100
1.74700000 89.47101700
1.74800000 89.49731000
1.74900000 89.51491600
1.75000000 89.54045400
1.75100000 89.56344700
1.75200000 89.58417400
1.75300000 89.59914600
1.75400000 89.62628300
1.75500000 89.64934200
1.75600000 89.66963800
1.75700000 89.69285900
1.75800000 89.71192100
1.75900000 89.73952000
1.76000000 89.75909100
1.76100000 89.78321800
1.76200000 89.80526500
1.76300000 89.83316800
1.76400000 89.85628500
1.76500000 89.88151060
1.76600000 89.89960830
1.76700000 89.92204400
1.76800000 89.94375000
1.76900000 89.97293250
1.77000000 89.99306980
1.77100000 90.01937800
1.77200000 90.04092220
1.77300000 90.06518070
1.77400000 90.08288540
1.77500000 90.11406700
1.77600000 90.14129520
1.77700000 90.15867860
1.77800000 90.18537860
1.77900000 90.21215740
1.78000000 90.23666890
1.78100000 90.25867050
1.78200000 90.28641710
1.78300000 90.31335800
1.78400000 90.33363630
1.78500000 90.36359480
1.78600000 90.38448780
1.78700000 90.41733640
1.78800000 90.43838970
1.78900000 90.46311140
1.79000000 90.49127090
1.79100000 90.51825680
1.79200000 90.53920090
1.79300000 90.56816170
1.79400000 90.59412640
1.79500000 90.61879050
1.79600000 90.64768610
1.79700000 90.67340670
1.79800000 90.69864000
1.79900000 90.72761600
1.80000000 90.74840110
1.80100000 90.77886652
1.80200000 90.80751052
1.80300000 90.83465370
1.80400000 90.85718099
1.80500000 90.88656096
1.80600000 90.91884397
1.80700000 90.94040199
1.80800000 90.97396044
1.80900000 90.99610140
1.81000000 91.02874790
1.81100000 91.05603980
1.81200000 91.08363530
1.81300000 91.10917990
1.81400000 91.13666110
1.81500000 91.16565590
1.81600000 91.19814170
1.81700000 91.22810640
1.81800000 91.25353630
1.81900000 91.28311970
1.82000000 91.31220810
1.82100000 91.33857530
1.82200000 91.37218930
1.82300000 91.39943790
1.82400000 91.42761330
1.82500000 91.46556190
1.82600000 91.48863430
1.82700000 91.51941220
1.82800000 91.55209070
1.82900000 91.57767540
1.83000000 91.60801160
1.83100000 91.63539600
1.83200000 91.66952430
1.83300000 91.69674420
1.83400000 91.72625550
1.83500000 91.76124420
1.83600000 91.79258070
1.83700000 91.82067860
1.83800000 91.85260890
1.83900000 91.87739410
1.84000000 91.91453350
1.84100000 91.94671990
1.84200000 91.97584530
1.84300000 92.00956650
1.84400000 92.03867500
1.84500000 92.07572490
1.84600000 92.10462450
1.84700000 92.13340900
1.84800000 92.17302800
1.84900000 92.20305100
1.85000000 92.23719400
1.85100000 92.26880300
1.85200000 92.29954700
1.85300000 92.33542700
1.85400000 92.36151100
1.85500000 92.40400400
1.85600000 92.43094200
1.85700000 92.46615400
1.85800000 92.50351700
1.85900000 92.53040100
1.86000000 92.56842700
1.86100000 92.60388000
1.86200000 92.63227200
1.86300000 92.66952600
1.86400000 92.70302700
1.86500000 92.74115600
1.86600000 92.77690600
1.86700000 92.80669200
1.86800000 92.84250500
1.86900000 92.87532000
1.87000000 92.91228800
1.87100000 92.94495900
1.87200000 92.98478200
1.87300000 93.01762800
1.87400000 93.05416200
1.87500000 93.08896200
1.87600000 93.11885800
1.87700000 93.15984700
1.87800000 93.19470000
1.87900000 93.23267400
1.88000000 93.26553600
1.88100000 93.30560800
1.88200000 93.34124800
1.88300000 93.37401700
1.88400000 93.41427400
1.88500000 93.44423900
1.88600000 93.48435400
1.88700000 93.52178400
1.88800000 93.55765300
1.88900000 93.59056900
1.89000000 93.63100000
1.89100000 93.66594400
1.89200000 93.70219300
1.89300000 93.73916400
1.89400000 93.78279700
1.89500000 93.82175300
1.89600000 93.85429600
1.89700000 93.89928700
1.89800000 93.92879900
1.89900000 93.96972100
1.90000000 94.01224200
1.90100000 94.04849700
1.90200000 94.08041200
1.90300000 94.12732300
1.90400000 94.16509900
1.90500000 94.19973100
1.90600000 94.22877300
1.90700000 94.27568000
1.90800000 94.31837500
1.90900000 94.35432600
1.91000000 94.39162900
1.91100000 94.44180300
1.91200000 94.47738500
1.91300000 94.50982100
1.91400000 94.55021600
1.91500000 94.58814200
1.91600000 94.62916300
1.91700000 94.67130700
1.91800000 94.71280500
1.91900000 94.75212600
1.92000000 94.79514600
1.92100000 94.83385100
1.92200000 94.87612600
1.92300000 94.91271900
1.92400000 94.95472000
1.92500000 94.99735600
1.92600000 95.03582700
1.92700000 95.07665300
1.92800000 95.12087200
1.92900000 95.16012200
1.93000000 95.19910800
1.93100000 95.24349200
1.93200000 95.28164700
1.93300000 95.32608700
1.93400000 95.36819400
1.93500000 95.41258200
1.93600000 95.45196000
1.93700000 95.49231600
1.93800000 95.53563700
1.93900000 95.57709900
1.94000000 95.61809500
1.94100000 95.66221400
1.94200000 95.70501100
1.94300000 95.74683400
1.94400000 95.79158600
1.94500000 95.83554300
1.94600000 95.87674800
1.94700000 95.91848400
1.94800000 95.96301600
1.94900000 96.00143800
1.95000000 96.04732500
1.95100000 96.08694900
1.95200000 96.13085300
1.95300000 96.17924200
1.95400000 96.22479000
1.95500000 96.26718600
1.95600000 96.30388500
1.95700000 96.35305800
1.95800000 96.39801700
1.95900000 96.43949700
1.96000000 96.47953800
1.96100000 96.52905600
1.96200000 96.57263500
1.96300000 96.61655700
1.96400000 96.65762000
1.96500000 96.70447300
1.96600000 96.75180700
1.96700000 96.79019300
1.96800000 96.83189600
1.96900000 96.88379300
1.97000000 96.92764000
1.97100000 96.96871500
1.97200000 97.01924200
1.97300000 97.06850100
1.97400000 97.10656000
1.97500000 97.15292600
1.97600000 97.20489300
1.97700000 97.24379200
1.97800000 97.29175200
1.97900000 97.34037900
1.98000000 97.38542100
1.98100000 97.42838300
1.98200000 97.47691400
1.98300000 97.51869600
1.98400000 97.56940500
1.98500000 97.61650100
1.98600000 97.65913800
1.98700000 97.70564000
1.98800000 97.75436600
1.98900000 97.79843600
1.99000000 97.84727100
1.99100000 97.89243100
1.99200000 97.94582200
1.99300000 97.98342600
1.99400000 98.03370800
1.99500000 98.07741500
1.99600000 98.12583100
1.99700000 98.17275200
1.99800000 98.22664500
1.99900000 98.26886600
2.00000000 98.31451000
2.00100000 98.36149400
2.00200000 98.40723500
2.00300000 98.45580000
2.00400000 98.50696700
2.00500000 98.55369900
2.00600000 98.59507800
2.00700000 98.64682900
2.00800000 98.69843100
2.00900000 98.74343600
2.01000000 98.79055500
2.01100000 98.83968300
2.01200000 98.89041100
2.01300000 98.93909200
2.01400000 98.98360000
2.01500000 99.03663400
2.01600000 99.08425900
2.01700000 99.13209200
2.01800000 99.17652900
2.01900000 99.22696800
2.02000000 99.27735000
2.02100000 99.32752200
2.02200000 99.37953300
2.02300000 99.42976000
2.02400000 99.47129700
2.02500000 99.52519600
2.02600000 99.57125200
2.02700000 99.62161500
2.02800000 99.67054600
2.02900000 99.71930900
2.03000000 99.77310400
2.03100000 99.81949900
2.03200000 99.86241200
2.03300000 99.91920900
2.03400000 99.96445400
2.03500000 100.01815600
2.03600000 100.06644800
2.03700000 100.11780500
2.03800000 100.16797200
2.03900000 100.21839800
2.04000000 100.26994000
2.04100000 100.31932700
2.04200000 100.37101100
2.04300000 100.41611700
2.04400000 100.46597500
2.04500000 100.51686700
2.04600000 100.57385700
2.04700000 100.62031900
2.04800000 100.67230600
2.04900000 100.72319100
2.05000000 100.77890300
2.05100000 100.82380800
2.05200000 100.86907500
2.05300000 100.92700700
2.05400000 100.97792500
2.05500000 101.02575100
2.05600000 101.06971500
2.05700000 101.12526700
2.05800000 101.17905700
2.05900000 101.22663600
2.06000000 101.28127900
2.06100000 101.32570700
2.06200000 101.38305700
2.06300000 101.43190100
2.06400000 101.48324500
2.06500000 101.53620500
2.06600000 101.59045300
2.06700000 101.63865900
2.06800000 101.69200500
2.06900000 101.74696500
2.07000000 101.79502800
2.07100000 101.84831400
2.07200000 101.90223100
2.07300000 101.94843700
2.07400000 102.00382200
2.07500000 102.05284500
2.07600000 102.10230100
2.07700000 102.15349700
2.07800000 102.21117400
2.07900000 102.26482200
2.08000000 102.31752800
2.08100000 102.36702300
2.08200000 102.41949600
2.08300000 102.47087400
2.08400000 102.51704000
2.08500000 102.57365900
2.08600000 102.62447800
2.08700000 102.67597700
2.08800000 102.73287700
2.08900000 102.78285700
2.09000000 102.83228200
2.09100000 102.88196800
2.09200000 102.93798900
2.09300000 102.98725600
2.09400000 103.04511000
2.09500000 103.09271800
2.09600000 103.15088200
2.09700000 103.20159600
2.09800000 103.25820800
2.09900000 103.31032700
2.10000000 103.35978400
2.10100000 103.41735500
2.10200000 103.46977500
2.10300000 103.51488900
2.10400000 103.57221000
2.10500000 103.62255000
2.10600000 103.68198800
2.10700000 103.72788900
2.10800000 103.78261300
2.10900000 103.83993500
2.11000000 103.88732600
2.11100000 103.94476300
2.11200000 103.99963100
2.11300000 104.04611400
2.11400000 104.09738100
2.11500000 104.15917600
2.11600000 104.20431500
2.11700000 104.25770900
2.11800000 104.31431500
2.11900000 104.36738100
2.12000000 104.42447600
2.12100000 104.47934200
2.12200000 104.53208700
2.12300000 104.57725800
2.12400000 104.64017700
2.12500000 104.68387500
2.12600000 104.74181200
2.12700000 104.79326700
2.12800000 104.85521200
2.12900000 104.90180800
2.13000000 104.95576300
2.13100000 105.00810700
2.13200000 105.06430500
2.13300000 105.11781400
2.13400000 105.16531000
2.13500000 105.22670300
2.13600000 105.27824000
2.13700000 105.32570700
2.13800000 105.38602800
2.13900000 105.44218800
2.14000000 105.49276300
2.14100000 105.54962600
2.14200000 105.59701500
2.14300000 105.65748100
2.14400000 105.70592400
2.14500000 105.76079600
2.14600000 105.81143500
2.14700000 105.86581000
2.14800000 105.92466300
2.14900000 105.97210200
2.15000000 106.02411100
2.15100000 106.08492700
2.15200000 106.13498200
2.15300000 106.19499500
2.15400000 106.24097300
2.15500000 106.29468100
2.15600000 106.34742200
2.15700000 106.41034400
2.15800000 106.45526600
2.15900000 106.51278300
2.16000000 106.56897900
2.16100000 106.61999900
2.16200000 106.67385500
2.16300000 106.72699500
2.16400000 106.78105800
2.16500000 106.83678900
2.16600000 106.89236800
2.16700000 106.94392100
2.16800000 106.99451600
2.16900000 107.04837300
2.17000000 107.10337000
2.17100000 107.15805000
2.17200000 107.21889200
2.17300000 107.26587700
2.17400000 107.32568100
2.17500000 107.38126500
2.17600000 107.43241900
2.17700000 107.48428600
2.17800000 107.54554500
2.17900000 107.59014200
2.18000000 107.64657700
2.18100000 107.70349100
2.18200000 107.75388600
2.18300000 107.80944900
2.18400000 107.86461500
2.18500000 107.91420800
2.18600000 107.97259000
2.18700000 108.01964900
2.18800000 108.07692300
2.18900000 108.12941300
2.19000000 108.19088300
2.19100000 108.23920600
2.19200000 108.29895800
2.19300000 108.35482100
2.19400000 108.40988600
2.19500000 108.45757800
2.19600000 108.51202800
2.19700000 108.56556000
2.19800000 108.62103200
2.19900000 108.67783000
2.20000000 108.72717200
2.20100000 108.78143300
2.20200000 108.83906500
2.20300000 108.88492400
2.20400000 108.94879000
2.20500000 108.99672700
2.20600000 109.05888600
2.20700000 109.10869900
2.20800000 109.15986200
2.20900000 109.21437500
2.21000000 109.26930700
2.21100000 109.32626500
2.21200000 109.37961000
2.21300000 109.43216400
2.21400000 109.48807400
2.21500000 109.54230400
2.21600000 109.59470700
2.21700000 109.64067900
2.21800000 109.69658700
2.21900000 109.74988700
2.22000000 109.81188500
2.22100000 109.86111500
2.22200000 109.91273800
2.22300000 109.97005300
2.22400000 110.02002300
2.22500000 110.07862200
2.22600000 110.13042500
2.22700000 110.18732900
2.22800000 110.23280900
2.22900000 110.29179800
2.23000000 110.34755700
2.23100000 110.39851100
2.23200000 110.45862200
2.23300000 110.50004900
2.23400000 110.56231600
2.23500000 110.61432800
2.23600000 110.66875200
2.23700000 110.72573600
2.23800000 110.77152500
2.23900000 110.82374100
2.24000000 110.88631700
2.24100000 110.93863600
2.24200000 110.98910900
2.24300000 111.04607100
2.24400000 111.09457800
2.24500000 111.15264600
2.24600000 111.20501300
2.24700000 111.25810300
2.24800000 111.31929700
2.24900000 111.37131900
2.25000000 111.41917000
2.25100000 111.46815100
2.25200000 111.52429200
2.25300000 111.57549500
2.25400000 111.62910700
2.25500000 111.68709800
2.25600000 111.73860300
2.25700000 111.79246400
2.25800000 111.84583700
2.25900000 111.89786000
2.26000000 111.94888000
2.26100000 112.00355000
2.26200000 112.06029000
2.26300000 112.11097000
2.26400000 112.16446000
2.26500000 112.21430000
2.26600000 112.27252000
2.26700000 112.32638000
2.26800000 112.37852000
2.26900000 112.43060000
2.27000000 112.48014000
2.27100000 112.53720000
2.27200000 112.59117000
2.27300000 112.64174000
2.27400000 112.69765000
2.27500000 112.74502000
2.27600000 112.80031000
2.27700000 112.85723000
2.27800000 112.90225000
2.27900000 112.95438000
2.28000000 113.01840000
2.28100000 113.06796000
2.28200000 113.12204000
2.28300000 113.17509000
2.28400000 113.22389000
2.28500000 113.26641000
2.28600000 113.32716000
2.28700000 113.38336000
2.28800000 113.43100000
2.28900000 113.48668000
2.29000000 113.53635000
2.29100000 113.58747000
2.29200000 113.64415000
2.29300000 113.70018000
2.29400000 113.75155000
2.29500000 113.80117000
2.29600000 113.85082000
2.29700000 113.90207000
2.29800000 113.95839000
2.29900000 114.01010000
2.30000000 114.06315000
2.30100000 114.11184000
2.30200000 114.16717000
2.30300000 114.21480000
2.30400000 114.27266000
2.30500000 114.31988000
2.30600000 114.37851000
2.30700000 114.42439000
2.30800000 114.47407000
2.30900000 114.53189000
2.31000000 114.57975000
2.31100000 114.63156000
2.31200000 114.69199000
2.31300000 114.73736000
2.31400000 114.79185000
2.31500000 114.83962000
2.31600000 114.89332000
2.31700000 114.93950000
2.31800000 114.99315000
2.31900000 115.04288000
2.32000000 115.08991000
2.32100000 115.14723000
2.32200000 115.20373000
2.32300000 115.25311000
2.32400000 115.30429000
2.32500000 115.35475000
2.32600000 115.40287000
2.32700000 115.45327000
2.32800000 115.50539000
2.32900000 115.56199000
2.33000000 115.61351000
2.33100000 115.65969000
2.33200000 115.71261000
2.33300000 115.76402000
2.33400000 115.81732000
2.33500000 115.86541000
2.33600000 115.91522000
2.33700000 115.96489000
2.33800000 116.01199000
2.33900000 116.06777000
2.34000000 116.12199000
2.34100000 116.17144000
2.34200000 116.22041000
2.34300000 116.27218000
2.34400000 116.32128000
2.34500000 116.37174000
2.34600000 116.41910000
2.34700000 116.47796000
2.34800000 116.51368000
2.34900000 116.57643000
2.35000000 116.62339000
2.35100000 116.67233000
2.35200000 116.71951000
2.35300000 116.77055000
2.35400000 116.82980000
2.35500000 116.87898000
2.35600000 116.92672000
2.35700000 116.97450000
2.35800000 117.02810000
2.35900000 117.07594000
2.36000000 117.12678000
2.36100000 117.18113000
2.36200000 117.22580000
2.36300000 117.27959000
2.36400000 117.33339000
2.36500000 117.37607000
2.36600000 117.42601000
2.36700000 117.47276000
2.36800000 117.53244000
2.36900000 117.57334000
2.37000000 117.62643000
2.37100000 117.67583000
2.37200000 117.71606000
2.37300000 117.76150000
2.37400000 117.82429000
2.37500000 117.87150000
2.37600000 117.92097000
2.37700000 117.97125000
2.37800000 118.01793000
2.37900000 118.06824000
2.38000000 118.11708000
2.38100000 118.16354000
2.38200000 118.21848000
2.38300000 118.26121000
2.38400000 118.31718000
2.38500000 118.36359000
2.38600000 118.41361000
2.38700000 118.46022000
2.38800000 118.50569000
2.38900000 118.55706000
2.39000000 118.60727000
2.39100000 118.65685000
2.39200000 118.70816000
2.39300000 118.75930000
2.39400000 118.80528000
2.39500000 118.85561000
2.39600000 118.89713000
2.39700000 118.94858000
2.39800000 118.99441000
2.39900000 119.04087000
2.40000000 119.09644000
2.40100000 119.14471000
2.40200000 119.19441000
2.40300000 119.24071000
2.40400000 119.28421000
2.40500000 119.33108000
2.40600000 119.37747000
2.40700000 119.42733000
2.40800000 119.48355000
2.40900000 119.52600000
2.41000000 119.57525000
2.41100000 119.62235000
2.41200000 119.66893000
2.41300000 119.71813000
2.41400000 119.76785000
2.41500000 119.81175000
2.41600000 119.86045000
2.41700000 119.91138000
2.41800000 119.95915000
2.41900000 119.99955000
2.42000000 120.05739000
2.42100000 120.09687000
2.42200000 120.14745000
2.42300000 120.18898000
2.42400000 120.23992000
2.42500000 120.28279000
2.42600000 120.33395000
2.42700000 120.38083000
2.42800000 120.42989000
2.42900000 120.47740000
2.43000000 120.52327000
2.43100000 120.57110000
2.43200000 120.62280000
2.43300000 120.66107000
2.43400000 120.71191000
2.43500000 120.75214000
2.43600000 120.80548000
2.43700000 120.85245000
2.43800000 120.89368000
2.43900000 120.94415000
2.44000000 120.99248000
2.44100000 121.03527000
2.44200000 121.08077000
2.44300000 121.13045000
2.44400000 121.17247000
2.44500000 121.22119000
2.44600000 121.26837000
2.44700000 121.31097000
2.44800000 121.36122000
2.44900000 121.41007400
2.45000000 121.45257000
2.45100000 121.49625300
2.45200000 121.54651500
2.45300000 121.58783600
2.45400000 121.64026900
2.45500000 121.67823000
2.45600000 121.73228900
2.45700000 121.76983800
2.45800000 121.81593600
2.45900000 121.87282600
2.46000000 121.91059800
2.46100000 121.95582900
2.46200000 122.00234100
2.46300000 122.04225400
2.46400000 122.09124100
2.46500000 122.13967500
2.46600000 122.18333000
2.46700000 122.23514300
2.46800000 122.27109800
2.46900000 122.32081800
2.47000000 122.36432300
2.47100000 122.40774700
2.47200000 122.45960200
2.47300000 122.50345300
2.47400000 122.54409400
2.47500000 122.58792500
2.47600000 122.62669900
2.47700000 122.67999600
2.47800000 122.72936000
2.47900000 122.76438600
2.48000000 122.80584400
2.48100000 122.85633100
2.48200000 122.90129400
2.48300000 122.94458300
2.48400000 122.98776600
2.48500000 123.02333900
2.48600000 123.08397700
2.48700000 123.12526300
2.48800000 123.16237400
2.48900000 123.21211900
2.49000000 123.24999100
2.49100000 123.29703000
2.49200000 123.34145000
2.49300000 123.38551900
2.49400000 123.43217800
2.49500000 123.47087600
2.49600000 123.51952700
2.49700000 123.56328600
2.49800000 123.60196400
2.49900000 123.64580500
2.50000000 123.68710700
2.50100000 123.74051300
2.50200000 123.77987700
2.50300000 123.82334100
2.50400000 123.86786600
2.50500000 123.90448500
2.50600000 123.94866500
2.50700000 124.00304400
2.50800000 124.04202700
2.50900000 124.08346900
2.51000000 124.12879300
2.51100000 124.16870200
2.51200000 124.21400000
2.51300000 124.25747700
2.51400000 124.29763000
2.51500000 124.34883000
2.51600000 124.38341300
2.51700000 124.42532000
2.51800000 124.47506800
2.51900000 124.51669300
2.52000000 124.55150000
2.52100000 124.60001800
2.52200000 124.64115500
2.52300000 124.68161700
2.52400000 124.72061300
2.52500000 124.76953300
2.52600000 124.81056800
2.52700000 124.85271000
2.52800000 124.89320100
2.52900000 124.93602800
2.53000000 124.98212100
2.53100000 125.02458400
2.53200000 125.06414900
2.53300000 125.10309200
2.53400000 125.14834100
2.53500000 125.18806700
2.53600000 125.22808500
2.53700000 125.27758400
2.53800000 125.31222200
2.53900000 125.36032400
2.54000000 125.39267100
2.54100000 125.43744800
2.54200000 125.47678000
2.54300000 125.51912500
2.54400000 125.56656400
2.54500000 125.60241800
2.54600000 125.65058700
2.54700000 125.68979500
2.54800000 125.73127700
2.54900000 125.77418300
2.55000000 125.80951300
2.55100000 125.85181400
2.55200000 125.89452700
2.55300000 125.93064400
2.55400000 125.98202100
2.55500000 126.01512100
2.55600000 126.05585800
2.55700000 126.09126900
2.55800000 126.13953900
2.55900000 126.17929200
2.56000000 126.22143900
2.56100000 126.26140100
2.56200000 126.29581200
2.56300000 126.33420500
2.56400000 126.38315500
2.56500000 126.42043100
2.56600000 126.46375700
2.56700000 126.49718000
2.56800000 126.54181900
2.56900000 126.58227200
2.57000000 126.61861700
2.57100000 126.66293200
2.57200000 126.70580700
2.57300000 126.74380900
2.57400000 126.78515200
2.57500000 126.81633400
2.57600000 126.86280500
2.57700000 126.89453600
2.57800000 126.93658700
2.57900000 126.98182300
2.58000000 127.02140500
2.58100000 127.06382800
2.58200000 127.10157400
2.58300000 127.14420700
2.58400000 127.18321500
2.58500000 127.21729100
2.58600000 127.26182300
2.58700000 127.29847800
2.58800000 127.34269900
2.58900000 127.37568400
2.59000000 127.41421600
2.59100000 127.45913400
2.59200000 127.49334100
2.59300000 127.53406500
2.59400000 127.57312000
2.59500000 127.60852700
2.59600000 127.65317700
2.59700000 127.69390500
2.59800000 127.73306900
2.59900000 127.76252400
2.60000000 127.80513800
2.60100000 127.84479100
2.60200000 127.87918500
2.60300000 127.92694300
2.60400000 127.95913300
2.60500000 127.99688100
2.60600000 128.03957500
2.60700000 128.07804600
2.60800000 128.11778800
2.60900000 128.15259400
2.61000000 128.19804400
2.61100000 128.23202800
2.61200000 128.27103100
2.61300000 128.31427200
2.61400000 128.34118300
2.61500000 128.38405700
2.61600000 128.42330100
2.61700000 128.45859900
2.61800000 128.49528800
2.61900000 128.54009900
2.62000000 128.57358400
2.62100000 128.61271800
2.62200000 128.65174100
2.62300000 128.68853400
2.62400000 128.72430100
2.62500000 128.76675000
2.62600000 128.80080200
2.62700000 128.83771700
2.62800000 128.87575300
2.62900000 128.90955300
2.63000000 128.94844400
2.63100000 128.99037200
2.63200000 129.02654300
2.63300000 129.06684800
2.63400000 129.09842400
2.63500000 129.13889300
2.63600000 129.17632500
2.63700000 129.21531200
2.63800000 129.24554900
2.63900000 129.28735100
2.64000000 129.32418300
2.64100000 129.36357900
2.64200000 129.39368500
2.64300000 129.43214000
2.64400000 129.47365100
2.64500000 129.51431600
2.64600000 129.53897800
2.64700000 129.57451300
2.64800000 129.61622200
2.64900000 129.65484100
2.65000000 129.69278000
2.65100000 129.73121400
2.65200000 129.76321300
2.65300000 129.80426400
2.65400000 129.84332800
2.65500000 129.87365200
2.65600000 129.91332700
2.65700000 129.94472500
2.65800000 129.98516000
2.65900000 130.01894400
2.66000000 130.05287000
2.66100000 130.09288700
2.66200000 130.12815300
2.66300000 130.16422700
2.66400000 130.19949700
2.66500000 130.24321600
2.66600000 130.27218500
2.66700000 130.30954200
2.66800000 130.34391500
2.66900000 130.38185900
2.67000000 130.41919800
2.67100000 130.45217000
2.67200000 130.48981900
2.67300000 130.52563800
2.67400000 130.56076700
2.67500000 130.59895700
2.67600000 130.62912900
2.67700000 130.67426100
2.67800000 130.70085500
2.67900000 130.74006600
2.68000000 130.77630600
2.68100000 130.80486800
2.68200000 130.83935900
2.68300000 130.88416000
2.68400000 130.92319300
2.68500000 130.95409200
2.68600000 130.99009000
2.68700000 131.02842200
2.68800000 131.05819900
2.68900000 131.09935200
2.69000000 131.12775100
2.69100000 131.16507800
2.69200000 131.20082400
2.69300000 131.23072700
2.69400000 131.27375800
2.69500000 131.30265400
2.69600000 131.33963900
2.69700000 131.37236300
2.69800000 131.40838600
2.69900000 131.44040000
2.70000000 131.47897100
2.70100000 131.51345500
2.70200000 131.55069700
2.70300000 131.57952500
2.70400000 131.61564600
2.70500000 131.65501100
2.70600000 131.68079000
2.70700000 131.71677100
2.70800000 131.74870200
2.70900000 131.78911600
2.71000000 131.81962500
2.71100000 131.85778000
2.71200000 131.89142800
2.71300000 131.92558800
2.71400000 131.96014600
2.71500000 131.99206200
2.71600000 132.02701700
2.71700000 132.05876100
2.71800000 132.09780400
2.71900000 132.12844500
2.72000000 132.16418900
2.72100000 132.19789200
2.72200000 132.23069700
2.72300000 132.26717600
2.72400000 132.29575200
2.72500000 132.32874600
2.72600000 132.35879500
2.72700000 132.39644100
2.72800000 132.44039000
2.72900000 132.46833900
2.73000000 132.50010400
2.73100000 132.53338800
2.73200000 132.56482300
2.73300000 132.59953000
2.73400000 132.63039500
2.73500000 132.66893700
2.73600000 132.70118800
2.73700000 132.72939200
2.73800000 132.76892800
2.73900000 132.80117000
2.74000000 132.83480300
2.74100000 132.86595800
2.74200000 132.89930000
2.74300000 132.93528200
2.74400000 132.95816400
2.74500000 132.99548300
2.74600000 133.02864300
2.74700000 133.05792700
2.74800000 133.09569100
2.74900000 133.12942100
2.75000000 133.16559300
2.75100000 133.19606200
2.75200000 133.22954700
2.75300000 133.25882800
2.75400000 133.29785600
2.75500000 133.32113000
2.75600000 133.35741100
2.75700000 133.39028700
2.75800000 133.41722100
2.75900000 133.45725200
2.76000000 133.48913600
2.76100000 133.52142600
2.76200000 133.55533100
2.76300000 133.58262300
2.76400000 133.61584800
2.76500000 133.65232200
2.76600000 133.68453100
2.76700000 133.71343000
2.76800000 133.74756500
2.76900000 133.77945600
2.77000000 133.80533500
2.77100000 133.84327000
2.77200000 133.87352400
2.77300000 133.90686300
2.77400000 133.93364900
2.77500000 133.97046700
2.77600000 134.00359300
2.77700000 134.03102600
2.77800000 134.06435600
2.77900000 134.09370800
2.78000000 134.12855400
2.78100000 134.16206300
2.78200000 134.19156100
2.78300000 134.22064400
2.78400000 134.25937900
2.78500000 134.28407600
2.78600000 134.31915100
2.78700000 134.35203700
2.78800000 134.38253600
2.78900000 134.41203000
2.79000000 134.44270700
2.79100000 134.47037300
2.79200000 134.50658900
2.79300000 134.53611800
2.79400000 134.57099600
2.79500000 134.59887500
2.79600000 134.63197300
2.79700000 134.65856300
2.79800000 134.68707600
2.79900000 134.71606600
2.80000000 134.75701200
2.80100000 134.78388200
2.80200000 134.81681100
2.80300000 134.84395200
2.80400000 134.87785500
2.80500000 134.90537300
2.80600000 134.94537000
2.80700000 134.97377700
2.80800000 135.00045400
2.80900000 135.03279200
2.81000000 135.05739600
2.81100000 135.08862800
2.81200000 135.12534700
2.81300000 135.15099500
2.81400000 135.18549600
2.81500000 135.20985100
2.81600000 135.24911800
2.81700000 135.27770300
2.81800000 135.30069300
2.81900000 135.33446100
2.82000000 135.36471020
2.82100000 135.39793630
2.82200000 135.42736330
2.82300000 135.44802960
2.82400000 135.48469710
2.82500000 135.51690110
2.82600000 135.54635790
2.82700000 135.57128500
2.82800000 135.60700250
2.82900000 135.63289180
2.83000000 135.66509470
2.83100000 135.69493510
2.83200000 135.72484630
2.83300000 135.75098610
2.83400000 135.78688920
2.83500000 135.81475890
2.83600000 135.83873290
2.83700000 135.88049650
2.83800000 135.90090600
2.83900000 135.93784040
2.84000000 135.96096280
2.84100000 135.99422080
2.84200000 136.02600540
2.84300000 136.05464990
2.84400000 136.08141610
2.84500000 136.11364570
2.84600000 136.14126370
2.84700000 136.16587300
2.84800000 136.20350810
2.84900000 136.23025820
2.85000000 136.25724230
2.85100000 136.28250570
2.85200000 136.31496870
2.85300000 136.34887900
2.85400000 136.37133240
2.85500000 136.40720920
2.85600000 136.43509300
2.85700000 136.46541250
2.85800000 136.49803060
2.85900000 136.52283188
2.86000000 136.55438623
2.86100000 136.57854798
2.86200000 136.60932155
2.86300000 136.63740171
2.86400000 136.66931118
2.86500000 136.69489164
2.86600000 136.72286552
2.86700000 136.75880945
2.86800000 136.78427630
2.86900000 136.81417540
2.87000000 136.84172080
2.87100000 136.87442750
2.87200000 136.89927460
2.87300000 136.92833050
2.87400000 136.95310580
2.87500000 136.97904080
2.87600000 137.01074020
2.87700000 137.04572760
2.87800000 137.06792690
2.87900000 137.09963620
2.88000000 137.12699100
2.88100000 137.16675010
2.88200000 137.18104720
2.88300000 137.21274960
2.88400000 137.24248340
2.88500000 137.26600960
2.88600000 137.29683340
2.88700000 137.32871860
2.88800000 137.35478410
2.88900000 137.38543950
2.89000000 137.41743520
2.89100000 137.44435020
2.89200000 137.46695440
2.89300000 137.49724390
2.89400000 137.52171990
2.89500000 137.55086820
2.89600000 137.58142520
2.89700000 137.60656660
2.89800000 137.64379590
2.89900000 137.67128220
2.90000000 137.69456320
2.90100000 137.72495100
2.90200000 137.76083330
2.90300000 137.77644080
2.90400000 137.80282170
2.90500000 137.83339970
2.90600000 137.86090100
2.90700000 137.89597800
2.90800000 137.91847400
2.90900000 137.95132600
2.91000000 137.96881800
2.91100000 138.00276700
2.91200000 138.02711900
2.91300000 138.06179500
2.91400000 138.08785200
2.91500000 138.11352700
2.91600000 138.14094300
2.91700000 138.16674300
2.91800000 138.19609500
2.91900000 138.21995500
2.92000000 138.25044800
2.92100000 138.28027400
2.92200000 138.30761600
2.92300000 138.33438800
2.92400000 138.35431200
2.92500000 138.38400400
2.92600000 138.41697200
2.92700000 138.44049400
2.92800000 138.46402300
2.92900000 138.49631300
2.93000000 138.52341800
2.93100000 138.54957600
2.93200000 138.58229500
2.93300000 138.60585700
2.93400000 138.63293600
2.93500000 138.65697000
2.93600000 138.68561500
2.93700000 138.71362900
2.93800000 138.73847000
2.93900000 138.76480400
2.94000000 138.79817000
2.94100000 138.82763700
2.94200000 138.85018500
2.94300000 138.87680200
2.94400000 138.90337100
2.94500000 138.92766900
2.94600000 138.95421400
2.94700000 138.98626900
2.94800000 139.00795900
2.94900000 139.03796700
2.95000000 139.06561100
2.95100000 139.09493100
2.95200000 139.11633800
2.95300000 139.14142900
2.95400000 139.16957200
2.95500000 139.19416100
2.95600000 139.22479000
2.95700000 139.24924600
2.95800000 139.27934500
2.95900000 139.30409500
2.96000000 139.33419100
2.96100000 139.35419200
2.96200000 139.37895800
2.96300000 139.41108000
2.96400000 139.43531700
2.96500000 139.46341800
2.96600000 139.49373500
2.96700000 139.52076700
2.96800000 139.54497400
2.96900000 139.57195200
2.97000000 139.59595200
2.97100000 139.62884200
2.97200000 139.65020600
2.97300000 139.68281100
2.97400000 139.70498600
2.97500000 139.73172300
2.97600000 139.75121200
2.97700000 139.78101900
2.97800000 139.80455700
2.97900000 139.83046900
2.98000000 139.85795200
2.98100000 139.88528000
2.98200000 139.90649100
2.98300000 139.93960300
2.98400000 139.96360300
2.98500000 139.99330600
2.98600000 140.02111600
2.98700000 140.04735400
2.98800000 140.07162000
2.98900000 140.09905600
2.99000000 140.12313200
2.99100000 140.15100100
2.99200000 140.16965700
2.99300000 140.19653000
2.99400000 140.22494400
2.99500000 140.25731500
2.99600000 140.27679400
2.99700000 140.30642700
2.99800000 140.32852400
2.99900000 140.35680100
3.00000000 140.38303900
3.00100000 140.40772900
3.00200000 140.43282100
3.00300000 140.45941200
3.00400000 140.48077400
3.00500000 140.51253100
3.00600000 140.53229500
3.00700000 140.56171100
3.00800000 140.59211900
3.00900000 140.61200000
3.01000000 140.63634500
3.01100000 140.65938200
3.01200000 140.69011100
3.01300000 140.71895800
3.01400000 140.73813100
3.01500000 140.76346500
3.01600000 140.79147100
3.01700000 140.81279200
3.01800000 140.83672900
3.01900000 140.86725900
3.02000000 140.89406200
3.02100000 140.91658100
3.02200000 140.94083700
3.02300000 140.96913600
3.02400000 140.99153200
3.02500000 141.01173300
3.02600000 141.03232000
3.02700000 141.06307100
3.02800000 141.09061300
3.02900000 141.11707400
3.03000000 141.14242200
3.03100000 141.16817000
3.03200000 141.19109400
3.03300000 141.21301400
3.03400000 141.24414700
3.03500000 141.26659100
3.03600000 141.28886100
3.03700000 141.32060600
3.03800000 141.33912500
3.03900000 141.36835200
3.04000000 141.39509900
3.04100000 141.41734600
3.04200000 141.44604600
3.04300000 141.46465100
3.04400000 141.49101400
3.04500000 141.51604500
3.04600000 141.54076400
3.04700000 141.56907700
3.04800000 141.59087000
3.04900000 141.61628400
3.05000000 141.64425700
3.05100000 141.66471100
3.05200000 141.68819100
3.05300000 141.71238700
3.05400000 141.73799100
3.05500000 141.76691400
3.05600000 141.79060700
3.05700000 141.81270200
3.05800000 141.84135400
3.05900000 141.86455500
3.06000000 141.89211600
3.06100000 141.91558800
3.06200000 141.94173800
3.06300000 141.96197500
3.06400000 141.98770500
3.06500000 142.01258100
3.06600000 142.03572100
3.06700000 142.05770900
3.06800000 142.08399200
3.06900000 142.10755600
3.07000000 142.13626500
3.07100000 142.15844800
3.07200000 142.18450900
3.07300000 142.20518100
3.07400000 142.23030500
3.07500000 142.25697700
3.07600000 142.28549500
3.07700000 142.30616000
3.07800000 142.33126100
3.07900000 142.35621700
3.08000000 142.37062500
3.08100000 142.40343500
3.08200000 142.42314900
3.08300000 142.45287300
3.08400000 142.47571600
3.08500000 142.49676900
3.08600000 142.52349400
3.08700000 142.54745900
3.08800000 142.57195700
3.08900000 142.59375400
3.09000000 142.62506100
3.09100000 142.64222700
3.09200000 142.66964700
3.09300000 142.68852600
3.09400000 142.71629700
3.09500000 142.74055900
3.09600000 142.76118400
3.09700000 142.78112000
3.09800000 142.81203900
3.09900000 142.83481200
3.10000000 142.85888300
3.10100000 142.88255700
3.10200000 142.90759300
3.10300000 142.92924800
3.10400000 142.95266800
3.10500000 142.98125000
3.10600000 143.00429200
3.10700000 143.02944600
3.10800000 143.05241400
3.10900000 143.08389300
3.11000000 143.09426200
3.11100000 143.12328700
3.11200000 143.14823200
3.11300000 143.17249000
3.11400000 143.19026900
3.11500000 143.21551100
3.11600000 143.24046300
3.11700000 143.26384800
3.11800000 143.29541000
3.11900000 143.31934000
3.12000000 143.33855500
3.12100000 143.36002700
3.12200000 143.38675300
3.12300000 143.40979000
3.12400000 143.42997000
3.12500000 143.44794800
3.12600000 143.48040400
3.12700000 143.50306000
3.12800000 143.52785500
3.12900000 143.55140700
3.13000000 143.57775100
3.13100000 143.60197100
3.13200000 143.62427500
3.13300000 143.65120700
3.13400000 143.67130300
3.13500000 143.69691400
3.13600000 143.71483600
3.13700000 143.74422800
3.13800000 143.76800900
3.13900000 143.79308700
3.14000000 143.81713100
3.14100000 143.83388500
3.14200000 143.85823900
3.14300000 143.87844100
3.14400000 143.90580400
3.14500000 143.92844400
3.14600000 143.94654100
3.14700000 143.97625800
3.14800000 144.00385300
3.14900000 144.02752700
3.15000000 144.04617300
3.15100000 144.07261600
3.15200000 144.09337600
3.15300000 144.11910300
3.15400000 144.13407900
3.15500000 144.15998800
3.15600000 144.19007100
3.15700000 144.20430000
3.15800000 144.23191800
3.15900000 144.25598900
3.16000000 144.28427100
3.16100000 144.29928600
3.16200000 144.33219100
3.16300000 144.35507200
3.16400000 144.38137100
3.16500000 144.40119900
3.16600000 144.42657400
3.16700000 144.44667800
3.16800000 144.46904000
3.16900000 144.49533100
3.17000000 144.52187300
3.17100000 144.53888700
3.17200000 144.56190500
3.17300000 144.58830300
3.17400000 144.61673700
3.17500000 144.63274400
3.17600000 144.65894300
3.17700000 144.68416600
3.17800000 144.70603200
3.17900000 144.72074100
3.18000000 144.75042000
3.18100000 144.77772500
3.18200000 144.79376200
3.18300000 144.82347900
3.18400000 144.84484800
3.18500000 144.86904100
3.18600000 144.89397500
3.18700000 144.91362000
3.18800000 144.93650800
3.18900000 144.95892300
3.19000000 144.98314700
3.19100000 145.01028500
3.19200000 145.03214300
3.19300000 145.05313800
3.19400000 145.07801000
3.19500000 145.09585600
3.19600000 145.12036100
3.19700000 145.13906100
3.19800000 145.16593200
3.19900000 145.18891900
3.20000000 145.21124300
