Frequency(GHz) s21
1.20000000 -11.66761800
1.20100000 -11.64992500
1.20200000 -11.63032800
1.20300000 -11.61121400
1.20400000 -11.59012100
1.20500000 -11.57060100
1.20600000 -11.54939200
1.20700000 -11.52716300
1.20800000 -11.50641800
1.20900000 -11.48408800
1.21000000 -11.46319100
1.21100000 -11.44149300
1.21200000 -11.42149600
1.21300000 -11.39935300
1.21400000 -11.37882200
1.21500000 -11.35799700
1.21600000 -11.33842700
1.21700000 -11.31874200
1.21800000 -11.30062400
1.21900000 -11.28247800
1.22000000 -11.26531300
1.22100000 -11.24908500
1.22200000 -11.23172700
1.22300000 -11.21707000
1.22400000 -11.20295300
1.22500000 -11.18944500
1.22600000 -11.17536400
1.22700000 -11.16449100
1.22800000 -11.15308100
1.22900000 -11.14112900
1.23000000 -11.13158300
1.23100000 -11.12161400
1.23200000 -11.11317300
1.23300000 -11.10456100
1.23400000 -11.09601300
1.23500000 -11.08980000
1.23600000 -11.08165900
1.23700000 -11.07391600
1.23800000 -11.06623900
1.23900000 -11.05973100
1.24000000 -11.05294400
1.24100000 -11.04555300
1.24200000 -11.03819200
1.24300000 -11.03058700
1.24400000 -11.02437100
1.24500000 -11.01725500
1.24600000 -11.00999000
1.24700000 -11.00190300
1.24800000 -10.99588100
1.24900000 -10.98653700
1.25000000 -10.97929400
1.25100000 -10.97056900
1.25200000 -10.96175300
1.25300000 -10.95389500
1.25400000 -10.94457700
1.25500000 -10.93468800
1.25600000 -10.92545400
1.25700000 -10.91539400
1.25800000 -10.90598900
1.25900000 -10.89659100
1.26000000 -10.88604500
1.26100000 -10.87661900
1.26200000 -10.86629300
1.26300000 -10.85655900
1.26400000 -10.84717500
1.26500000 -10.83763400
1.26600000 -10.82792200
1.26700000 -10.81825700
1.26800000 -10.80853600
1.26900000 -10.80033600
1.27000000 -10.79338300
1.27100000 -10.78616000
1.27200000 -10.77834100
1.27300000 -10.77306600
1.27400000 -10.76700700
1.27500000 -10.76234100
1.27600000 -10.75887100
1.27700000 -10.75709100
1.27800000 -10.75487200
1.27900000 -10.75361100
1.28000000 -10.75414300
1.28100000 -10.75566100
1.28200000 -10.75691600
1.28300000 -10.76063800
1.28400000 -10.76472300
1.28500000 -10.77096800
1.28600000 -10.77589800
1.28700000 -10.78357800
1.28800000 -10.79077800
1.28900000 -10.79982100
1.29000000 -10.80911500
1.29100000 -10.81849300
1.29200000 -10.82966900
1.29300000 -10.84036500
1.29400000 -10.85296100
1.29500000 -10.86453000
1.29600000 -10.87655400
1.29700000 -10.88920400
1.29800000 -10.90109600
1.29900000 -10.91402600
1.30000000 -10.92701700
1.30100000 -10.93826800
1.30200000 -10.95039000
1.30300000 -10.96183700
1.30400000 -10.97280900
1.30500000 -10.98236300
1.30600000 -10.99207300
1.30700000 -11.00158500
1.30800000 -11.00937800
1.30900000 -11.01549600
1.31000000 -11.02188100
1.31100000 -11.02711200
1.31200000 -11.02986100
1.31300000 -11.03312700
1.31400000 -11.03395600
1.31500000 -11.03464200
1.31600000 -11.03315000
1.31700000 -11.03111300
1.31800000 -11.02685900
1.31900000 -11.02207300
1.32000000 -11.01598900
1.32100000 -11.00685400
1.32200000 -10.99759600
1.32300000 -10.98674300
1.32400000 -10.97455500
1.32500000 -10.96196700
1.32600000 -10.94792000
1.32700000 -10.93215400
1.32800000 -10.91561900
1.32900000 -10.89811600
1.33000000 -10.87975400
1.33100000 -10.86047000
1.33200000 -10.83938300
1.33300000 -10.81889900
1.33400000 -10.79747800
1.33500000 -10.77572100
1.33600000 -10.75291000
1.33700000 -10.73008100
1.33800000 -10.70665700
1.33900000 -10.68436100
1.34000000 -10.66040100
1.34100000 -10.63606600
1.34200000 -10.61157100
1.34300000 -10.58899600
1.34400000 -10.56558600
1.34500000 -10.54226000
1.34600000 -10.51993300
1.34700000 -10.49700900
1.34800000 -10.47528500
1.34900000 -10.45255300
1.35000000 -10.43099600
1.35100000 -10.41170600
1.35200000 -10.39093500
1.35300000 -10.37008200
1.35400000 -10.35234900
1.35500000 -10.33272000
1.35600000 -10.31354100
1.35700000 -10.29635900
1.35800000 -10.27813300
1.35900000 -10.26133300
1.36000000 -10.24545600
1.36100000 -10.23020300
1.36200000 -10.21619600
1.36300000 -10.20208300
1.36400000 -10.18817700
1.36500000 -10.17567000
1.36600000 -10.16316900
1.36700000 -10.15052100
1.36800000 -10.13927600
1.36900000 -10.12768300
1.37000000 -10.11646400
1.37100000 -10.10646900
1.37200000 -10.09648600
1.37300000 -10.08596900
1.37400000 -10.07652400
1.37500000 -10.06729600
1.37600000 -10.05853700
1.37700000 -10.05000900
1.37800000 -10.04054000
1.37900000 -10.03247100
1.38000000 -10.02268700
1.38100000 -10.01437500
1.38200000 -10.00545200
1.38300000 -9.99664590
1.38400000 -9.98697380
1.38500000 -9.97884370
1.38600000 -9.96987630
1.38700000 -9.96051980
1.38800000 -9.95049760
1.38900000 -9.94125080
1.39000000 -9.93183800
1.39100000 -9.92062850
1.39200000 -9.91152380
1.39300000 -9.90085120
1.39400000 -9.89077760
1.39500000 -9.87970830
1.39600000 -9.86814210
1.39700000 -9.85721300
1.39800000 -9.84656720
1.39900000 -9.83403780
1.40000000 -9.82236390
1.40100000 -9.81073670
1.40200000 -9.79819110
1.40300000 -9.78545950
1.40400000 -9.77223680
1.40500000 -9.75896550
1.40600000 -9.74667550
1.40700000 -9.73384280
1.40800000 -9.71968460
1.40900000 -9.70604800
1.41000000 -9.69254490
1.41100000 -9.67862320
1.41200000 -9.66452980
1.41300000 -9.65112690
1.41400000 -9.63652320
1.41500000 -9.62341690
1.41600000 -9.60909840
1.41700000 -9.59532930
1.41800000 -9.58128450
1.41900000 -9.56750770
1.42000000 -9.55359750
1.42100000 -9.54050060
1.42200000 -9.52573970
1.42300000 -9.51292040
1.42400000 -9.49991320
1.42500000 -9.48631950
1.42600000 -9.47328470
1.42700000 -9.46152970
1.42800000 -9.44839290
1.42900000 -9.43565080
1.43000000 -9.42461870
1.43100000 -9.41359230
1.43200000 -9.40175150
1.43300000 -9.39157870
1.43400000 -9.38048840
1.43500000 -9.36925700
1.43600000 -9.35982230
1.43700000 -9.35093020
1.43800000 -9.34095380
1.43900000 -9.33213420
1.44000000 -9.32307430
1.44100000 -9.31503300
1.44200000 -9.30680180
1.44300000 -9.29953000
1.44400000 -9.29189300
1.44500000 -9.28452590
1.44600000 -9.27804470
1.44700000 -9.27143570
1.44800000 -9.26397320
1.44900000 -9.25777150
1.45000000 -9.25164990
1.45100000 -9.24379730
1.45200000 -9.23788640
1.45300000 -9.23103900
1.45400000 -9.22388740
1.45500000 -9.21737580
1.45600000 -9.20969580
1.45700000 -9.20190050
1.45800000 -9.19421670
1.45900000 -9.18684770
1.46000000 -9.17861080
1.46100000 -9.16962620
1.46200000 -9.16073230
1.46300000 -9.15167140
1.46400000 -9.14103220
1.46500000 -9.13223170
1.46600000 -9.12182620
1.46700000 -9.11030860
1.46800000 -9.09889410
1.46900000 -9.08654500
1.47000000 -9.07452010
1.47100000 -9.06201170
1.47200000 -9.04887490
1.47300000 -9.03565120
1.47400000 -9.02162460
1.47500000 -9.00798030
1.47600000 -8.99284270
1.47700000 -8.97718240
1.47800000 -8.96183970
1.47900000 -8.94569210
1.48000000 -8.92858700
1.48100000 -8.91189580
1.48200000 -8.89251420
1.48300000 -8.87684730
1.48400000 -8.85715290
1.48500000 -8.83835700
1.48600000 -8.81903360
1.48700000 -8.79980280
1.48800000 -8.77927680
1.48900000 -8.75966840
1.49000000 -8.74011710
1.49100000 -8.71908660
1.49200000 -8.69819930
1.49300000 -8.67779540
1.49400000 -8.65684890
1.49500000 -8.63640790
1.49600000 -8.61489490
1.49700000 -8.59349160
1.49800000 -8.57270240
1.49900000 -8.55202010
1.50000000 -8.53049560
1.50100000 -8.50949290
1.50200000 -8.48846440
1.50300000 -8.46737480
1.50400000 -8.44651790
1.50500000 -8.42631720
1.50600000 -8.40608790
1.50700000 -8.38603780
1.50800000 -8.36602690
1.50900000 -8.34683040
1.51000000 -8.32734490
1.51100000 -8.30937580
1.51200000 -8.29123310
1.51300000 -8.27341080
1.51400000 -8.25647930
1.51500000 -8.23974320
1.51600000 -8.22328760
1.51700000 -8.20777230
1.51800000 -8.19209290
1.51900000 -8.17818070
1.52000000 -8.16369060
1.52100000 -8.15111260
1.52200000 -8.13833710
1.52300000 -8.12655350
1.52400000 -8.11508270
1.52500000 -8.10479260
1.52600000 -8.09454060
1.52700000 -8.08505250
1.52800000 -8.07595440
1.52900000 -8.06744860
1.53000000 -8.05961800
1.53100000 -8.05310920
1.53200000 -8.04548740
1.53300000 -8.03915410
1.53400000 -8.03370190
1.53500000 -8.02850250
1.53600000 -8.02273270
1.53700000 -8.01773170
1.53800000 -8.01400850
1.53900000 -8.00882820
1.54000000 -8.00415520
1.54100000 -8.00100520
1.54200000 -7.99587630
1.54300000 -7.99235110
1.54400000 -7.98810010
1.54500000 -7.98365830
1.54600000 -7.97893570
1.54700000 -7.97438100
1.54800000 -7.96972420
1.54900000 -7.96416380
1.55000000 -7.95781560
1.55100000 -7.95151520
1.55200000 -7.94488100
1.55300000 -7.93651250
1.55400000 -7.92905280
1.55500000 -7.92083020
1.55600000 -7.91113230
1.55700000 -7.90091130
1.55800000 -7.88969950
1.55900000 -7.87773610
1.56000000 -7.86513900
1.56100000 -7.85228060
1.56200000 -7.83757350
1.56300000 -7.82181360
1.56400000 -7.80622720
1.56500000 -7.78928280
1.56600000 -7.77232740
1.56700000 -7.75386570
1.56800000 -7.73494430
1.56900000 -7.71507600
1.57000000 -7.69522430
1.57100000 -7.67398930
1.57200000 -7.65292120
1.57300000 -7.63190560
1.57400000 -7.60910840
1.57500000 -7.58632090
1.57600000 -7.56329870
1.57700000 -7.53988120
1.57800000 -7.51663540
1.57900000 -7.49329190
1.58000000 -7.47006510
1.58100000 -7.44599910
1.58200000 -7.42250540
1.58300000 -7.39906640
1.58400000 -7.37561850
1.58500000 -7.35260920
1.58600000 -7.32814740
1.58700000 -7.30663970
1.58800000 -7.28436520
1.58900000 -7.26236010
1.59000000 -7.24096630
1.59100000 -7.22002550
1.59200000 -7.20001600
1.59300000 -7.18007760
1.59400000 -7.16120670
1.59500000 -7.14207320
1.59600000 -7.12438540
1.59700000 -7.10636090
1.59800000 -7.09078500
1.59900000 -7.07423880
1.60000000 -7.05853750
1.60100000 -7.04363440
1.60200000 -7.02899070
1.60300000 -7.01537080
1.60400000 -7.00198030
1.60500000 -6.98969980
1.60600000 -6.97633410
1.60700000 -6.96494010
1.60800000 -6.95365480
1.60900000 -6.94223310
1.61000000 -6.93270540
1.61100000 -6.92169090
1.61200000 -6.91215560
1.61300000 -6.90289260
1.61400000 -6.89301110
1.61500000 -6.88370750
1.61600000 -6.87431430
1.61700000 -6.86524110
1.61800000 -6.85677150
1.61900000 -6.84710740
1.62000000 -6.83809380
1.62100000 -6.82958030
1.62200000 -6.81959200
1.62300000 -6.81177380
1.62400000 -6.80321740
1.62500000 -6.79269170
1.62600000 -6.78467940
1.62700000 -6.77574730
1.62800000 -6.76696680
1.62900000 -6.75795560
1.63000000 -6.74848130
1.63100000 -6.74013140
1.63200000 -6.73075200
1.63300000 -6.72176980
1.63400000 -6.71303840
1.63500000 -6.70420930
1.63600000 -6.69468260
1.63700000 -6.68617110
1.63800000 -6.67704730
1.63900000 -6.66821480
1.64000000 -6.65997030
1.64100000 -6.65143010
1.64200000 -6.64316700
1.64300000 -6.63422580
1.64400000 -6.62675520
1.64500000 -6.61781980
1.64600000 -6.60985660
1.64700000 -6.60136130
1.64800000 -6.59351590
1.64900000 -6.58496240
1.65000000 -6.57691340
1.65100000 -6.56799460
1.65200000 -6.56030180
1.65300000 -6.55167870
1.65400000 -6.54424570
1.65500000 -6.53555110
1.65600000 -6.52784970
1.65700000 -6.51906920
1.65800000 -6.51184370
1.65900000 -6.50329300
1.66000000 -6.49576000
1.66100000 -6.48756550
1.66200000 -6.47993520
1.66300000 -6.47136780
1.66400000 -6.46258210
1.66500000 -6.45456840
1.66600000 -6.44575690
1.66700000 -6.43698310
1.66800000 -6.42871480
1.66900000 -6.41879890
1.67000000 -6.40908910
1.67100000 -6.39962390
1.67200000 -6.38996460
1.67300000 -6.37997670
1.67400000 -6.36855460
1.67500000 -6.35863260
1.67600000 -6.34722810
1.67700000 -6.33542630
1.67800000 -6.32358880
1.67900000 -6.31086300
1.68000000 -6.29760460
1.68100000 -6.28533700
1.68200000 -6.27134370
1.68300000 -6.25713010
1.68400000 -6.24304720
1.68500000 -6.22936530
1.68600000 -6.21378470
1.68700000 -6.19835140
1.68800000 -6.18287370
1.68900000 -6.16692730
1.69000000 -6.15149260
1.69100000 -6.13483910
1.69200000 -6.11834860
1.69300000 -6.10181330
1.69400000 -6.08471540
1.69500000 -6.06799600
1.69600000 -6.05083560
1.69700000 -6.03312640
1.69800000 -6.01545330
1.69900000 -5.99822900
1.70000000 -5.98085690
1.70100000 -5.96304660
1.70200000 -5.94543080
1.70300000 -5.92753310
1.70400000 -5.91032270
1.70500000 -5.89229770
1.70600000 -5.87452890
1.70700000 -5.85767840
1.70800000 -5.84092240
1.70900000 -5.82387690
1.71000000 -5.80709600
1.71100000 -5.79067180
1.71200000 -5.77439450
1.71300000 -5.75897650
1.71400000 -5.74393800
1.71500000 -5.72892860
1.71600000 -5.71381190
1.71700000 -5.69998840
1.71800000 -5.68732450
1.71900000 -5.67390970
1.72000000 -5.66155290
1.72100000 -5.64884040
1.72200000 -5.63750030
1.72300000 -5.62654260
1.72400000 -5.61615710
1.72500000 -5.60679820
1.72600000 -5.59687420
1.72700000 -5.58787250
1.72800000 -5.57964850
1.72900000 -5.57176070
1.73000000 -5.56411080
1.73100000 -5.55800200
1.73200000 -5.55014040
1.73300000 -5.54397770
1.73400000 -5.53834100
1.73500000 -5.53327990
1.73600000 -5.52806810
1.73700000 -5.52379750
1.73800000 -5.52031900
1.73900000 -5.51610570
1.74000000 -5.51232240
1.74100000 -5.50976470
1.74200000 -5.50545070
1.74300000 -5.50178720
1.74400000 -5.49874070
1.74500000 -5.49527410
1.74600000 -5.49218460
1.74700000 -5.48808430
1.74800000 -5.48439500
1.74900000 -5.48068860
1.75000000 -5.47715040
1.75100000 -5.47274540
1.75200000 -5.46880960
1.75300000 -5.46416620
1.75400000 -5.46001200
1.75500000 -5.45530460
1.75600000 -5.45046000
1.75700000 -5.44473080
1.75800000 -5.43896820
1.75900000 -5.43329430
1.76000000 -5.42676830
1.76100000 -5.42072730
1.76200000 -5.41420130
1.76300000 -5.40793280
1.76400000 -5.40082220
1.76500000 -5.39339300
1.76600000 -5.38669540
1.76700000 -5.37947700
1.76800000 -5.37266870
1.76900000 -5.36529540
1.77000000 -5.35862680
1.77100000 -5.34970710
1.77200000 -5.34131960
1.77300000 -5.33406210
1.77400000 -5.32649710
1.77500000 -5.31880240
1.77600000 -5.31043290
1.77700000 -5.30231480
1.77800000 -5.29434160
1.77900000 -5.28627440
1.78000000 -5.27851340
1.78100000 -5.27010490
1.78200000 -5.26219610
1.78300000 -5.25422760
1.78400000 -5.24675750
1.78500000 -5.23897220
1.78600000 -5.23179440
1.78700000 -5.22434000
1.78800000 -5.21746210
1.78900000 -5.21023230
1.79000000 -5.20297340
1.79100000 -5.19746300
1.79200000 -5.19029470
1.79300000 -5.18491740
1.79400000 -5.17943100
1.79500000 -5.17332320
1.79600000 -5.16881940
1.79700000 -5.16333390
1.79800000 -5.15875630
1.79900000 -5.15459390
1.80000000 -5.15041730
1.80100000 -5.14644720
1.80200000 -5.14231010
1.80300000 -5.13842770
1.80400000 -5.13454910
1.80500000 -5.13047360
1.80600000 -5.12690350
1.80700000 -5.12271640
1.80800000 -5.11921880
1.80900000 -5.11485910
1.81000000 -5.11082700
1.81100000 -5.10704420
1.81200000 -5.10280610
1.81300000 -5.09789710
1.81400000 -5.09320590
1.81500000 -5.08810000
1.81600000 -5.08288960
1.81700000 -5.07801530
1.81800000 -5.07246880
1.81900000 -5.06553170
1.82000000 -5.05837200
1.82100000 -5.05254320
1.82200000 -5.04475260
1.82300000 -5.03723570
1.82400000 -5.02941180
1.82500000 -5.01998950
1.82600000 -5.01187900
1.82700000 -5.00156830
1.82800000 -4.99258180
1.82900000 -4.98237180
1.83000000 -4.97154330
1.83100000 -4.96103810
1.83200000 -4.95026970
1.83300000 -4.93829970
1.83400000 -4.92705300
1.83500000 -4.91583820
1.83600000 -4.90380810
1.83700000 -4.89200160
1.83800000 -4.87994960
1.83900000 -4.86780550
1.84000000 -4.85495660
1.84100000 -4.84399890
1.84200000 -4.83121060
1.84300000 -4.81922630
1.84400000 -4.80802010
1.84500000 -4.79648920
1.84600000 -4.78525730
1.84700000 -4.77421620
1.84800000 -4.76359560
1.84900000 -4.75246950
1.85000000 -4.74323370
1.85100000 -4.73298070
1.85200000 -4.72306680
1.85300000 -4.71424960
1.85400000 -4.70516680
1.85500000 -4.69701190
1.85600000 -4.68839550
1.85700000 -4.68066600
1.85800000 -4.67283340
1.85900000 -4.66574760
1.86000000 -4.65898280
1.86100000 -4.65293260
1.86200000 -4.64692740
1.86300000 -4.64102940
1.86400000 -4.63568020
1.86500000 -4.63061710
1.86600000 -4.62618920
1.86700000 -4.62181330
1.86800000 -4.61801430
1.86900000 -4.61377100
1.87000000 -4.60950330
1.87100000 -4.60574720
1.87200000 -4.60305930
1.87300000 -4.60031460
1.87400000 -4.59803580
1.87500000 -4.59517810
1.87600000 -4.59247540
1.87700000 -4.59097770
1.87800000 -4.58858540
1.87900000 -4.58663850
1.88000000 -4.58475690
1.88100000 -4.58323910
1.88200000 -4.58097740
1.88300000 -4.57929090
1.88400000 -4.57883830
1.88500000 -4.57813450
1.88600000 -4.57737350
1.88700000 -4.57648040
1.88800000 -4.57610270
1.88900000 -4.57519630
1.89000000 -4.57538940
1.89100000 -4.57368610
1.89200000 -4.57318210
1.89300000 -4.57296710
1.89400000 -4.57273530
1.89500000 -4.57210780
1.89600000 -4.57143690
1.89700000 -4.57031300
1.89800000 -4.56967310
1.89900000 -4.56877660
1.90000000 -4.56780770
1.90100000 -4.56646300
1.90200000 -4.56650210
1.90300000 -4.56475780
1.90400000 -4.56368970
1.90500000 -4.56138900
1.90600000 -4.56119590
1.90700000 -4.55923410
1.90800000 -4.55756520
1.90900000 -4.55670260
1.91000000 -4.55500600
1.91100000 -4.55261850
1.91200000 -4.55086180
1.91300000 -4.55067830
1.91400000 -4.54947380
1.91500000 -4.54908420
1.91600000 -4.54815820
1.91700000 -4.54710870
1.91800000 -4.54659130
1.91900000 -4.54542830
1.92000000 -4.54388520
1.92100000 -4.54283910
1.92200000 -4.54181810
1.92300000 -4.54059790
1.92400000 -4.53938060
1.92500000 -4.53840070
1.92600000 -4.53722950
1.92700000 -4.53561400
1.92800000 -4.53401850
1.92900000 -4.53217550
1.93000000 -4.53048370
1.93100000 -4.52900740
1.93200000 -4.52659080
1.93300000 -4.52542300
1.93400000 -4.52278280
1.93500000 -4.52179190
1.93600000 -4.52005100
1.93700000 -4.51731300
1.93800000 -4.51594730
1.93900000 -4.51374440
1.94000000 -4.51195530
1.94100000 -4.51016810
1.94200000 -4.50876950
1.94300000 -4.50654840
1.94400000 -4.50608020
1.94500000 -4.50393440
1.94600000 -4.50301170
1.94700000 -4.50144390
1.94800000 -4.49975920
1.94900000 -4.49836400
1.95000000 -4.49642090
1.95100000 -4.49393990
1.95200000 -4.49212840
1.95300000 -4.49073700
1.95400000 -4.48879380
1.95500000 -4.48656750
1.95600000 -4.48465490
1.95700000 -4.48276810
1.95800000 -4.48023180
1.95900000 -4.47820570
1.96000000 -4.47533560
1.96100000 -4.47327140
1.96200000 -4.47082660
1.96300000 -4.46805050
1.96400000 -4.46615600
1.96500000 -4.46311810
1.96600000 -4.46040010
1.96700000 -4.45793100
1.96800000 -4.45620250
1.96900000 -4.45363760
1.97000000 -4.45095540
1.97100000 -4.44829560
1.97200000 -4.44567390
1.97300000 -4.44340940
1.97400000 -4.44043970
1.97500000 -4.43812890
1.97600000 -4.43538280
1.97700000 -4.43372730
1.97800000 -4.43117620
1.97900000 -4.42843250
1.98000000 -4.42569400
1.98100000 -4.42329790
1.98200000 -4.42076830
1.98300000 -4.41913600
1.98400000 -4.41699500
1.98500000 -4.41509530
1.98600000 -4.41269020
1.98700000 -4.41123010
1.98800000 -4.40904240
1.98900000 -4.40713120
1.99000000 -4.40559050
1.99100000 -4.40449950
1.99200000 -4.40328600
1.99300000 -4.40159700
1.99400000 -4.39959860
1.99500000 -4.39836030
1.99600000 -4.39752240
1.99700000 -4.39641520
1.99800000 -4.39528610
1.99900000 -4.39456370
2.00000000 -4.39393620
2.00100000 -4.39366150
2.00200000 -4.39220190
2.00300000 -4.39174840
2.00400000 -4.39091970
2.00500000 -4.39019160
2.00600000 -4.38945150
2.00700000 -4.38916780
2.00800000 -4.38926980
2.00900000 -4.38883500
2.01000000 -4.38836810
2.01100000 -4.38810110
2.01200000 -4.38899710
2.01300000 -4.38892600
2.01400000 -4.38881830
2.01500000 -4.38874960
2.01600000 -4.38927980
2.01700000 -4.38964320
2.01800000 -4.38989310
2.01900000 -4.39010330
2.02000000 -4.39022110
2.02100000 -4.39156010
2.02200000 -4.39198110
2.02300000 -4.39205270
2.02400000 -4.39314030
2.02500000 -4.39335730
2.02600000 -4.39539190
2.02700000 -4.39581200
2.02800000 -4.39593220
2.02900000 -4.39700460
2.03000000 -4.39833350
2.03100000 -4.39887910
2.03200000 -4.39908120
2.03300000 -4.40057040
2.03400000 -4.40167810
2.03500000 -4.40226460
2.03600000 -4.40362600
2.03700000 -4.40424680
2.03800000 -4.40605590
2.03900000 -4.40716700
2.04000000 -4.40862230
2.04100000 -4.41001130
2.04200000 -4.41129260
2.04300000 -4.41311310
2.04400000 -4.41500900
2.04500000 -4.41617680
2.04600000 -4.41816520
2.04700000 -4.42146250
2.04800000 -4.42257640
2.04900000 -4.42476750
2.05000000 -4.42671250
2.05100000 -4.42893840
2.05200000 -4.43135500
2.05300000 -4.43322800
2.05400000 -4.43604040
2.05500000 -4.43777560
2.05600000 -4.43966250
2.05700000 -4.44218920
2.05800000 -4.44409890
2.05900000 -4.44628950
2.06000000 -4.44819310
2.06100000 -4.45013330
2.06200000 -4.45246840
2.06300000 -4.45429710
2.06400000 -4.45533660
2.06500000 -4.45723770
2.06600000 -4.45854040
2.06700000 -4.45961570
2.06800000 -4.46134570
2.06900000 -4.46223830
2.07000000 -4.46302370
2.07100000 -4.46391440
2.07200000 -4.46395490
2.07300000 -4.46463250
2.07400000 -4.46556330
2.07500000 -4.46653370
2.07600000 -4.46648220
2.07700000 -4.46721410
2.07800000 -4.46862510
2.07900000 -4.46924540
2.08000000 -4.46889160
2.08100000 -4.47023440
2.08200000 -4.47020530
2.08300000 -4.47017290
2.08400000 -4.47049470
2.08500000 -4.47118810
2.08600000 -4.47211650
2.08700000 -4.47209690
2.08800000 -4.47365090
2.08900000 -4.47401050
2.09000000 -4.47413970
2.09100000 -4.47474580
2.09200000 -4.47568460
2.09300000 -4.47683480
2.09400000 -4.47841020
2.09500000 -4.47842120
2.09600000 -4.48048690
2.09700000 -4.48097750
2.09800000 -4.48286490
2.09900000 -4.48377610
2.10000000 -4.48479560
2.10100000 -4.48646500
2.10200000 -4.48823830
2.10300000 -4.48956630
2.10400000 -4.49200920
2.10500000 -4.49418160
2.10600000 -4.49658160
2.10700000 -4.49902580
2.10800000 -4.50112530
2.10900000 -4.50430440
2.11000000 -4.50676540
2.11100000 -4.50979090
2.11200000 -4.51375480
2.11300000 -4.51681570
2.11400000 -4.51985220
2.11500000 -4.52377130
2.11600000 -4.52781530
2.11700000 -4.53195710
2.11800000 -4.53651520
2.11900000 -4.54205180
2.12000000 -4.54687210
2.12100000 -4.55152700
2.12200000 -4.55707740
2.12300000 -4.56161590
2.12400000 -4.56778960
2.12500000 -4.57293750
2.12600000 -4.57980200
2.12700000 -4.58500960
2.12800000 -4.59067820
2.12900000 -4.59705310
2.13000000 -4.60284230
2.13100000 -4.60870550
2.13200000 -4.61466030
2.13300000 -4.62032030
2.13400000 -4.62637090
2.13500000 -4.63177160
2.13600000 -4.63804290
2.13700000 -4.64300970
2.13800000 -4.64854150
2.13900000 -4.65395450
2.14000000 -4.65977570
2.14100000 -4.66527800
2.14200000 -4.66971450
2.14300000 -4.67470410
2.14400000 -4.67958070
2.14500000 -4.68431040
2.14600000 -4.68800120
2.14700000 -4.69272950
2.14800000 -4.69754890
2.14900000 -4.70093250
2.15000000 -4.70486930
2.15100000 -4.70934100
2.15200000 -4.71287630
2.15300000 -4.71719500
2.15400000 -4.71997070
2.15500000 -4.72370720
2.15600000 -4.72689100
2.15700000 -4.72975350
2.15800000 -4.73197600
2.15900000 -4.73501400
2.16000000 -4.73732660
2.16100000 -4.73945520
2.16200000 -4.74128150
2.16300000 -4.74295520
2.16400000 -4.74431040
2.16500000 -4.74626300
2.16600000 -4.74680330
2.16700000 -4.74813080
2.16800000 -4.74829480
2.16900000 -4.74954510
2.17000000 -4.74962620
2.17100000 -4.74991940
2.17200000 -4.74961420
2.17300000 -4.74968620
2.17400000 -4.74913170
2.17500000 -4.74934340
2.17600000 -4.74825430
2.17700000 -4.74811360
2.17800000 -4.74715710
2.17900000 -4.74697730
2.18000000 -4.74624540
2.18100000 -4.74638220
2.18200000 -4.74750140
2.18300000 -4.74756620
2.18400000 -4.74791150
2.18500000 -4.74943260
2.18600000 -4.75025370
2.18700000 -4.75125070
2.18800000 -4.75325920
2.18900000 -4.75575640
2.19000000 -4.75798320
2.19100000 -4.76137640
2.19200000 -4.76463510
2.19300000 -4.76775360
2.19400000 -4.77249530
2.19500000 -4.77738140
2.19600000 -4.78122140
2.19700000 -4.78730630
2.19800000 -4.79359100
2.19900000 -4.80045700
2.20000000 -4.80635600
2.20100000 -4.81463620
2.20200000 -4.82185940
2.20300000 -4.82888080
2.20400000 -4.83797650
2.20500000 -4.84623530
2.20600000 -4.85556270
2.20700000 -4.86435080
2.20800000 -4.87411690
2.20900000 -4.88346910
2.21000000 -4.89251330
2.21100000 -4.90345430
2.21200000 -4.91442110
2.21300000 -4.92470500
2.21400000 -4.93560890
2.21500000 -4.94617700
2.21600000 -4.95735600
2.21700000 -4.96636390
2.21800000 -4.97643090
2.21900000 -4.98624660
2.22000000 -4.99637990
2.22100000 -5.00568720
2.22200000 -5.01439860
2.22300000 -5.02287050
2.22400000 -5.03137350
2.22500000 -5.03958370
2.22600000 -5.04725170
2.22700000 -5.05304910
2.22800000 -5.06055500
2.22900000 -5.06621930
2.23000000 -5.07160230
2.23100000 -5.07725810
2.23200000 -5.08158210
2.23300000 -5.08543010
2.23400000 -5.08928680
2.23500000 -5.09204010
2.23600000 -5.09493780
2.23700000 -5.09660480
2.23800000 -5.09785130
2.23900000 -5.09834380
2.24000000 -5.09910060
2.24100000 -5.09931660
2.24200000 -5.09915970
2.24300000 -5.09879110
2.24400000 -5.09806060
2.24500000 -5.09570260
2.24600000 -5.09409480
2.24700000 -5.09110120
2.24800000 -5.08921770
2.24900000 -5.08548210
2.25000000 -5.08233930
2.25100000 -5.07877920
2.25200000 -5.07544370
2.25300000 -5.07109880
2.25400000 -5.06832980
2.25500000 -5.06497530
2.25600000 -5.06149770
2.25700000 -5.05878690
2.25800000 -5.05678610
2.25900000 -5.05549290
2.26000000 -5.05269720
2.26100000 -5.05101730
2.26200000 -5.05076030
2.26300000 -5.05100730
2.26400000 -5.05113840
2.26500000 -5.05194430
2.26600000 -5.05450340
2.26700000 -5.05751610
2.26800000 -5.06022550
2.26900000 -5.06489370
2.27000000 -5.06963780
2.27100000 -5.07580710
2.27200000 -5.08238510
2.27300000 -5.09029150
2.27400000 -5.09946300
2.27500000 -5.10842700
2.27600000 -5.11791040
2.27700000 -5.12800310
2.27800000 -5.13940140
2.27900000 -5.15057800
2.28000000 -5.16264150
2.28100000 -5.17357870
2.28200000 -5.18679190
2.28300000 -5.19829230
2.28400000 -5.21115160
2.28500000 -5.22429900
2.28600000 -5.23694420
2.28700000 -5.24962760
2.28800000 -5.26271340
2.28900000 -5.27550510
2.29000000 -5.28706550
2.29100000 -5.29976840
2.29200000 -5.31206990
2.29300000 -5.32353350
2.29400000 -5.33467340
2.29500000 -5.34584570
2.29600000 -5.35610150
2.29700000 -5.36643980
2.29800000 -5.37627270
2.29900000 -5.38576650
2.30000000 -5.39317990
2.30100000 -5.40185070
2.30200000 -5.40926310
2.30300000 -5.41711000
2.30400000 -5.42342520
2.30500000 -5.42886540
2.30600000 -5.43469720
2.30700000 -5.43921420
2.30800000 -5.44356250
2.30900000 -5.44737150
2.31000000 -5.44954630
2.31100000 -5.45157000
2.31200000 -5.45181700
2.31300000 -5.45345160
2.31400000 -5.45339920
2.31500000 -5.45346740
2.31600000 -5.45248840
2.31700000 -5.45051100
2.31800000 -5.44902660
2.31900000 -5.44623420
2.32000000 -5.44282150
2.32100000 -5.44027660
2.32200000 -5.43684770
2.32300000 -5.43224760
2.32400000 -5.42882010
2.32500000 -5.42389390
2.32600000 -5.41997480
2.32700000 -5.41587310
2.32800000 -5.41183660
2.32900000 -5.40765570
2.33000000 -5.40397120
2.33100000 -5.39895530
2.33200000 -5.39641900
2.33300000 -5.39328240
2.33400000 -5.39053630
2.33500000 -5.38854890
2.33600000 -5.38705780
2.33700000 -5.38582090
2.33800000 -5.38605070
2.33900000 -5.38702390
2.34000000 -5.38834910
2.34100000 -5.38998080
2.34200000 -5.39236590
2.34300000 -5.39706800
2.34400000 -5.40071820
2.34500000 -5.40626050
2.34600000 -5.41224430
2.34700000 -5.41884660
2.34800000 -5.42672250
2.34900000 -5.43529080
2.35000000 -5.44405270
2.35100000 -5.45398570
2.35200000 -5.46531390
2.35300000 -5.47623540
2.35400000 -5.48812290
2.35500000 -5.50014110
2.35600000 -5.51259330
2.35700000 -5.52617740
2.35800000 -5.53944730
2.35900000 -5.55295850
2.36000000 -5.56684920
2.36100000 -5.57985730
2.36200000 -5.59400750
2.36300000 -5.60714910
2.36400000 -5.62060020
2.36500000 -5.63417100
2.36600000 -5.64722780
2.36700000 -5.66012100
2.36800000 -5.67223930
2.36900000 -5.68567940
2.37000000 -5.69677540
2.37100000 -5.70878360
2.37200000 -5.72090290
2.37300000 -5.73124410
2.37400000 -5.74234150
2.37500000 -5.75176100
2.37600000 -5.76075550
2.37700000 -5.76934770
2.37800000 -5.77821060
2.37900000 -5.78589300
2.38000000 -5.79204850
2.38100000 -5.79913760
2.38200000 -5.80553820
2.38300000 -5.81140610
2.38400000 -5.81652980
2.38500000 -5.82080130
2.38600000 -5.82497550
2.38700000 -5.82918690
2.38800000 -5.83243230
2.38900000 -5.83532430
2.39000000 -5.83753440
2.39100000 -5.83875370
2.39200000 -5.83906560
2.39300000 -5.83994530
2.39400000 -5.83955960
2.39500000 -5.83922620
2.39600000 -5.84023140
2.39700000 -5.83814810
2.39800000 -5.83731220
2.39900000 -5.83653690
2.40000000 -5.83625600
2.40100000 -5.83518220
2.40200000 -5.83411500
2.40300000 -5.83290960
2.40400000 -5.83306120
2.40500000 -5.83246040
2.40600000 -5.83119490
2.40700000 -5.83103990
2.40800000 -5.83111860
2.40900000 -5.83155730
2.41000000 -5.83146330
2.41100000 -5.83273890
2.41200000 -5.83398150
2.41300000 -5.83456330
2.41400000 -5.83693700
2.41500000 -5.83900400
2.41600000 -5.84163280
2.41700000 -5.84481100
2.41800000 -5.84846020
2.41900000 -5.85213900
2.42000000 -5.85672140
2.42100000 -5.86020520
2.42200000 -5.86496780
2.42300000 -5.86872960
2.42400000 -5.87382700
2.42500000 -5.87939880
2.42600000 -5.88495640
2.42700000 -5.89004090
2.42800000 -5.89603810
2.42900000 -5.90240570
2.43000000 -5.90872340
2.43100000 -5.91622970
2.43200000 -5.92212300
2.43300000 -5.92907760
2.43400000 -5.93708990
2.43500000 -5.94396730
2.43600000 -5.95175550
2.43700000 -5.95844980
2.43800000 -5.96735240
2.43900000 -5.97476630
2.44000000 -5.98298030
2.44100000 -5.99144460
2.44200000 -5.99885130
2.44300000 -6.00718160
2.44400000 -6.01618670
2.44500000 -6.02432160
2.44600000 -6.03263570
2.44700000 -6.04125880
2.44800000 -6.05027290
2.44900000 -6.05917450
2.45000000 -6.06790260
2.45100000 -6.07635400
2.45200000 -6.08429480
2.45300000 -6.09291840
2.45400000 -6.10187860
2.45500000 -6.11037970
2.45600000 -6.11970330
2.45700000 -6.12802890
2.45800000 -6.13678170
2.45900000 -6.14618870
2.46000000 -6.15424730
2.46100000 -6.16358420
2.46200000 -6.17351290
2.46300000 -6.18201490
2.46400000 -6.19069580
2.46500000 -6.19928500
2.46600000 -6.20826440
2.46700000 -6.21705770
2.46800000 -6.22551770
2.46900000 -6.23414800
2.47000000 -6.24133160
2.47100000 -6.24988320
2.47200000 -6.25758270
2.47300000 -6.26596500
2.47400000 -6.27243380
2.47500000 -6.27900030
2.47600000 -6.28539800
2.47700000 -6.29163270
2.47800000 -6.29707770
2.47900000 -6.30194950
2.48000000 -6.30604600
2.48100000 -6.31036190
2.48200000 -6.31284520
2.48300000 -6.31597040
2.48400000 -6.31828400
2.48500000 -6.31961680
2.48600000 -6.32072450
2.48700000 -6.32018180
2.48800000 -6.32042690
2.48900000 -6.31930300
2.49000000 -6.31834080
2.49100000 -6.31611970
2.49200000 -6.31333160
2.49300000 -6.30995270
2.49400000 -6.30663490
2.49500000 -6.30163380
2.49600000 -6.29741240
2.49700000 -6.29234080
2.49800000 -6.28588150
2.49900000 -6.27984050
2.50000000 -6.27336450
2.50100000 -6.26606510
2.50200000 -6.25823830
2.50300000 -6.25229360
2.50400000 -6.24350690
2.50500000 -6.23654940
2.50600000 -6.22788050
2.50700000 -6.21976710
2.50800000 -6.21157170
2.50900000 -6.20375200
2.51000000 -6.19563390
2.51100000 -6.18919660
2.51200000 -6.18261580
2.51300000 -6.17587140
2.51400000 -6.17042830
2.51500000 -6.16435340
2.51600000 -6.15937380
2.51700000 -6.15422060
2.51800000 -6.15085080
2.51900000 -6.14798360
2.52000000 -6.14579580
2.52100000 -6.14450360
2.52200000 -6.14287040
2.52300000 -6.14314170
2.52400000 -6.14442920
2.52500000 -6.14560320
2.52600000 -6.14897870
2.52700000 -6.15183970
2.52800000 -6.15637300
2.52900000 -6.16195630
2.53000000 -6.16849850
2.53100000 -6.17546700
2.53200000 -6.18340020
2.53300000 -6.19251250
2.53400000 -6.20186230
2.53500000 -6.21176050
2.53600000 -6.22351840
2.53700000 -6.23584130
2.53800000 -6.24660870
2.53900000 -6.25997970
2.54000000 -6.27355340
2.54100000 -6.28839970
2.54200000 -6.30324550
2.54300000 -6.31886820
2.54400000 -6.33456130
2.54500000 -6.35063080
2.54600000 -6.36576990
2.54700000 -6.38239190
2.54800000 -6.39805700
2.54900000 -6.41426420
2.55000000 -6.42959830
2.55100000 -6.44590950
2.55200000 -6.46101900
2.55300000 -6.47626110
2.55400000 -6.49108030
2.55500000 -6.50621940
2.55600000 -6.52016400
2.55700000 -6.53315110
2.55800000 -6.54602910
2.55900000 -6.55842110
2.56000000 -6.56930020
2.56100000 -6.58150100
2.56200000 -6.59167530
2.56300000 -6.60169980
2.56400000 -6.61060910
2.56500000 -6.61885690
2.56600000 -6.62599130
2.56700000 -6.63288450
2.56800000 -6.63944240
2.56900000 -6.64431000
2.57000000 -6.64858720
2.57100000 -6.65315490
2.57200000 -6.65747120
2.57300000 -6.66037990
2.57400000 -6.66254950
2.57500000 -6.66458990
2.57600000 -6.66556070
2.57700000 -6.66570280
2.57800000 -6.66561750
2.57900000 -6.66496420
2.58000000 -6.66310260
2.58100000 -6.66102220
2.58200000 -6.65877680
2.58300000 -6.65622140
2.58400000 -6.65336470
2.58500000 -6.64987330
2.58600000 -6.64627310
2.58700000 -6.64220570
2.58800000 -6.63739820
2.58900000 -6.63369660
2.59000000 -6.62962820
2.59100000 -6.62581970
2.59200000 -6.62129210
2.59300000 -6.61731100
2.59400000 -6.61324640
2.59500000 -6.61060910
2.59600000 -6.60674380
2.59700000 -6.60362340
2.59800000 -6.60090540
2.59900000 -6.59872670
2.60000000 -6.59672740
2.60100000 -6.59578660
2.60200000 -6.59654240
2.60300000 -6.59752990
2.60400000 -6.59783890
2.60500000 -6.59923600
2.60600000 -6.60122010
2.60700000 -6.60368540
2.60800000 -6.60649870
2.60900000 -6.60901880
2.61000000 -6.61341480
2.61100000 -6.61707590
2.61200000 -6.62180330
2.61300000 -6.62567380
2.61400000 -6.63104300
2.61500000 -6.63608930
2.61600000 -6.64146570
2.61700000 -6.64723920
2.61800000 -6.65285250
2.61900000 -6.65872860
2.62000000 -6.66419790
2.62100000 -6.67106060
2.62200000 -6.67643550
2.62300000 -6.68216230
2.62400000 -6.68802400
2.62500000 -6.69410280
2.62600000 -6.69894080
2.62700000 -6.70382360
2.62800000 -6.70924660
2.62900000 -6.71389100
2.63000000 -6.71715500
2.63100000 -6.72231200
2.63200000 -6.72659730
2.63300000 -6.73068710
2.63400000 -6.73437400
2.63500000 -6.73748350
2.63600000 -6.74048810
2.63700000 -6.74303340
2.63800000 -6.74468900
2.63900000 -6.74705700
2.64000000 -6.74803540
2.64100000 -6.74859290
2.64200000 -6.74928190
2.64300000 -6.75004910
2.64400000 -6.74925950
2.64500000 -6.74928190
2.64600000 -6.74826430
2.64700000 -6.74824190
2.64800000 -6.74678800
2.64900000 -6.74541040
2.65000000 -6.74461220
2.65100000 -6.74266670
2.65200000 -6.74151130
2.65300000 -6.74005410
2.65400000 -6.73814440
2.65500000 -6.73604390
2.65600000 -6.73446230
2.65700000 -6.73263410
2.65800000 -6.73106720
2.65900000 -6.72959090
2.66000000 -6.72660970
2.66100000 -6.72543720
2.66200000 -6.72325610
2.66300000 -6.72143130
2.66400000 -6.71889110
2.66500000 -6.71775910
2.66600000 -6.71630380
2.66700000 -6.71472930
2.66800000 -6.71341040
2.66900000 -6.71196700
2.67000000 -6.71009780
2.67100000 -6.70940160
2.67200000 -6.70851990
2.67300000 -6.70776800
2.67400000 -6.70707320
2.67500000 -6.70539710
2.67600000 -6.70549390
2.67700000 -6.70447440
2.67800000 -6.70360090
2.67900000 -6.70337920
2.68000000 -6.70294090
2.68100000 -6.70244600
2.68200000 -6.70175740
2.68300000 -6.70242400
2.68400000 -6.70179650
2.68500000 -6.70125340
2.68600000 -6.70147230
2.68700000 -6.70166160
2.68800000 -6.70088820
2.68900000 -6.70156100
2.69000000 -6.70055440
2.69100000 -6.70011280
2.69200000 -6.69988970
2.69300000 -6.69806240
2.69400000 -6.69738290
2.69500000 -6.69789270
2.69600000 -6.69728420
2.69700000 -6.69681840
2.69800000 -6.69634870
2.69900000 -6.69727610
2.70000000 -6.69723220
2.70100000 -6.69766810
2.70200000 -6.69946000
2.70300000 -6.70087670
2.70400000 -6.70175460
2.70500000 -6.70377400
2.70600000 -6.70576190
2.70700000 -6.70792200
2.70800000 -6.71074440
2.70900000 -6.71276040
2.71000000 -6.71674200
2.71100000 -6.71970130
2.71200000 -6.72427610
2.71300000 -6.72785140
2.71400000 -6.73329020
2.71500000 -6.73692850
2.71600000 -6.74281410
2.71700000 -6.74794820
2.71800000 -6.75424480
2.71900000 -6.75995870
2.72000000 -6.76608180
2.72100000 -6.77095840
2.72200000 -6.77698370
2.72300000 -6.78346250
2.72400000 -6.78909210
2.72500000 -6.79510260
2.72600000 -6.80135920
2.72700000 -6.80814030
2.72800000 -6.81476260
2.72900000 -6.82198000
2.73000000 -6.82781510
2.73100000 -6.83547350
2.73200000 -6.84233520
2.73300000 -6.84973570
2.73400000 -6.85605720
2.73500000 -6.86268710
2.73600000 -6.86906620
2.73700000 -6.87595460
2.73800000 -6.88348960
2.73900000 -6.89049960
2.74000000 -6.89585730
2.74100000 -6.90191170
2.74200000 -6.90769720
2.74300000 -6.91366820
2.74400000 -6.91948270
2.74500000 -6.92421050
2.74600000 -6.92898320
2.74700000 -6.93416020
2.74800000 -6.93910650
2.74900000 -6.94315290
2.75000000 -6.94678740
2.75100000 -6.94868330
2.75200000 -6.95064540
2.75300000 -6.95203640
2.75400000 -6.95358710
2.75500000 -6.95487450
2.75600000 -6.95535950
2.75700000 -6.95525880
2.75800000 -6.95583580
2.75900000 -6.95494370
2.76000000 -6.95543580
2.76100000 -6.95541910
2.76200000 -6.95498510
2.76300000 -6.95341730
2.76400000 -6.95308970
2.76500000 -6.95161630
2.76600000 -6.94987770
2.76700000 -6.94982000
2.76800000 -6.94824650
2.76900000 -6.94695470
2.77000000 -6.94614120
2.77100000 -6.94547890
2.77200000 -6.94580270
2.77300000 -6.94380950
2.77400000 -6.94352580
2.77500000 -6.94280290
2.77600000 -6.94278380
2.77700000 -6.94299510
2.77800000 -6.94357630
2.77900000 -6.94413230
2.78000000 -6.94568970
2.78100000 -6.94560100
2.78200000 -6.94624470
2.78300000 -6.94747020
2.78400000 -6.94902470
2.78500000 -6.95063500
2.78600000 -6.95168690
2.78700000 -6.95493700
2.78800000 -6.95826720
2.78900000 -6.96055510
2.79000000 -6.96335840
2.79100000 -6.96731330
2.79200000 -6.97110130
2.79300000 -6.97515820
2.79400000 -6.98028140
2.79500000 -6.98419810
2.79600000 -6.98875710
2.79700000 -6.99377060
2.79800000 -6.99835350
2.79900000 -7.00298070
2.80000000 -7.00760940
2.80100000 -7.01266960
2.80200000 -7.01687570
2.80300000 -7.02134700
2.80400000 -7.02566340
2.80500000 -7.03010510
2.80600000 -7.03411390
2.80700000 -7.03773550
2.80800000 -7.04067520
2.80900000 -7.04292350
2.81000000 -7.04402300
2.81100000 -7.04508400
2.81200000 -7.04578540
2.81300000 -7.04573110
2.81400000 -7.04501200
2.81500000 -7.04409120
2.81600000 -7.04137900
2.81700000 -7.03879070
2.81800000 -7.03530070
2.81900000 -7.03201720
2.82000000 -7.02644210
2.82100000 -7.02140810
2.82200000 -7.01566600
2.82300000 -7.00870320
2.82400000 -7.00072570
2.82500000 -6.99332050
2.82600000 -6.98440930
2.82700000 -6.97500130
2.82800000 -6.96496110
2.82900000 -6.95545720
2.83000000 -6.94503880
2.83100000 -6.93392470
2.83200000 -6.92249730
2.83300000 -6.91163350
2.83400000 -6.90050840
2.83500000 -6.88917300
2.83600000 -6.87737800
2.83700000 -6.86634920
2.83800000 -6.85502240
2.83900000 -6.84526110
2.84000000 -6.83466100
2.84100000 -6.82545040
2.84200000 -6.81633520
2.84300000 -6.80901960
2.84400000 -6.80102060
2.84500000 -6.79564090
2.84600000 -6.78957180
2.84700000 -6.78447100
2.84800000 -6.78098870
2.84900000 -6.77865120
2.85000000 -6.77679870
2.85100000 -6.77740670
2.85200000 -6.77802180
2.85300000 -6.77975940
2.85400000 -6.78344770
2.85500000 -6.78831860
2.85600000 -6.79339120
2.85700000 -6.79983190
2.85800000 -6.80785610
2.85900000 -6.81717630
2.86000000 -6.82787080
2.86100000 -6.83806320
2.86200000 -6.84989690
2.86300000 -6.86200380
2.86400000 -6.87544350
2.86500000 -6.88941140
2.86600000 -6.90312910
2.86700000 -6.91805410
2.86800000 -6.93305350
2.86900000 -6.94800000
2.87000000 -6.96362160
2.87100000 -6.98016690
2.87200000 -6.99634500
2.87300000 -7.01278310
2.87400000 -7.02848530
2.87500000 -7.04319620
2.87600000 -7.05846210
2.87700000 -7.07227520
2.87800000 -7.08552790
2.87900000 -7.09886220
2.88000000 -7.11083510
2.88100000 -7.12157440
2.88200000 -7.13099050
2.88300000 -7.13960600
2.88400000 -7.14791150
2.88500000 -7.15395120
2.88600000 -7.15958830
2.88700000 -7.16330910
2.88800000 -7.16588780
2.88900000 -7.16753530
2.89000000 -7.16730590
2.89100000 -7.16544290
2.89200000 -7.16372060
2.89300000 -7.15946870
2.89400000 -7.15573840
2.89500000 -7.14921240
2.89600000 -7.14232110
2.89700000 -7.13331410
2.89800000 -7.12445020
2.89900000 -7.11394070
2.90000000 -7.10328770
2.90100000 -7.09270290
2.90200000 -7.08151910
2.90300000 -7.06929680
2.90400000 -7.05671360
2.90500000 -7.04390000
2.90600000 -7.03058150
2.90700000 -7.01628730
2.90800000 -7.00248340
2.90900000 -6.98842810
2.91000000 -6.97478250
2.91100000 -6.96130850
2.91200000 -6.94707680
2.91300000 -6.93432430
2.91400000 -6.92181920
2.91500000 -6.90852880
2.91600000 -6.89731740
2.91700000 -6.88524100
2.91800000 -6.87488890
2.91900000 -6.86490630
2.92000000 -6.85562320
2.92100000 -6.84672690
2.92200000 -6.84044270
2.92300000 -6.83297440
2.92400000 -6.82694050
2.92500000 -6.82275580
2.92600000 -6.81881000
2.92700000 -6.81487560
2.92800000 -6.81373450
2.92900000 -6.81322720
2.93000000 -6.81242660
2.93100000 -6.81459810
2.93200000 -6.81825210
2.93300000 -6.82218220
2.93400000 -6.82789610
2.93500000 -6.83302120
2.93600000 -6.83925530
2.93700000 -6.84658050
2.93800000 -6.85365820
2.93900000 -6.86200140
2.94000000 -6.87121010
2.94100000 -6.88041210
2.94200000 -6.89009950
2.94300000 -6.90073630
2.94400000 -6.91019010
2.94500000 -6.92040680
2.94600000 -6.93089490
2.94700000 -6.94231890
2.94800000 -6.95251560
2.94900000 -6.96288010
2.95000000 -6.97439380
2.95100000 -6.98459860
2.95200000 -6.99493460
2.95300000 -7.00503780
2.95400000 -7.01462980
2.95500000 -7.02413320
2.95600000 -7.03234000
2.95700000 -7.04043050
2.95800000 -7.04983430
2.95900000 -7.05664210
2.96000000 -7.06395670
2.96100000 -7.06995060
2.96200000 -7.07653000
2.96300000 -7.08236270
2.96400000 -7.08713960
2.96500000 -7.09123750
2.96600000 -7.09457210
2.96700000 -7.09849640
2.96800000 -7.10109280
2.96900000 -7.10418130
2.97000000 -7.10482500
2.97100000 -7.10574580
2.97200000 -7.10664370
2.97300000 -7.10617300
2.97400000 -7.10627130
2.97500000 -7.10562520
2.97600000 -7.10425620
2.97700000 -7.10373350
2.97800000 -7.10227680
2.97900000 -7.10027120
2.98000000 -7.09853700
2.98100000 -7.09617660
2.98200000 -7.09479810
2.98300000 -7.09271670
2.98400000 -7.09085750
2.98500000 -7.08831500
2.98600000 -7.08693030
2.98700000 -7.08477540
2.98800000 -7.08405590
2.98900000 -7.08231210
2.99000000 -7.08153960
2.99100000 -7.08093210
2.99200000 -7.08091550
2.99300000 -7.07978870
2.99400000 -7.08026790
2.99500000 -7.08120730
2.99600000 -7.08149480
2.99700000 -7.08238410
2.99800000 -7.08441930
2.99900000 -7.08643480
3.00000000 -7.08817100
3.00100000 -7.09172150
3.00200000 -7.09368710
3.00300000 -7.09843680
3.00400000 -7.10110090
3.00500000 -7.10486080
3.00600000 -7.10735940
3.00700000 -7.11215500
3.00800000 -7.11656480
3.00900000 -7.12039280
3.01000000 -7.12488320
3.01100000 -7.12876890
3.01200000 -7.13269040
3.01300000 -7.13595200
3.01400000 -7.14016530
3.01500000 -7.14315560
3.01600000 -7.14666220
3.01700000 -7.14964250
3.01800000 -7.15248970
3.01900000 -7.15480470
3.02000000 -7.15558620
3.02100000 -7.15589760
3.02200000 -7.15474030
3.02300000 -7.15436460
3.02400000 -7.15285350
3.02500000 -7.15022710
3.02600000 -7.14777760
3.02700000 -7.14375880
3.02800000 -7.13992980
3.02900000 -7.13533540
3.03000000 -7.13031100
3.03100000 -7.12404110
3.03200000 -7.11752510
3.03300000 -7.11086650
3.03400000 -7.10299160
3.03500000 -7.09553670
3.03600000 -7.08675670
3.03700000 -7.07758760
3.03800000 -7.06846330
3.03900000 -7.05833340
3.04000000 -7.04800080
3.04100000 -7.03818800
3.04200000 -7.02767180
3.04300000 -7.01696730
3.04400000 -7.00593190
3.04500000 -6.99574180
3.04600000 -6.98493190
3.04700000 -6.97502140
3.04800000 -6.96454950
3.04900000 -6.95482210
3.05000000 -6.94470930
3.05100000 -6.93498660
3.05200000 -6.92469310
3.05300000 -6.91608860
3.05400000 -6.90655800
3.05500000 -6.89940790
3.05600000 -6.89059260
3.05700000 -6.88428450
3.05800000 -6.87939450
3.05900000 -6.87437630
3.06000000 -6.87065790
3.06100000 -6.86700300
3.06200000 -6.86484910
3.06300000 -6.86388640
3.06400000 -6.86364460
3.06500000 -6.86401220
3.06600000 -6.86581610
3.06700000 -6.86736200
3.06800000 -6.87203550
3.06900000 -6.87515540
3.07000000 -6.88048840
3.07100000 -6.88575980
3.07200000 -6.89308120
3.07300000 -6.89928150
3.07400000 -6.90701680
3.07500000 -6.91585870
3.07600000 -6.92380290
3.07700000 -6.93261240
3.07800000 -6.94252350
3.07900000 -6.95138650
3.08000000 -6.96163080
3.08100000 -6.96998880
3.08200000 -6.97811220
3.08300000 -6.98698570
3.08400000 -6.99533560
3.08500000 -7.00456710
3.08600000 -7.01163340
3.08700000 -7.02068760
3.08800000 -7.02816250
3.08900000 -7.03586150
3.09000000 -7.04321000
3.09100000 -7.05001070
3.09200000 -7.05632020
3.09300000 -7.06251570
3.09400000 -7.06815530
3.09500000 -7.07423160
3.09600000 -7.07895040
3.09700000 -7.08360860
3.09800000 -7.08807710
3.09900000 -7.09183450
3.10000000 -7.09640600
3.10100000 -7.09959980
3.10200000 -7.10245940
3.10300000 -7.10558220
3.10400000 -7.10815240
3.10500000 -7.11099240
3.10600000 -7.11251780
3.10700000 -7.11561970
3.10800000 -7.11695000
3.10900000 -7.11870340
3.11000000 -7.12115670
3.11100000 -7.12050060
3.11200000 -7.12111280
3.11300000 -7.12111090
3.11400000 -7.12131070
3.11500000 -7.12129930
3.11600000 -7.12144470
3.11700000 -7.12153150
3.11800000 -7.12212180
3.11900000 -7.12273120
3.12000000 -7.12255530
3.12100000 -7.12371350
3.12200000 -7.12377640
3.12300000 -7.12461280
3.12400000 -7.12556550
3.12500000 -7.12701940
3.12600000 -7.12756490
3.12700000 -7.12874270
3.12800000 -7.12994380
3.12900000 -7.13065670
3.13000000 -7.13225890
3.13100000 -7.13292880
3.13200000 -7.13502170
3.13300000 -7.13588520
3.13400000 -7.13719750
3.13500000 -7.13894460
3.13600000 -7.13998890
3.13700000 -7.14126210
3.13800000 -7.14190670
3.13900000 -7.14273170
3.14000000 -7.14396670
3.14100000 -7.14348840
3.14200000 -7.14388660
3.14300000 -7.14341690
3.14400000 -7.14273980
3.14500000 -7.14157770
3.14600000 -7.14042190
3.14700000 -7.13921400
3.14800000 -7.13749690
3.14900000 -7.13614270
3.15000000 -7.13350060
3.15100000 -7.13070300
3.15200000 -7.12729930
3.15300000 -7.12381550
3.15400000 -7.12033370
3.15500000 -7.11628010
3.15600000 -7.11222650
3.15700000 -7.10713960
3.15800000 -7.10177040
3.15900000 -7.09633110
3.16000000 -7.09064960
3.16100000 -7.08373210
3.16200000 -7.07686900
3.16300000 -7.07039500
3.16400000 -7.06282470
3.16500000 -7.05572370
3.16600000 -7.04782960
3.16700000 -7.03948880
3.16800000 -7.03248830
3.16900000 -7.02393200
3.17000000 -7.01648620
3.17100000 -7.00843810
3.17200000 -6.99934580
3.17300000 -6.99182560
3.17400000 -6.98449990
3.17500000 -6.97711990
3.17600000 -6.96944710
3.17700000 -6.96151400
3.17800000 -6.95527320
3.17900000 -6.94994350
3.18000000 -6.94374700
3.18100000 -6.93840120
3.18200000 -6.93455460
3.18300000 -6.93050050
3.18400000 -6.92747160
3.18500000 -6.92502740
3.18600000 -6.92329650
3.18700000 -6.92301370
3.18800000 -6.92355060
3.18900000 -6.92443560
3.19000000 -6.92698810
3.19100000 -6.93023110
3.19200000 -6.93441250
3.19300000 -6.93908120
3.19400000 -6.94554280
3.19500000 -6.95430280
3.19600000 -6.96250440
3.19700000 -6.97122190
3.19800000 -6.98282430
3.19900000 -6.99485300
3.20000000 -7.00687500
