Frequency(GHz) s21_v1
1.20000000 -7.21861600
1.20100000 -7.20811610
1.20200000 -7.19689890
1.20300000 -7.18589310
1.20400000 -7.17565110
1.20500000 -7.16549490
1.20600000 -7.15382150
1.20700000 -7.14349510
1.20800000 -7.13217590
1.20900000 -7.12234970
1.21000000 -7.11179070
1.21100000 -7.09890270
1.21200000 -7.08823200
1.21300000 -7.07854800
1.21400000 -7.06718210
1.21500000 -7.05561590
1.21600000 -7.04490520
1.21700000 -7.03349400
1.21800000 -7.02232840
1.21900000 -7.01172300
1.22000000 -7.00129840
1.22100000 -6.99007510
1.22200000 -6.97845840
1.22300000 -6.96760030
1.22400000 -6.95466470
1.22500000 -6.94557140
1.22600000 -6.93385460
1.22700000 -6.92237380
1.22800000 -6.91171070
1.22900000 -6.89999870
1.23000000 -6.88886260
1.23100000 -6.87806030
1.23200000 -6.86603740
1.23300000 -6.85616060
1.23400000 -6.84412960
1.23500000 -6.83369920
1.23600000 -6.82165960
1.23700000 -6.81041380
1.23800000 -6.79862830
1.23900000 -6.78781560
1.24000000 -6.77561620
1.24100000 -6.76467900
1.24200000 -6.75252100
1.24300000 -6.74073460
1.24400000 -6.73044010
1.24500000 -6.71874710
1.24600000 -6.70788480
1.24700000 -6.69553760
1.24800000 -6.68498610
1.24900000 -6.67364880
1.25000000 -6.66085960
1.25100000 -6.65142390
1.25200000 -6.63898850
1.25300000 -6.62764550
1.25400000 -6.61684370
1.25500000 -6.60416360
1.25600000 -6.59199290
1.25700000 -6.58119680
1.25800000 -6.57007310
1.25900000 -6.55759860
1.26000000 -6.54735090
1.26100000 -6.53571610
1.26200000 -6.52362250
1.26300000 -6.51238630
1.26400000 -6.50189830
1.26500000 -6.48906140
1.26600000 -6.47815940
1.26700000 -6.46491290
1.26800000 -6.45337530
1.26900000 -6.44301510
1.27000000 -6.43084190
1.27100000 -6.42056040
1.27200000 -6.40743450
1.27300000 -6.39645860
1.27400000 -6.38484100
1.27500000 -6.37518880
1.27600000 -6.36211200
1.27700000 -6.35052680
1.27800000 -6.34032390
1.27900000 -6.32724670
1.28000000 -6.31435970
1.28100000 -6.30386730
1.28200000 -6.29259920
1.28300000 -6.28053570
1.28400000 -6.26947070
1.28500000 -6.25771090
1.28600000 -6.24518250
1.28700000 -6.23434780
1.28800000 -6.22347400
1.28900000 -6.21258970
1.29000000 -6.20005040
1.29100000 -6.18810650
1.29200000 -6.17602970
1.29300000 -6.16567850
1.29400000 -6.15437940
1.29500000 -6.14205410
1.29600000 -6.13087510
1.29700000 -6.12055160
1.29800000 -6.10706660
1.29900000 -6.09624960
1.30000000 -6.08468820
1.30100000 -6.07200770
1.30200000 -6.06253290
1.30300000 -6.05142210
1.30400000 -6.04007820
1.30500000 -6.02823260
1.30600000 -6.01697540
1.30700000 -6.00443170
1.30800000 -5.99335480
1.30900000 -5.98291160
1.31000000 -5.97168540
1.31100000 -5.96040250
1.31200000 -5.94839760
1.31300000 -5.93661210
1.31400000 -5.92615130
1.31500000 -5.91380640
1.31600000 -5.90296510
1.31700000 -5.89053730
1.31800000 -5.88095000
1.31900000 -5.86972570
1.32000000 -5.85798450
1.32100000 -5.84667020
1.32200000 -5.83451370
1.32300000 -5.82410570
1.32400000 -5.81214380
1.32500000 -5.80179930
1.32600000 -5.78981780
1.32700000 -5.77876850
1.32800000 -5.76691200
1.32900000 -5.75590850
1.33000000 -5.74489690
1.33100000 -5.73363690
1.33200000 -5.72255710
1.33300000 -5.71214060
1.33400000 -5.70079760
1.33500000 -5.68815280
1.33600000 -5.67960260
1.33700000 -5.66696170
1.33800000 -5.65553240
1.33900000 -5.64512630
1.34000000 -5.63394690
1.34100000 -5.62275700
1.34200000 -5.61126570
1.34300000 -5.60065030
1.34400000 -5.59033490
1.34500000 -5.57962800
1.34600000 -5.56726880
1.34700000 -5.55790620
1.34800000 -5.54731420
1.34900000 -5.53563590
1.35000000 -5.52431630
1.35100000 -5.51410580
1.35200000 -5.50247960
1.35300000 -5.49146840
1.35400000 -5.48124310
1.35500000 -5.47142600
1.35600000 -5.45907500
1.35700000 -5.44874100
1.35800000 -5.43715910
1.35900000 -5.42687180
1.36000000 -5.41565610
1.36100000 -5.40585280
1.36200000 -5.39527180
1.36300000 -5.38552620
1.36400000 -5.37432720
1.36500000 -5.36434030
1.36600000 -5.35392570
1.36700000 -5.34157320
1.36800000 -5.33386950
1.36900000 -5.32109360
1.37000000 -5.31076000
1.37100000 -5.29984330
1.37200000 -5.29005530
1.37300000 -5.27902080
1.37400000 -5.26920840
1.37500000 -5.25951190
1.37600000 -5.24830870
1.37700000 -5.23830130
1.37800000 -5.22783280
1.37900000 -5.21784780
1.38000000 -5.20861150
1.38100000 -5.19797850
1.38200000 -5.18784570
1.38300000 -5.17815730
1.38400000 -5.16605810
1.38500000 -5.15695570
1.38600000 -5.14614340
1.38700000 -5.13694570
1.38800000 -5.12649200
1.38900000 -5.11578130
1.39000000 -5.10692930
1.39100000 -5.09674640
1.39200000 -5.08713010
1.39300000 -5.07591720
1.39400000 -5.06641100
1.39500000 -5.05656720
1.39600000 -5.04572490
1.39700000 -5.03769020
1.39800000 -5.02702570
1.39900000 -5.01737070
1.40000000 -5.00734140
1.40100000 -4.99720530
1.40200000 -4.98774620
1.40300000 -4.97902490
1.40400000 -4.96827030
1.40500000 -4.95967050
1.40600000 -4.94886450
1.40700000 -4.93973450
1.40800000 -4.93027350
1.40900000 -4.92099380
1.41000000 -4.91148140
1.41100000 -4.90146060
1.41200000 -4.89123680
1.41300000 -4.88374900
1.41400000 -4.87280320
1.41500000 -4.86539460
1.41600000 -4.85469770
1.41700000 -4.84610890
1.41800000 -4.83668280
1.41900000 -4.82597060
1.42000000 -4.81822490
1.42100000 -4.81022740
1.42200000 -4.79901360
1.42300000 -4.79031900
1.42400000 -4.78142170
1.42500000 -4.77221300
1.42600000 -4.76293520
1.42700000 -4.75423910
1.42800000 -4.74425510
1.42900000 -4.73548890
1.43000000 -4.72750620
1.43100000 -4.71741100
1.43200000 -4.70859290
1.43300000 -4.70057440
1.43400000 -4.69050600
1.43500000 -4.68241830
1.43600000 -4.67448850
1.43700000 -4.66410830
1.43800000 -4.65655140
1.43900000 -4.64775560
1.44000000 -4.63893320
1.44100000 -4.62933590
1.44200000 -4.62170460
1.44300000 -4.61354490
1.44400000 -4.60376640
1.44500000 -4.59589670
1.44600000 -4.58739140
1.44700000 -4.57902530
1.44800000 -4.57122850
1.44900000 -4.56269260
1.45000000 -4.55486870
1.45100000 -4.54648260
1.45200000 -4.53830720
1.45300000 -4.53004500
1.45400000 -4.52145910
1.45500000 -4.51312400
1.45600000 -4.50479460
1.45700000 -4.49618860
1.45800000 -4.48904660
1.45900000 -4.48020410
1.46000000 -4.47251560
1.46100000 -4.46416330
1.46200000 -4.45609140
1.46300000 -4.44851020
1.46400000 -4.44004680
1.46500000 -4.43238400
1.46600000 -4.42524770
1.46700000 -4.41654250
1.46800000 -4.40885730
1.46900000 -4.40132900
1.47000000 -4.39409880
1.47100000 -4.38470170
1.47200000 -4.37949370
1.47300000 -4.37121250
1.47400000 -4.36400130
1.47500000 -4.35571430
1.47600000 -4.34864850
1.47700000 -4.34141110
1.47800000 -4.33426240
1.47900000 -4.32607510
1.48000000 -4.31855490
1.48100000 -4.31116250
1.48200000 -4.30505230
1.48300000 -4.29785490
1.48400000 -4.29014590
1.48500000 -4.28332420
1.48600000 -4.27635960
1.48700000 -4.26833920
1.48800000 -4.25997450
1.48900000 -4.25468680
1.49000000 -4.24727250
1.49100000 -4.24043180
1.49200000 -4.23356910
1.49300000 -4.22674750
1.49400000 -4.22014900
1.49500000 -4.21367170
1.49600000 -4.20617100
1.49700000 -4.20016770
1.49800000 -4.19348000
1.49900000 -4.18682100
1.50000000 -4.17995120
1.50100000 -4.17172240
1.50200000 -4.16624830
1.50300000 -4.15811540
1.50400000 -4.15165280
1.50500000 -4.14479540
1.50600000 -4.13870140
1.50700000 -4.13307570
1.50800000 -4.12590070
1.50900000 -4.12011480
1.51000000 -4.11388540
1.51100000 -4.10682250
1.51200000 -4.10109090
1.51300000 -4.09578510
1.51400000 -4.09012030
1.51500000 -4.08229110
1.51600000 -4.07756420
1.51700000 -4.07105680
1.51800000 -4.06419800
1.51900000 -4.05757670
1.52000000 -4.05311490
1.52100000 -4.04672810
1.52200000 -4.04009910
1.52300000 -4.03561400
1.52400000 -4.02927450
1.52500000 -4.02390810
1.52600000 -4.01765350
1.52700000 -4.01150610
1.52800000 -4.00658080
1.52900000 -4.00007300
1.53000000 -3.99479150
1.53100000 -3.98974180
1.53200000 -3.98417450
1.53300000 -3.97694900
1.53400000 -3.97131680
1.53500000 -3.96531340
1.53600000 -3.96098210
1.53700000 -3.95568470
1.53800000 -3.95074840
1.53900000 -3.94515420
1.54000000 -3.94099640
1.54100000 -3.93461560
1.54200000 -3.92872100
1.54300000 -3.92476390
1.54400000 -3.91981700
1.54500000 -3.91401050
1.54600000 -3.90949150
1.54700000 -3.90392920
1.54800000 -3.89823060
1.54900000 -3.89401010
1.55000000 -3.88995770
1.55100000 -3.88420990
1.55200000 -3.87967130
1.55300000 -3.87443800
1.55400000 -3.87016010
1.55500000 -3.86569170
1.55600000 -3.86093210
1.55700000 -3.85581210
1.55800000 -3.85126280
1.55900000 -3.84675690
1.56000000 -3.84355810
1.56100000 -3.83674500
1.56200000 -3.83402850
1.56300000 -3.82929940
1.56400000 -3.82369470
1.56500000 -3.81973530
1.56600000 -3.81555890
1.56700000 -3.81125930
1.56800000 -3.80656930
1.56900000 -3.80282160
1.57000000 -3.79823060
1.57100000 -3.79405020
1.57200000 -3.79025080
1.57300000 -3.78579500
1.57400000 -3.78221990
1.57500000 -3.77784090
1.57600000 -3.77461790
1.57700000 -3.76976510
1.57800000 -3.76642440
1.57900000 -3.76132150
1.58000000 -3.75846580
1.58100000 -3.75465770
1.58200000 -3.75050140
1.58300000 -3.74669030
1.58400000 -3.74293610
1.58500000 -3.73912290
1.58600000 -3.73610400
1.58700000 -3.73175810
1.58800000 -3.72805400
1.58900000 -3.72428250
1.59000000 -3.72138400
1.59100000 -3.71782450
1.59200000 -3.71387310
1.59300000 -3.71055750
1.59400000 -3.70794920
1.59500000 -3.70400910
1.59600000 -3.70088960
1.59700000 -3.69829340
1.59800000 -3.69390770
1.59900000 -3.69145010
1.60000000 -3.68719050
1.60100000 -3.68421100
1.60200000 -3.68114730
1.60300000 -3.67803720
1.60400000 -3.67492010
1.60500000 -3.67202280
1.60600000 -3.66888880
1.60700000 -3.66636660
1.60800000 -3.66202070
1.60900000 -3.65989830
1.61000000 -3.65650270
1.61100000 -3.65343260
1.61200000 -3.65075830
1.61300000 -3.64845660
1.61400000 -3.64576670
1.61500000 -3.64251690
1.61600000 -3.63983010
1.61700000 -3.63780280
1.61800000 -3.63438610
1.61900000 -3.63082740
1.62000000 -3.62976930
1.62100000 -3.62694330
1.62200000 -3.62559220
1.62300000 -3.62195610
1.62400000 -3.61920050
1.62500000 -3.61808610
1.62600000 -3.61465930
1.62700000 -3.61163380
1.62800000 -3.60887600
1.62900000 -3.60690120
1.63000000 -3.60563040
1.63100000 -3.60409470
1.63200000 -3.60036090
1.63300000 -3.59891150
1.63400000 -3.59656100
1.63500000 -3.59524390
1.63600000 -3.59278990
1.63700000 -3.58994480
1.63800000 -3.58839920
1.63900000 -3.58682040
1.64000000 -3.58522580
1.64100000 -3.58389540
1.64200000 -3.58125020
1.64300000 -3.57835700
1.64400000 -3.57668920
1.64500000 -3.57564780
1.64600000 -3.57283810
1.64700000 -3.57221360
1.64800000 -3.57037020
1.64900000 -3.56764130
1.65000000 -3.56785490
1.65100000 -3.56549290
1.65200000 -3.56368400
1.65300000 -3.56196430
1.65400000 -3.56132790
1.65500000 -3.55820890
1.65600000 -3.55708910
1.65700000 -3.55664920
1.65800000 -3.55421160
1.65900000 -3.55431270
1.66000000 -3.55141590
1.66100000 -3.55026080
1.66200000 -3.54902740
1.66300000 -3.54810380
1.66400000 -3.54709720
1.66500000 -3.54605510
1.66600000 -3.54575060
1.66700000 -3.54330520
1.66800000 -3.54259350
1.66900000 -3.54181270
1.67000000 -3.53999040
1.67100000 -3.53869100
1.67200000 -3.53799770
1.67300000 -3.53728750
1.67400000 -3.53625800
1.67500000 -3.53606720
1.67600000 -3.53613620
1.67700000 -3.53398160
1.67800000 -3.53383660
1.67900000 -3.53183480
1.68000000 -3.53273460
1.68100000 -3.53182860
1.68200000 -3.52992030
1.68300000 -3.52983140
1.68400000 -3.52881120
1.68500000 -3.52791140
1.68600000 -3.52821730
1.68700000 -3.52790810
1.68800000 -3.52693270
1.68900000 -3.52692890
1.69000000 -3.52636430
1.69100000 -3.52568100
1.69200000 -3.52544160
1.69300000 -3.52568100
1.69400000 -3.52453920
1.69500000 -3.52406020
1.69600000 -3.52392750
1.69700000 -3.52431770
1.69800000 -3.52315640
1.69900000 -3.52283910
1.70000000 -3.52294060
1.70100000 -3.52187300
1.70200000 -3.52230570
1.70300000 -3.52224590
1.70400000 -3.52256180
1.70500000 -3.52254100
1.70600000 -3.52376030
1.70700000 -3.52213670
1.70800000 -3.52303530
1.70900000 -3.52213260
1.71000000 -3.52274660
1.71100000 -3.52304550
1.71200000 -3.52295760
1.71300000 -3.52198620
1.71400000 -3.52288130
1.71500000 -3.52443960
1.71600000 -3.52367690
1.71700000 -3.52343580
1.71800000 -3.52357770
1.71900000 -3.52392360
1.72000000 -3.52504870
1.72100000 -3.52555510
1.72200000 -3.52505590
1.72300000 -3.52550270
1.72400000 -3.52648850
1.72500000 -3.52700500
1.72600000 -3.52790570
1.72700000 -3.52766990
1.72800000 -3.52894520
1.72900000 -3.52851490
1.73000000 -3.52881000
1.73100000 -3.52893880
1.73200000 -3.53014760
1.73300000 -3.53087470
1.73400000 -3.53199410
1.73500000 -3.53191380
1.73600000 -3.53216840
1.73700000 -3.53430340
1.73800000 -3.53513960
1.73900000 -3.53553250
1.74000000 -3.53709170
1.74100000 -3.53658960
1.74200000 -3.53827500
1.74300000 -3.53868030
1.74400000 -3.53940650
1.74500000 -3.54076980
1.74600000 -3.54154540
1.74700000 -3.54312470
1.74800000 -3.54289650
1.74900000 -3.54439330
1.75000000 -3.54691080
1.75100000 -3.54627870
1.75200000 -3.54810830
1.75300000 -3.54877020
1.75400000 -3.55077390
1.75500000 -3.55105300
1.75600000 -3.55263570
1.75700000 -3.55433800
1.75800000 -3.55501580
1.75900000 -3.55614140
1.76000000 -3.55783820
1.76100000 -3.55883340
1.76200000 -3.56013270
1.76300000 -3.56086230
1.76400000 -3.56430750
1.76500000 -3.56470660
1.76600000 -3.56576800
1.76700000 -3.56652830
1.76800000 -3.56997160
1.76900000 -3.57083730
1.77000000 -3.57125090
1.77100000 -3.57345580
1.77200000 -3.57495640
1.77300000 -3.57661410
1.77400000 -3.57778600
1.77500000 -3.57999800
1.77600000 -3.58075070
1.77700000 -3.58267280
1.77800000 -3.58494020
1.77900000 -3.58523580
1.78000000 -3.58773590
1.78100000 -3.58957100
1.78200000 -3.59129020
1.78300000 -3.59242460
1.78400000 -3.59446120
1.78500000 -3.59588050
1.78600000 -3.59876280
1.78700000 -3.60082010
1.78800000 -3.60140560
1.78900000 -3.60446500
1.79000000 -3.60589500
1.79100000 -3.60687690
1.79200000 -3.60987140
1.79300000 -3.61168460
1.79400000 -3.61345770
1.79500000 -3.61481380
1.79600000 -3.61751790
1.79700000 -3.61918590
1.79800000 -3.62167140
1.79900000 -3.62365460
1.80000000 -3.62525300
1.80100000 -3.62760760
1.80200000 -3.62922310
1.80300000 -3.63140230
1.80400000 -3.63394020
1.80500000 -3.63533120
1.80600000 -3.63879390
1.80700000 -3.64057180
1.80800000 -3.64261750
1.80900000 -3.64451550
1.81000000 -3.64671280
1.81100000 -3.64886950
1.81200000 -3.65101100
1.81300000 -3.65396550
1.81400000 -3.65665650
1.81500000 -3.65879960
1.81600000 -3.66051960
1.81700000 -3.66312960
1.81800000 -3.66708920
1.81900000 -3.66838500
1.82000000 -3.66961650
1.82100000 -3.67227010
1.82200000 -3.67515590
1.82300000 -3.67712880
1.82400000 -3.67960790
1.82500000 -3.68221930
1.82600000 -3.68493910
1.82700000 -3.68732170
1.82800000 -3.69031020
1.82900000 -3.69325020
1.83000000 -3.69469880
1.83100000 -3.69698310
1.83200000 -3.70030280
1.83300000 -3.70252610
1.83400000 -3.70489980
1.83500000 -3.70685580
1.83600000 -3.71091130
1.83700000 -3.71363260
1.83800000 -3.71598530
1.83900000 -3.71837690
1.84000000 -3.72130130
1.84100000 -3.72431470
1.84200000 -3.72636290
1.84300000 -3.73008560
1.84400000 -3.73214360
1.84500000 -3.73649500
1.84600000 -3.73748920
1.84700000 -3.74100280
1.84800000 -3.74340650
1.84900000 -3.74725510
1.85000000 -3.75045780
1.85100000 -3.75143740
1.85200000 -3.75466130
1.85300000 -3.75836800
1.85400000 -3.76161460
1.85500000 -3.76407070
1.85600000 -3.76649570
1.85700000 -3.76880260
1.85800000 -3.77414390
1.85900000 -3.77558230
1.86000000 -3.77901650
1.86100000 -3.78154870
1.86200000 -3.78509470
1.86300000 -3.78848310
1.86400000 -3.79125240
1.86500000 -3.79320810
1.86600000 -3.79691530
1.86700000 -3.79947950
1.86800000 -3.80274680
1.86900000 -3.80655530
1.87000000 -3.80955580
1.87100000 -3.81254270
1.87200000 -3.81688830
1.87300000 -3.81898020
1.87400000 -3.82230540
1.87500000 -3.82492900
1.87600000 -3.82792780
1.87700000 -3.83068920
1.87800000 -3.83407620
1.87900000 -3.83651260
1.88000000 -3.83982970
1.88100000 -3.84370710
1.88200000 -3.84540030
1.88300000 -3.85097580
1.88400000 -3.85337350
1.88500000 -3.85620210
1.88600000 -3.85905460
1.88700000 -3.86323020
1.88800000 -3.86635710
1.88900000 -3.86995030
1.89000000 -3.87162450
1.89100000 -3.87615750
1.89200000 -3.87939720
1.89300000 -3.88285570
1.89400000 -3.88664410
1.89500000 -3.88938550
1.89600000 -3.89328150
1.89700000 -3.89571930
1.89800000 -3.89976620
1.89900000 -3.90335610
1.90000000 -3.90576790
1.90100000 -3.90987590
1.90200000 -3.91308330
1.90300000 -3.91614010
1.90400000 -3.92012500
1.90500000 -3.92378210
1.90600000 -3.92625430
1.90700000 -3.92917060
1.90800000 -3.93269300
1.90900000 -3.93616220
1.91000000 -3.94052290
1.91100000 -3.94301100
1.91200000 -3.94777730
1.91300000 -3.95127960
1.91400000 -3.95423870
1.91500000 -3.95753620
1.91600000 -3.96108720
1.91700000 -3.96513180
1.91800000 -3.96812440
1.91900000 -3.97138290
1.92000000 -3.97598790
1.92100000 -3.97867080
1.92200000 -3.98153140
1.92300000 -3.98574640
1.92400000 -3.98969170
1.92500000 -3.99157480
1.92600000 -3.99678540
1.92700000 -3.99974970
1.92800000 -4.00353340
1.92900000 -4.00683640
1.93000000 -4.01116040
1.93100000 -4.01489020
1.93200000 -4.01728960
1.93300000 -4.02092500
1.93400000 -4.02628040
1.93500000 -4.02923820
1.93600000 -4.03287220
1.93700000 -4.03475000
1.93800000 -4.03898810
1.93900000 -4.04245280
1.94000000 -4.04620700
1.94100000 -4.04949950
1.94200000 -4.05399230
1.94300000 -4.05772260
1.94400000 -4.06147910
1.94500000 -4.06445650
1.94600000 -4.06837460
1.94700000 -4.07260700
1.94800000 -4.07538080
1.94900000 -4.07947730
1.95000000 -4.08251670
1.95100000 -4.08726790
1.95200000 -4.09091710
1.95300000 -4.09423110
1.95400000 -4.09727530
1.95500000 -4.10087920
1.95600000 -4.10423610
1.95700000 -4.10770800
1.95800000 -4.11217880
1.95900000 -4.11589150
1.96000000 -4.11908440
1.96100000 -4.12292720
1.96200000 -4.12577390
1.96300000 -4.12936450
1.96400000 -4.13343670
1.96500000 -4.13773390
1.96600000 -4.14159110
1.96700000 -4.14498420
1.96800000 -4.14853910
1.96900000 -4.15214870
1.97000000 -4.15588570
1.97100000 -4.15969510
1.97200000 -4.16291000
1.97300000 -4.16707660
1.97400000 -4.17139630
1.97500000 -4.17394070
1.97600000 -4.17678210
1.97700000 -4.18146230
1.97800000 -4.18586830
1.97900000 -4.18915840
1.98000000 -4.19200610
1.98100000 -4.19609640
1.98200000 -4.19894460
1.98300000 -4.20330910
1.98400000 -4.20733120
1.98500000 -4.21186880
1.98600000 -4.21449420
1.98700000 -4.21895600
1.98800000 -4.22238590
1.98900000 -4.22632500
1.99000000 -4.22896150
1.99100000 -4.23357630
1.99200000 -4.23733520
1.99300000 -4.24033450
1.99400000 -4.24452400
1.99500000 -4.24863530
1.99600000 -4.25190690
1.99700000 -4.25574640
1.99800000 -4.26030780
1.99900000 -4.26342820
2.00000000 -4.26733540
2.00100000 -4.27123120
2.00200000 -4.27486370
2.00300000 -4.27949950
2.00400000 -4.28148030
2.00500000 -4.28559400
2.00600000 -4.29126410
2.00700000 -4.29385710
2.00800000 -4.29603050
2.00900000 -4.30124660
2.01000000 -4.30471320
2.01100000 -4.30900190
2.01200000 -4.31325100
2.01300000 -4.31599760
2.01400000 -4.32082840
2.01500000 -4.32292460
2.01600000 -4.32734970
2.01700000 -4.33161120
2.01800000 -4.33404640
2.01900000 -4.33741950
2.02000000 -4.34241200
2.02100000 -4.34627440
2.02200000 -4.34834860
2.02300000 -4.35209850
2.02400000 -4.35601810
2.02500000 -4.36049890
2.02600000 -4.36416720
2.02700000 -4.36823030
2.02800000 -4.37163450
2.02900000 -4.37526990
2.03000000 -4.37967820
2.03100000 -4.38243390
2.03200000 -4.38691000
2.03300000 -4.39014010
2.03400000 -4.39264920
2.03500000 -4.39549880
2.03600000 -4.40040590
2.03700000 -4.40341190
2.03800000 -4.40761090
2.03900000 -4.41202740
2.04000000 -4.41306160
2.04100000 -4.41757770
2.04200000 -4.42123030
2.04300000 -4.42527150
2.04400000 -4.42861460
2.04500000 -4.43313410
2.04600000 -4.43636660
2.04700000 -4.43908500
2.04800000 -4.44315050
2.04900000 -4.44589900
2.05000000 -4.45140890
2.05100000 -4.45368340
2.05200000 -4.45730640
2.05300000 -4.46057370
2.05400000 -4.46482560
2.05500000 -4.46805670
2.05600000 -4.47050090
2.05700000 -4.47503710
2.05800000 -4.47931580
2.05900000 -4.48246960
2.06000000 -4.48448850
2.06100000 -4.48892160
2.06200000 -4.49183510
2.06300000 -4.49575140
2.06400000 -4.49887940
2.06500000 -4.50284530
2.06600000 -4.50723980
2.06700000 -4.51026920
2.06800000 -4.51394750
2.06900000 -4.51758430
2.07000000 -4.52123550
2.07100000 -4.52372170
2.07200000 -4.52718690
2.07300000 -4.53108550
2.07400000 -4.53455210
2.07500000 -4.53793530
2.07600000 -4.54143710
2.07700000 -4.54536390
2.07800000 -4.54854200
2.07900000 -4.55283260
2.08000000 -4.55581620
2.08100000 -4.55778170
2.08200000 -4.56252960
2.08300000 -4.56591320
2.08400000 -4.57038210
2.08500000 -4.57307480
2.08600000 -4.57600500
2.08700000 -4.57953600
2.08800000 -4.58404350
2.08900000 -4.58657120
2.09000000 -4.58956960
2.09100000 -4.59353880
2.09200000 -4.59721760
2.09300000 -4.59963890
2.09400000 -4.60338210
2.09500000 -4.60644150
2.09600000 -4.61036110
2.09700000 -4.61176730
2.09800000 -4.61618280
2.09900000 -4.62020110
2.10000000 -4.62460660
2.10100000 -4.62694980
2.10200000 -4.62949510
2.10300000 -4.63276240
2.10400000 -4.63577840
2.10500000 -4.63965320
2.10600000 -4.64289470
2.10700000 -4.64726830
2.10800000 -4.65049890
2.10900000 -4.65367080
2.11000000 -4.65560440
2.11100000 -4.66003370
2.11200000 -4.66272070
2.11300000 -4.66593600
2.11400000 -4.66844650
2.11500000 -4.67122650
2.11600000 -4.67528390
2.11700000 -4.67749500
2.11800000 -4.68128110
2.11900000 -4.68399330
2.12000000 -4.68822100
2.12100000 -4.69092750
2.12200000 -4.69578460
2.12300000 -4.69765470
2.12400000 -4.70074750
2.12500000 -4.70435810
2.12600000 -4.70741080
2.12700000 -4.70994040
2.12800000 -4.71304080
2.12900000 -4.71644020
2.13000000 -4.71976660
2.13100000 -4.72268440
2.13200000 -4.72637990
2.13300000 -4.72961710
2.13400000 -4.73226880
2.13500000 -4.73621610
2.13600000 -4.73894260
2.13700000 -4.74147800
2.13800000 -4.74452880
2.13900000 -4.74822330
2.14000000 -4.75110150
2.14100000 -4.75471740
2.14200000 -4.75584510
2.14300000 -4.76077370
2.14400000 -4.76404430
2.14500000 -4.76663780
2.14600000 -4.77086690
2.14700000 -4.77337460
2.14800000 -4.77622800
2.14900000 -4.77904180
2.15000000 -4.78337960
2.15100000 -4.78515100
2.15200000 -4.78865050
2.15300000 -4.79064510
2.15400000 -4.79285290
2.15500000 -4.79726510
2.15600000 -4.79909800
2.15700000 -4.80169870
2.15800000 -4.80550380
2.15900000 -4.80906490
2.16000000 -4.81076910
2.16100000 -4.81532570
2.16200000 -4.81824110
2.16300000 -4.82155850
2.16400000 -4.82430550
2.16500000 -4.82590390
2.16600000 -4.83093880
2.16700000 -4.83295150
2.16800000 -4.83615490
2.16900000 -4.83861020
2.17000000 -4.84122180
2.17100000 -4.84401750
2.17200000 -4.84637930
2.17300000 -4.84967990
2.17400000 -4.85187480
2.17500000 -4.85575150
2.17600000 -4.85780760
2.17700000 -4.86074300
2.17800000 -4.86390920
2.17900000 -4.86774110
2.18000000 -4.86930270
2.18100000 -4.87204070
2.18200000 -4.87535950
2.18300000 -4.87838650
2.18400000 -4.87973450
2.18500000 -4.88470220
2.18600000 -4.88667770
2.18700000 -4.88982490
2.18800000 -4.89239310
2.18900000 -4.89421220
2.19000000 -4.89839550
2.19100000 -4.90050940
2.19200000 -4.90254930
2.19300000 -4.90522380
2.19400000 -4.90804430
2.19500000 -4.91143890
2.19600000 -4.91433620
2.19700000 -4.91667030
2.19800000 -4.91853000
2.19900000 -4.92189500
2.20000000 -4.92364840
2.20100000 -4.92725230
2.20200000 -4.92931130
2.20300000 -4.93249370
2.20400000 -4.93627790
2.20500000 -4.93850850
2.20600000 -4.94095040
2.20700000 -4.94293500
2.20800000 -4.94608260
2.20900000 -4.94929220
2.21000000 -4.95161580
2.21100000 -4.95343780
2.21200000 -4.95810220
2.21300000 -4.95931630
2.21400000 -4.96280000
2.21500000 -4.96304560
2.21600000 -4.96717170
2.21700000 -4.96998600
2.21800000 -4.97131540
2.21900000 -4.97474380
2.22000000 -4.97668550
2.22100000 -4.97958610
2.22200000 -4.98277190
2.22300000 -4.98500540
2.22400000 -4.98747970
2.22500000 -4.99159720
2.22600000 -4.99256230
2.22700000 -4.99602840
2.22800000 -4.99807640
2.22900000 -5.00073240
2.23000000 -5.00334500
2.23100000 -5.00514940
2.23200000 -5.00639150
2.23300000 -5.00800560
2.23400000 -5.01213070
2.23500000 -5.01462840
2.23600000 -5.01713750
2.23700000 -5.01974630
2.23800000 -5.02089410
2.23900000 -5.02431770
2.24000000 -5.02782820
2.24100000 -5.02927780
2.24200000 -5.03265290
2.24300000 -5.03412960
2.24400000 -5.03754850
2.24500000 -5.03811600
2.24600000 -5.04062180
2.24700000 -5.04418950
2.24800000 -5.04629140
2.24900000 -5.04808140
2.25000000 -5.05157420
2.25100000 -5.05449960
2.25200000 -5.05576520
2.25300000 -5.05742740
2.25400000 -5.05970100
2.25500000 -5.06249620
2.25600000 -5.06542350
2.25700000 -5.06700520
2.25800000 -5.06815390
2.25900000 -5.07263090
2.26000000 -5.07294320
2.26100000 -5.07508710
2.26200000 -5.07834670
2.26300000 -5.08091550
2.26400000 -5.08339830
2.26500000 -5.08561940
2.26600000 -5.08737710
2.26700000 -5.08903550
2.26800000 -5.09279630
2.26900000 -5.09442660
2.27000000 -5.09620520
2.27100000 -5.09866520
2.27200000 -5.10060360
2.27300000 -5.10231160
2.27400000 -5.10534620
2.27500000 -5.10784530
2.27600000 -5.10863920
2.27700000 -5.11141440
2.27800000 -5.11460730
2.27900000 -5.11539360
2.28000000 -5.11772110
2.28100000 -5.12096410
2.28200000 -5.12166210
2.28300000 -5.12484170
2.28400000 -5.12703280
2.28500000 -5.12946560
2.28600000 -5.13065430
2.28700000 -5.13249490
2.28800000 -5.13499360
2.28900000 -5.13642930
2.29000000 -5.13935330
2.29100000 -5.14143470
2.29200000 -5.14385080
2.29300000 -5.14492560
2.29400000 -5.14637280
2.29500000 -5.14811990
2.29600000 -5.15131520
2.29700000 -5.15319490
2.29800000 -5.15459200
2.29900000 -5.15628860
2.30000000 -5.15858700
2.30100000 -5.16002560
2.30200000 -5.16186000
2.30300000 -5.16540100
2.30400000 -5.16765830
2.30500000 -5.16915370
2.30600000 -5.17064710
2.30700000 -5.17371800
2.30800000 -5.17464070
2.30900000 -5.17619090
2.31000000 -5.17913580
2.31100000 -5.17982820
2.31200000 -5.18056110
2.31300000 -5.18455220
2.31400000 -5.18590210
2.31500000 -5.18722200
2.31600000 -5.18941590
2.31700000 -5.19046160
2.31800000 -5.19478890
2.31900000 -5.19607450
2.32000000 -5.19775250
2.32100000 -5.20074370
2.32200000 -5.20064590
2.32300000 -5.20357560
2.32400000 -5.20426180
2.32500000 -5.20691540
2.32600000 -5.20847130
2.32700000 -5.21124410
2.32800000 -5.21339420
2.32900000 -5.21489140
2.33000000 -5.21680020
2.33100000 -5.21879720
2.33200000 -5.21917630
2.33300000 -5.22247360
2.33400000 -5.22442050
2.33500000 -5.22617100
2.33600000 -5.22728400
2.33700000 -5.22950940
2.33800000 -5.23091600
2.33900000 -5.23257300
2.34000000 -5.23591710
2.34100000 -5.23751020
2.34200000 -5.23816780
2.34300000 -5.24144650
2.34400000 -5.24291610
2.34500000 -5.24405960
2.34600000 -5.24561740
2.34700000 -5.24713230
2.34800000 -5.24899050
2.34900000 -5.25166230
2.35000000 -5.25254680
2.35100000 -5.25441930
2.35200000 -5.25672770
2.35300000 -5.25716730
2.35400000 -5.25957730
2.35500000 -5.26209450
2.35600000 -5.26226280
2.35700000 -5.26429180
2.35800000 -5.26616950
2.35900000 -5.26787330
2.36000000 -5.26933670
2.36100000 -5.27147820
2.36200000 -5.27256440
2.36300000 -5.27518750
2.36400000 -5.27609060
2.36500000 -5.27754930
2.36600000 -5.27978370
2.36700000 -5.28146740
2.36800000 -5.28381400
2.36900000 -5.28501700
2.37000000 -5.28712420
2.37100000 -5.28681760
2.37200000 -5.28945210
2.37300000 -5.29191780
2.37400000 -5.29423380
2.37500000 -5.29586740
2.37600000 -5.29725980
2.37700000 -5.29798320
2.37800000 -5.30064060
2.37900000 -5.30027480
2.38000000 -5.30386830
2.38100000 -5.30568600
2.38200000 -5.30735450
2.38300000 -5.30788660
2.38400000 -5.31069900
2.38500000 -5.31244990
2.38600000 -5.31303170
2.38700000 -5.31453750
2.38800000 -5.31690500
2.38900000 -5.31762700
2.39000000 -5.31943180
2.39100000 -5.32210640
2.39200000 -5.32325170
2.39300000 -5.32503890
2.39400000 -5.32742600
2.39500000 -5.32930710
2.39600000 -5.33048920
2.39700000 -5.33180900
2.39800000 -5.33399630
2.39900000 -5.33342360
2.40000000 -5.33755870
2.40100000 -5.33725450
2.40200000 -5.34022430
2.40300000 -5.34194610
2.40400000 -5.34262420
2.40500000 -5.34527730
2.40600000 -5.34729530
2.40700000 -5.34899000
2.40800000 -5.35108040
2.40900000 -5.35142560
2.41000000 -5.35201170
2.41100000 -5.35471250
2.41200000 -5.35509300
2.41300000 -5.35746720
2.41400000 -5.35932300
2.41500000 -5.35997630
2.41600000 -5.36178300
2.41700000 -5.36336180
2.41800000 -5.36498930
2.41900000 -5.36747170
2.42000000 -5.36799960
2.42100000 -5.37051820
2.42200000 -5.37207080
2.42300000 -5.37294050
2.42400000 -5.37316180
2.42500000 -5.37515830
2.42600000 -5.37722210
2.42700000 -5.37796830
2.42800000 -5.38020470
2.42900000 -5.38153600
2.43000000 -5.38263560
2.43100000 -5.38405080
2.43200000 -5.38509650
2.43300000 -5.38746170
2.43400000 -5.39003940
2.43500000 -5.38927560
2.43600000 -5.39182810
2.43700000 -5.39365960
2.43800000 -5.39466090
2.43900000 -5.39702270
2.44000000 -5.39783380
2.44100000 -5.39937640
2.44200000 -5.40032290
2.44300000 -5.40267180
2.44400000 -5.40385060
2.44500000 -5.40490150
2.44600000 -5.40504740
2.44700000 -5.40742440
2.44800000 -5.40752270
2.44900000 -5.41186290
2.45000000 -5.41232490
2.45100000 -5.41392470
2.45200000 -5.41464330
2.45300000 -5.41704750
2.45400000 -5.41825200
2.45500000 -5.41958140
2.45600000 -5.42165520
2.45700000 -5.42301080
2.45800000 -5.42433360
2.45900000 -5.42563340
2.46000000 -5.42823650
2.46100000 -5.42716840
2.46200000 -5.43020960
2.46300000 -5.43049910
2.46400000 -5.43228390
2.46500000 -5.43382410
2.46600000 -5.43634080
2.46700000 -5.43686960
2.46800000 -5.43835400
2.46900000 -5.43900970
2.47000000 -5.44083360
2.47100000 -5.44246720
2.47200000 -5.44260450
2.47300000 -5.44501300
2.47400000 -5.44515230
2.47500000 -5.44750690
2.47600000 -5.44845150
2.47700000 -5.44956250
2.47800000 -5.45185230
2.47900000 -5.45221420
2.48000000 -5.45431090
2.48100000 -5.45525170
2.48200000 -5.45657400
2.48300000 -5.45707940
2.48400000 -5.45867350
2.48500000 -5.46047070
2.48600000 -5.46142050
2.48700000 -5.46285150
2.48800000 -5.46464350
2.48900000 -5.46537690
2.49000000 -5.46775870
2.49100000 -5.46885490
2.49200000 -5.46866320
2.49300000 -5.47127340
2.49400000 -5.47211600
2.49500000 -5.47354080
2.49600000 -5.47419880
2.49700000 -5.47583100
2.49800000 -5.47747990
2.49900000 -5.47745040
2.50000000 -5.47912360
2.50100000 -5.47945880
2.50200000 -5.48324730
2.50300000 -5.48380140
2.50400000 -5.48438980
2.50500000 -5.48635150
2.50600000 -5.48700670
2.50700000 -5.48903040
2.50800000 -5.49005410
2.50900000 -5.49026390
2.51000000 -5.49289660
2.51100000 -5.49409200
2.51200000 -5.49530320
2.51300000 -5.49692770
2.51400000 -5.49748040
2.51500000 -5.49920130
2.51600000 -5.50064180
2.51700000 -5.50191550
2.51800000 -5.50275230
2.51900000 -5.50449900
2.52000000 -5.50598190
2.52100000 -5.50729610
2.52200000 -5.50910710
2.52300000 -5.51053430
2.52400000 -5.51179360
2.52500000 -5.51275160
2.52600000 -5.51473430
2.52700000 -5.51592870
2.52800000 -5.51548770
2.52900000 -5.51840210
2.53000000 -5.51980880
2.53100000 -5.51965240
2.53200000 -5.52182340
2.53300000 -5.52400640
2.53400000 -5.52469540
2.53500000 -5.52607630
2.53600000 -5.52791260
2.53700000 -5.52883630
2.53800000 -5.52987050
2.53900000 -5.53200340
2.54000000 -5.53300910
2.54100000 -5.53477190
2.54200000 -5.53518770
2.54300000 -5.53720090
2.54400000 -5.53853230
2.54500000 -5.53833480
2.54600000 -5.54067610
2.54700000 -5.54088070
2.54800000 -5.54296780
2.54900000 -5.54299830
2.55000000 -5.54516410
2.55100000 -5.54587220
2.55200000 -5.54853390
2.55300000 -5.54985000
2.55400000 -5.55046750
2.55500000 -5.55243250
2.55600000 -5.55373620
2.55700000 -5.55375580
2.55800000 -5.55624340
2.55900000 -5.55640270
2.56000000 -5.55787470
2.56100000 -5.55883460
2.56200000 -5.56084820
2.56300000 -5.56223390
2.56400000 -5.56240990
2.56500000 -5.56438590
2.56600000 -5.56626940
2.56700000 -5.56738040
2.56800000 -5.56761070
2.56900000 -5.57041120
2.57000000 -5.57071690
2.57100000 -5.57147360
2.57200000 -5.57350870
2.57300000 -5.57450630
2.57400000 -5.57581280
2.57500000 -5.57766390
2.57600000 -5.57811400
2.57700000 -5.57965370
2.57800000 -5.58143570
2.57900000 -5.58291200
2.58000000 -5.58336590
2.58100000 -5.58551840
2.58200000 -5.58626990
2.58300000 -5.58769940
2.58400000 -5.58840470
2.58500000 -5.59024570
2.58600000 -5.59210780
2.58700000 -5.59291740
2.58800000 -5.59478620
2.58900000 -5.59581140
2.59000000 -5.59816220
2.59100000 -5.59906580
2.59200000 -5.60009480
2.59300000 -5.60263820
2.59400000 -5.60290580
2.59500000 -5.60529710
2.59600000 -5.60536860
2.59700000 -5.60675430
2.59800000 -5.60857390
2.59900000 -5.61001540
2.60000000 -5.61081980
2.60100000 -5.61309580
2.60200000 -5.61438610
2.60300000 -5.61566830
2.60400000 -5.61765340
2.60500000 -5.61693860
2.60600000 -5.61997600
2.60700000 -5.62015490
2.60800000 -5.62262200
2.60900000 -5.62425850
2.61000000 -5.62439390
2.61100000 -5.62705800
2.61200000 -5.62678430
2.61300000 -5.63012790
2.61400000 -5.63069340
2.61500000 -5.63220500
2.61600000 -5.63276100
2.61700000 -5.63428310
2.61800000 -5.63637020
2.61900000 -5.63718510
2.62000000 -5.63797900
2.62100000 -5.64037080
2.62200000 -5.64039900
2.62300000 -5.64286230
2.62400000 -5.64461520
2.62500000 -5.64471440
2.62600000 -5.64733310
2.62700000 -5.64727070
2.62800000 -5.64897970
2.62900000 -5.65186830
2.63000000 -5.65157370
2.63100000 -5.65356640
2.63200000 -5.65592720
2.63300000 -5.65628960
2.63400000 -5.65644550
2.63500000 -5.65942720
2.63600000 -5.66000030
2.63700000 -5.66136790
2.63800000 -5.66407300
2.63900000 -5.66437580
2.64000000 -5.66699930
2.64100000 -5.66628170
2.64200000 -5.66775510
2.64300000 -5.67082410
2.64400000 -5.67240140
2.64500000 -5.67377420
2.64600000 -5.67511270
2.64700000 -5.67679980
2.64800000 -5.67767570
2.64900000 -5.67849780
2.65000000 -5.68044470
2.65100000 -5.68190530
2.65200000 -5.68208550
2.65300000 -5.68499950
2.65400000 -5.68549010
2.65500000 -5.68746090
2.65600000 -5.68959000
2.65700000 -5.69081020
2.65800000 -5.69211530
2.65900000 -5.69396110
2.66000000 -5.69427970
2.66100000 -5.69690040
2.66200000 -5.69777350
2.66300000 -5.69922300
2.66400000 -5.70094870
2.66500000 -5.70174070
2.66600000 -5.70282410
2.66700000 -5.70286460
2.66800000 -5.70370630
2.66900000 -5.70619730
2.67000000 -5.70767690
2.67100000 -5.71013310
2.67200000 -5.71167850
2.67300000 -5.71332030
2.67400000 -5.71331500
2.67500000 -5.71456530
2.67600000 -5.71689990
2.67700000 -5.71770140
2.67800000 -5.71852110
2.67900000 -5.72068170
2.68000000 -5.72241690
2.68100000 -5.72184990
2.68200000 -5.72448020
2.68300000 -5.72483870
2.68400000 -5.72618580
2.68500000 -5.72799680
2.68600000 -5.72946550
2.68700000 -5.73036150
2.68800000 -5.73148250
2.68900000 -5.73329070
2.69000000 -5.73510690
2.69100000 -5.73641870
2.69200000 -5.73674630
2.69300000 -5.73842050
2.69400000 -5.73997780
2.69500000 -5.74152330
2.69600000 -5.74235920
2.69700000 -5.74350500
2.69800000 -5.74545720
2.69900000 -5.74669360
2.70000000 -5.74798730
2.70100000 -5.74924660
2.70200000 -5.75024030
2.70300000 -5.75198750
2.70400000 -5.75305800
2.70500000 -5.75497290
2.70600000 -5.75679730
2.70700000 -5.75705100
2.70800000 -5.75837710
2.70900000 -5.75897460
2.71000000 -5.76021860
2.71100000 -5.76140830
2.71200000 -5.76312160
2.71300000 -5.76631590
2.71400000 -5.76495550
2.71500000 -5.76653390
2.71600000 -5.76951790
2.71700000 -5.76899670
2.71800000 -5.77099900
2.71900000 -5.77419380
2.72000000 -5.77435540
2.72100000 -5.77508780
2.72200000 -5.77645640
2.72300000 -5.77874800
2.72400000 -5.77825590
2.72500000 -5.78096680
2.72600000 -5.78186800
2.72700000 -5.78263190
2.72800000 -5.78559260
2.72900000 -5.78591540
2.73000000 -5.78761910
2.73100000 -5.78884840
2.73200000 -5.79052590
2.73300000 -5.79217960
2.73400000 -5.79328820
2.73500000 -5.79440360
2.73600000 -5.79546400
2.73700000 -5.79650590
2.73800000 -5.79830170
2.73900000 -5.80037500
2.74000000 -5.79982520
2.74100000 -5.80258460
2.74200000 -5.80371810
2.74300000 -5.80544330
2.74400000 -5.80535890
2.74500000 -5.80764250
2.74600000 -5.80915780
2.74700000 -5.81031040
2.74800000 -5.81144710
2.74900000 -5.81359290
2.75000000 -5.81351180
2.75100000 -5.81402440
2.75200000 -5.81595180
2.75300000 -5.81846190
2.75400000 -5.81885240
2.75500000 -5.82001540
2.75600000 -5.82072160
2.75700000 -5.82335380
2.75800000 -5.82418780
2.75900000 -5.82700870
2.76000000 -5.82640310
2.76100000 -5.82957740
2.76200000 -5.83027270
2.76300000 -5.83073520
2.76400000 -5.83267590
2.76500000 -5.83527420
2.76600000 -5.83480880
2.76700000 -5.83648820
2.76800000 -5.83821870
2.76900000 -5.84001450
2.77000000 -5.84122660
2.77100000 -5.84267760
2.77200000 -5.84424880
2.77300000 -5.84608940
2.77400000 -5.84837910
2.77500000 -5.84964080
2.77600000 -5.84974380
2.77700000 -5.85068180
2.77800000 -5.85330820
2.77900000 -5.85472150
2.78000000 -5.85568570
2.78100000 -5.85834170
2.78200000 -5.85913520
2.78300000 -5.85958340
2.78400000 -5.86294650
2.78500000 -5.86148170
2.78600000 -5.86411670
2.78700000 -5.86654000
2.78800000 -5.86782360
2.78900000 -5.86859750
2.79000000 -5.87037900
2.79100000 -5.87166980
2.79200000 -5.87346510
2.79300000 -5.87621550
2.79400000 -5.87602090
2.79500000 -5.87802840
2.79600000 -5.87960430
2.79700000 -5.88114360
2.79800000 -5.88312150
2.79900000 -5.88317250
2.80000000 -5.88401890
2.80100000 -5.88737770
2.80200000 -5.88809680
2.80300000 -5.88814590
2.80400000 -5.89019540
2.80500000 -5.89275690
2.80600000 -5.89291240
2.80700000 -5.89592840
2.80800000 -5.89692070
2.80900000 -5.89719870
2.81000000 -5.89944700
2.81100000 -5.90124080
2.81200000 -5.90104290
2.81300000 -5.90355730
2.81400000 -5.90500350
2.81500000 -5.90627240
2.81600000 -5.90902520
2.81700000 -5.91004560
2.81800000 -5.91140320
2.81900000 -5.91295390
2.82000000 -5.91424940
2.82100000 -5.91651060
2.82200000 -5.91727880
2.82300000 -5.91920850
2.82400000 -5.92036100
2.82500000 -5.92042540
2.82600000 -5.92343000
2.82700000 -5.92493150
2.82800000 -5.92719460
2.82900000 -5.92868420
2.83000000 -5.92962220
2.83100000 -5.92981770
2.83200000 -5.93195530
2.83300000 -5.93533130
2.83400000 -5.93480920
2.83500000 -5.93723200
2.83600000 -5.93871640
2.83700000 -5.94198370
2.83800000 -5.94205570
2.83900000 -5.94484000
2.84000000 -5.94544840
2.84100000 -5.94730710
2.84200000 -5.94808010
2.84300000 -5.95020960
2.84400000 -5.95226190
2.84500000 -5.95318270
2.84600000 -5.95466090
2.84700000 -5.95603750
2.84800000 -5.95813940
2.84900000 -5.95831680
2.85000000 -5.96093650
2.85100000 -5.96292730
2.85200000 -5.96448470
2.85300000 -5.96597050
2.85400000 -5.96611170
2.85500000 -5.96782880
2.85600000 -5.97033640
2.85700000 -5.97194580
2.85800000 -5.97246600
2.85900000 -5.97324560
2.86000000 -5.97672130
2.86100000 -5.97742220
2.86200000 -5.98113580
2.86300000 -5.98074670
2.86400000 -5.98172660
2.86500000 -5.98385570
2.86600000 -5.98515270
2.86700000 -5.98561430
2.86800000 -5.98765950
2.86900000 -5.99097160
2.87000000 -5.99123100
2.87100000 -5.99327470
2.87200000 -5.99371100
2.87300000 -5.99563740
2.87400000 -5.99782470
2.87500000 -5.99916120
2.87600000 -6.00173470
2.87700000 -6.00023890
2.87800000 -6.00249910
2.87900000 -6.00329640
2.88000000 -6.00426200
2.88100000 -6.00751210
2.88200000 -6.01052670
2.88300000 -6.01101490
2.88400000 -6.01149030
2.88500000 -6.01417060
2.88600000 -6.01633170
2.88700000 -6.01669220
2.88800000 -6.01892230
2.88900000 -6.02053740
2.89000000 -6.02085590
2.89100000 -6.02226970
2.89200000 -6.02459810
2.89300000 -6.02660130
2.89400000 -6.02789260
2.89500000 -6.02831750
2.89600000 -6.03187560
2.89700000 -6.03121710
2.89800000 -6.03234200
2.89900000 -6.03449680
2.90000000 -6.03530220
2.90100000 -6.03785280
2.90200000 -6.03942680
2.90300000 -6.04060650
2.90400000 -6.04299740
2.90500000 -6.04406550
2.90600000 -6.04543920
2.90700000 -6.04825540
2.90800000 -6.04870270
2.90900000 -6.05021910
2.91000000 -6.05108120
2.91100000 -6.05454540
2.91200000 -6.05505230
2.91300000 -6.05655620
2.91400000 -6.05775020
2.91500000 -6.05887600
2.91600000 -6.06130360
2.91700000 -6.06188110
2.91800000 -6.06301880
2.91900000 -6.06449560
2.92000000 -6.06635900
2.92100000 -6.06836800
2.92200000 -6.06903170
2.92300000 -6.07016370
2.92400000 -6.07188030
2.92500000 -6.07231040
2.92600000 -6.07452540
2.92700000 -6.07645990
2.92800000 -6.07747270
2.92900000 -6.07874490
2.93000000 -6.07990360
2.93100000 -6.08143040
2.93200000 -6.08222870
2.93300000 -6.08386610
2.93400000 -6.08560850
2.93500000 -6.08618970
2.93600000 -6.08814530
2.93700000 -6.08887580
2.93800000 -6.09034730
2.93900000 -6.09218170
2.94000000 -6.09362550
2.94100000 -6.09544180
2.94200000 -6.09561160
2.94300000 -6.09712360
2.94400000 -6.09813500
2.94500000 -6.10057830
2.94600000 -6.10149430
2.94700000 -6.10209890
2.94800000 -6.10365390
2.94900000 -6.10571720
2.95000000 -6.10721110
2.95100000 -6.10800220
2.95200000 -6.10983610
2.95300000 -6.11034390
2.95400000 -6.11221980
2.95500000 -6.11343670
2.95600000 -6.11478570
2.95700000 -6.11621520
2.95800000 -6.11674980
2.95900000 -6.11964850
2.96000000 -6.12067080
2.96100000 -6.12278030
2.96200000 -6.12340260
2.96300000 -6.12296250
2.96400000 -6.12610480
2.96500000 -6.12717250
2.96600000 -6.12951560
2.96700000 -6.13175060
2.96800000 -6.13322780
2.96900000 -6.13312200
2.97000000 -6.13583280
2.97100000 -6.13676830
2.97200000 -6.13898660
2.97300000 -6.14101550
2.97400000 -6.14262530
2.97500000 -6.14328290
2.97600000 -6.14522030
2.97700000 -6.14806080
2.97800000 -6.14795210
2.97900000 -6.14979740
2.98000000 -6.15171000
2.98100000 -6.15270040
2.98200000 -6.15510370
2.98300000 -6.15639970
2.98400000 -6.15906720
2.98500000 -6.15944100
2.98600000 -6.16096970
2.98700000 -6.16233210
2.98800000 -6.16340490
2.98900000 -6.16526750
2.99000000 -6.16617160
2.99100000 -6.16842750
2.99200000 -6.16902160
2.99300000 -6.17122700
2.99400000 -6.17165710
2.99500000 -6.17495110
2.99600000 -6.17501260
2.99700000 -6.17605070
2.99800000 -6.17917920
2.99900000 -6.17912530
3.00000000 -6.18115620
3.00100000 -6.18384360
3.00200000 -6.18416170
3.00300000 -6.18466000
3.00400000 -6.18693920
3.00500000 -6.18861290
3.00600000 -6.18907120
3.00700000 -6.19065330
3.00800000 -6.19117980
3.00900000 -6.19325400
3.01000000 -6.19453530
3.01100000 -6.19708250
3.01200000 -6.19753360
3.01300000 -6.19848440
3.01400000 -6.19933180
3.01500000 -6.20191530
3.01600000 -6.20313930
3.01700000 -6.20418450
3.01800000 -6.20552920
3.01900000 -6.20721480
3.02000000 -6.20793530
3.02100000 -6.21046350
3.02200000 -6.21121600
3.02300000 -6.21364830
3.02400000 -6.21299980
3.02500000 -6.21352150
3.02600000 -6.21658330
3.02700000 -6.21886490
3.02800000 -6.22010900
3.02900000 -6.22166110
3.03000000 -6.22255990
3.03100000 -6.22492220
3.03200000 -6.22598310
3.03300000 -6.22804500
3.03400000 -6.23008250
3.03500000 -6.23186870
3.03600000 -6.23337700
3.03700000 -6.23334460
3.03800000 -6.23634240
3.03900000 -6.23681740
3.04000000 -6.23891210
3.04100000 -6.24044990
3.04200000 -6.24101830
3.04300000 -6.24302430
3.04400000 -6.24512150
3.04500000 -6.24686050
3.04600000 -6.24919700
3.04700000 -6.24977920
3.04800000 -6.25099230
3.04900000 -6.25229360
3.05000000 -6.25469920
3.05100000 -6.25542400
3.05200000 -6.25736900
3.05300000 -6.25924680
3.05400000 -6.26136450
3.05500000 -6.26248930
3.05600000 -6.26495700
3.05700000 -6.26552920
3.05800000 -6.26672700
3.05900000 -6.26787710
3.06000000 -6.26913450
3.06100000 -6.27294450
3.06200000 -6.27351090
3.06300000 -6.27545400
3.06400000 -6.27565720
3.06500000 -6.27626040
3.06600000 -6.27867360
3.06700000 -6.27955060
3.06800000 -6.28215120
3.06900000 -6.28143450
3.07000000 -6.28462080
3.07100000 -6.28488780
3.07200000 -6.28698110
3.07300000 -6.28831290
3.07400000 -6.28965850
3.07500000 -6.29050250
3.07600000 -6.29202560
3.07700000 -6.29385230
3.07800000 -6.29577110
3.07900000 -6.29691120
3.08000000 -6.29691220
3.08100000 -6.29977510
3.08200000 -6.30079410
3.08300000 -6.30080370
3.08400000 -6.30271200
3.08500000 -6.30377050
3.08600000 -6.30549340
3.08700000 -6.30733490
3.08800000 -6.30883840
3.08900000 -6.31034900
3.09000000 -6.31151960
3.09100000 -6.31148050
3.09200000 -6.31357570
3.09300000 -6.31405310
3.09400000 -6.31584170
3.09500000 -6.31737330
3.09600000 -6.31875510
3.09700000 -6.31970830
3.09800000 -6.32110600
3.09900000 -6.32225850
3.10000000 -6.32368710
3.10100000 -6.32513000
3.10200000 -6.32731440
3.10300000 -6.32763860
3.10400000 -6.32908960
3.10500000 -6.33011100
3.10600000 -6.33213900
3.10700000 -6.33292680
3.10800000 -6.33426900
3.10900000 -6.33548160
3.11000000 -6.33570100
3.11100000 -6.33697130
3.11200000 -6.33905320
3.11300000 -6.34030910
3.11400000 -6.34170100
3.11500000 -6.34282880
3.11600000 -6.34365180
3.11700000 -6.34565450
3.11800000 -6.34883590
3.11900000 -6.34829570
3.12000000 -6.35117440
3.12100000 -6.34961840
3.12200000 -6.35175560
3.12300000 -6.35258150
3.12400000 -6.35433150
3.12500000 -6.35544920
3.12600000 -6.35654450
3.12700000 -6.35841370
3.12800000 -6.35927340
3.12900000 -6.36063960
3.13000000 -6.36197900
3.13100000 -6.36312100
3.13200000 -6.36472610
3.13300000 -6.36582850
3.13400000 -6.36618950
3.13500000 -6.36859510
3.13600000 -6.37015490
3.13700000 -6.37110660
3.13800000 -6.37226490
3.13900000 -6.37364580
3.14000000 -6.37499380
3.14100000 -6.37540290
3.14200000 -6.37647820
3.14300000 -6.37835930
3.14400000 -6.37880950
3.14500000 -6.38005350
3.14600000 -6.38267950
3.14700000 -6.38233520
3.14800000 -6.38393450
3.14900000 -6.38645270
3.15000000 -6.38751270
3.15100000 -6.38800620
3.15200000 -6.38946010
3.15300000 -6.39022680
3.15400000 -6.38980250
3.15500000 -6.39328050
3.15600000 -6.39459420
3.15700000 -6.39528890
3.15800000 -6.39686630
3.15900000 -6.39677570
3.16000000 -6.39870410
3.16100000 -6.40119030
3.16200000 -6.40133950
3.16300000 -6.40202520
3.16400000 -6.40340140
3.16500000 -6.40521720
3.16600000 -6.40734770
3.16700000 -6.40717980
3.16800000 -6.40844540
3.16900000 -6.41015010
3.17000000 -6.41127870
3.17100000 -6.41180660
3.17200000 -6.41322710
3.17300000 -6.41485980
3.17400000 -6.41537000
3.17500000 -6.41616390
3.17600000 -6.41809370
3.17700000 -6.41932960
3.17800000 -6.41928960
3.17900000 -6.42170860
3.18000000 -6.42285870
3.18100000 -6.42414710
3.18200000 -6.42474790
3.18300000 -6.42564580
3.18400000 -6.42763570
3.18500000 -6.42698050
3.18600000 -6.42971990
3.18700000 -6.42995740
3.18800000 -6.43289330
3.18900000 -6.43239120
3.19000000 -6.43377920
3.19100000 -6.43502000
3.19200000 -6.43578150
3.19300000 -6.43673750
3.19400000 -6.43820620
3.19500000 -6.43926910
3.19600000 -6.44057850
3.19700000 -6.44142250
3.19800000 -6.44229410
3.19900000 -6.44279620
3.20000000 -6.44438550
