Frequency(GHz) s21_phase
1.20000000 130.49263000
1.20100000 126.78348000
1.20200000 123.07204000
1.20300000 119.34637000
1.20400000 115.61401000
1.20500000 111.87989000
1.20600000 108.13667000
1.20700000 104.38892000
1.20800000 100.62871000
1.20900000 96.85473600
1.21000000 93.07995600
1.21100000 89.30279500
1.21200000 85.51576200
1.21300000 81.71703300
1.21400000 77.92379000
1.21500000 74.11399100
1.21600000 70.29750800
1.21700000 66.48024000
1.21800000 62.65304600
1.21900000 58.82916300
1.22000000 54.99556700
1.22100000 51.16147200
1.22200000 47.31972900
1.22300000 43.47433100
1.22400000 39.63007000
1.22500000 35.77791200
1.22600000 31.93272600
1.22700000 28.08458500
1.22800000 24.23757000
1.22900000 20.38460200
1.23000000 16.53744500
1.23100000 12.68940100
1.23200000 8.84067150
1.23300000 4.99459550
1.23400000 1.14657220
1.23500000 -2.69440220
1.23600000 -6.52948570
1.23700000 -10.36846400
1.23800000 -14.20439300
1.23900000 -18.04157800
1.24000000 -21.87103300
1.24100000 -25.70062400
1.24200000 -29.53137200
1.24300000 -33.35677700
1.24400000 -37.17524000
1.24500000 -40.99553300
1.24600000 -44.81466300
1.24700000 -48.62936000
1.24800000 -52.45630300
1.24900000 -56.27018000
1.25000000 -60.09134300
1.25100000 -63.90896600
1.25200000 -67.72741700
1.25300000 -71.54679100
1.25400000 -75.36862200
1.25500000 -79.19130700
1.25600000 -83.01255800
1.25700000 -86.83880600
1.25800000 -90.66892200
1.25900000 -94.49572800
1.26000000 -98.32989500
1.26100000 -102.17091000
1.26200000 -106.00928000
1.26300000 -109.85542000
1.26400000 -113.70021000
1.26500000 -117.55125000
1.26600000 -121.40738000
1.26700000 -125.26270000
1.26800000 -129.12749000
1.26900000 -132.99544000
1.27000000 -136.85846000
1.27100000 -140.73259000
1.27200000 -144.60269000
1.27300000 -148.47772000
1.27400000 -152.35953000
1.27500000 -156.23573000
1.27600000 -160.11716000
1.27700000 -164.00374000
1.27800000 -167.88640000
1.27900000 -171.76833000
1.28000000 -175.65021000
1.28100000 -179.53645000
1.28200000 176.59160000
1.28300000 172.71457000
1.28400000 168.83429000
1.28500000 164.96613000
1.28600000 161.10205000
1.28700000 157.23582000
1.28800000 153.38303000
1.28900000 149.53136000
1.29000000 145.68625000
1.29100000 141.84860000
1.29200000 138.01608000
1.29300000 134.19154000
1.29400000 130.37375000
1.29500000 126.56834000
1.29600000 122.76833000
1.29700000 118.97083000
1.29800000 115.19817000
1.29900000 111.42072000
1.30000000 107.65900000
1.30100000 103.90363000
1.30200000 100.14733000
1.30300000 96.41335300
1.30400000 92.67916100
1.30500000 88.95573400
1.30600000 85.23842600
1.30700000 81.53327200
1.30800000 77.83383200
1.30900000 74.13880900
1.31000000 70.44625100
1.31100000 66.76610600
1.31200000 63.09070600
1.31300000 59.40889700
1.31400000 55.74355300
1.31500000 52.07828900
1.31600000 48.41471900
1.31700000 44.75204500
1.31800000 41.09183900
1.31900000 37.43056900
1.32000000 33.77685500
1.32100000 30.11250900
1.32200000 26.45699100
1.32300000 22.79234700
1.32400000 19.13024500
1.32500000 15.46366100
1.32600000 11.78995000
1.32700000 8.11625960
1.32800000 4.43421080
1.32900000 0.74800301
1.33000000 -2.94093660
1.33100000 -6.64054160
1.33200000 -10.33539300
1.33300000 -14.04347300
1.33400000 -17.76045800
1.33500000 -21.48201900
1.33600000 -25.20693000
1.33700000 -28.93565900
1.33800000 -32.68403200
1.33900000 -36.42792100
1.34000000 -40.18763000
1.34100000 -43.94731500
1.34200000 -47.71971500
1.34300000 -51.49828700
1.34400000 -55.28488500
1.34500000 -59.06285100
1.34600000 -62.86019900
1.34700000 -66.66324600
1.34800000 -70.46799500
1.34900000 -74.27587900
1.35000000 -78.09110300
1.35100000 -81.91156000
1.35200000 -85.73512300
1.35300000 -89.56256100
1.35400000 -93.39222700
1.35500000 -97.22657800
1.35600000 -101.06097000
1.35700000 -104.90064000
1.35800000 -108.73021000
1.35900000 -112.57625000
1.36000000 -116.41985000
1.36100000 -120.26078000
1.36200000 -124.09927000
1.36300000 -127.94212000
1.36400000 -131.78951000
1.36500000 -135.62634000
1.36600000 -139.46399000
1.36700000 -143.30493000
1.36800000 -147.14027000
1.36900000 -150.97940000
1.37000000 -154.81540000
1.37100000 -158.64713000
1.37200000 -162.47755000
1.37300000 -166.30852000
1.37400000 -170.13300000
1.37500000 -173.95763000
1.37600000 -177.78273000
1.37700000 178.39668000
1.37800000 174.57927000
1.37900000 170.76184000
1.38000000 166.95045000
1.38100000 163.13069000
1.38200000 159.32559000
1.38300000 155.51689000
1.38400000 151.71259000
1.38500000 147.90509000
1.38600000 144.10434000
1.38700000 140.30196000
1.38800000 136.50482000
1.38900000 132.70967000
1.39000000 128.91208000
1.39100000 125.11097000
1.39200000 121.31750000
1.39300000 117.52690000
1.39400000 113.72994000
1.39500000 109.93522000
1.39600000 106.14474000
1.39700000 102.35437000
1.39800000 98.55765500
1.39900000 94.76786000
1.40000000 90.97596700
1.40100000 87.18306000
1.40200000 83.39743000
1.40300000 79.59972400
1.40400000 75.80902100
1.40500000 72.01226800
1.40600000 68.21836900
1.40700000 64.41859400
1.40800000 60.62120800
1.40900000 56.82322300
1.41000000 53.02163300
1.41100000 49.22035600
1.41200000 45.41584000
1.41300000 41.60701000
1.41400000 37.80618700
1.41500000 33.99931300
1.41600000 30.18877800
1.41700000 26.37495400
1.41800000 22.55835700
1.41900000 18.74736600
1.42000000 14.93140000
1.42100000 11.11042300
1.42200000 7.29960870
1.42300000 3.47273230
1.42400000 -0.34970224
1.42500000 -4.17094710
1.42600000 -7.99866720
1.42700000 -11.82177700
1.42800000 -15.64991000
1.42900000 -19.47547000
1.43000000 -23.30391100
1.43100000 -27.12885900
1.43200000 -30.95888100
1.43300000 -34.79381600
1.43400000 -38.62175800
1.43500000 -42.44707500
1.43600000 -46.26860400
1.43700000 -50.09952900
1.43800000 -53.92216900
1.43900000 -57.74580000
1.44000000 -61.57391000
1.44100000 -65.39407300
1.44200000 -69.21369200
1.44300000 -73.02523800
1.44400000 -76.84974700
1.44500000 -80.66007200
1.44600000 -84.47674600
1.44700000 -88.28907000
1.44800000 -92.09597800
1.44900000 -95.90217600
1.45000000 -99.70388800
1.45100000 -103.49862000
1.45200000 -107.29607000
1.45300000 -111.09592000
1.45400000 -114.88663000
1.45500000 -118.67577000
1.45600000 -122.45991000
1.45700000 -126.24233000
1.45800000 -130.03270000
1.45900000 -133.80434000
1.46000000 -137.58531000
1.46100000 -141.36060000
1.46200000 -145.13350000
1.46300000 -148.90280000
1.46400000 -152.67096000
1.46500000 -156.43919000
1.46600000 -160.21396000
1.46700000 -163.97765000
1.46800000 -167.74133000
1.46900000 -171.50922000
1.47000000 -175.27592000
1.47100000 -179.03801000
1.47200000 177.19757000
1.47300000 173.43547000
1.47400000 169.66617000
1.47500000 165.89766000
1.47600000 162.13359000
1.47700000 158.36615000
1.47800000 154.59860000
1.47900000 150.82848000
1.48000000 147.05573000
1.48100000 143.28369000
1.48200000 139.50735000
1.48300000 135.73035000
1.48400000 131.94824000
1.48500000 128.16699000
1.48600000 124.37687000
1.48700000 120.59133000
1.48800000 116.80096000
1.48900000 113.00728000
1.49000000 109.21147000
1.49100000 105.40632000
1.49200000 101.60488000
1.49300000 97.79692800
1.49400000 93.98941000
1.49500000 90.16670200
1.49600000 86.35204300
1.49700000 82.53486600
1.49800000 78.70987700
1.49900000 74.88251500
1.50000000 71.05397000
1.50100000 67.22328900
1.50200000 63.38559000
1.50300000 59.54619200
1.50400000 55.70023300
1.50500000 51.85503800
1.50600000 47.99406400
1.50700000 44.14078100
1.50800000 40.27942700
1.50900000 36.41726300
1.51000000 32.55243700
1.51100000 28.67954400
1.51200000 24.80926500
1.51300000 20.93800000
1.51400000 17.06112500
1.51500000 13.18438800
1.51600000 9.30090900
1.51700000 5.41729210
1.51800000 1.53999640
1.51900000 -2.34472610
1.52000000 -6.23367880
1.52100000 -10.11877100
1.52200000 -14.00672900
1.52300000 -17.88981400
1.52400000 -21.77702500
1.52500000 -25.65911500
1.52600000 -29.55135300
1.52700000 -33.43616500
1.52800000 -37.31261800
1.52900000 -41.19382500
1.53000000 -45.06855800
1.53100000 -48.94415300
1.53200000 -52.81605900
1.53300000 -56.68566500
1.53400000 -60.55403100
1.53500000 -64.41053000
1.53600000 -68.26998100
1.53700000 -72.12631200
1.53800000 -75.97483800
1.53900000 -79.82349400
1.54000000 -83.66341400
1.54100000 -87.50264000
1.54200000 -91.33480800
1.54300000 -95.16500100
1.54400000 -98.98784600
1.54500000 -102.81164000
1.54600000 -106.62584000
1.54700000 -110.43604000
1.54800000 -114.24200000
1.54900000 -118.04381000
1.55000000 -121.84058000
1.55100000 -125.63683000
1.55200000 -129.42439000
1.55300000 -133.21964000
1.55400000 -137.00424000
1.55500000 -140.79034000
1.55600000 -144.56558000
1.55700000 -148.35143000
1.55800000 -152.12764000
1.55900000 -155.90546000
1.56000000 -159.68253000
1.56100000 -163.46223000
1.56200000 -167.23439000
1.56300000 -171.01523000
1.56400000 -174.79193000
1.56500000 -178.57141000
1.56600000 177.64458000
1.56700000 173.86307000
1.56800000 170.07730000
1.56900000 166.28429000
1.57000000 162.49098000
1.57100000 158.69734000
1.57200000 154.89752000
1.57300000 151.08864000
1.57400000 147.28055000
1.57500000 143.46437000
1.57600000 139.64485000
1.57700000 135.82033000
1.57800000 131.99316000
1.57900000 128.15535000
1.58000000 124.31552000
1.58100000 120.47345000
1.58200000 116.62225000
1.58300000 112.76585000
1.58400000 108.90437000
1.58500000 105.04367000
1.58600000 101.16925000
1.58700000 97.29153400
1.58800000 93.41400900
1.58900000 89.52954900
1.59000000 85.63832100
1.59100000 81.75238000
1.59200000 77.85502600
1.59300000 73.95972400
1.59400000 70.05682400
1.59500000 66.15653200
1.59600000 62.25345200
1.59700000 58.34258300
1.59800000 54.43898000
1.59900000 50.53144800
1.60000000 46.62163200
1.60100000 42.71541200
1.60200000 38.80826600
1.60300000 34.90115700
1.60400000 30.98790900
1.60500000 27.08219000
1.60600000 23.17147800
1.60700000 19.26681100
1.60800000 15.36567700
1.60900000 11.46044200
1.61000000 7.56159590
1.61100000 3.66057370
1.61200000 -0.23810913
1.61300000 -4.13321350
1.61400000 -8.02567290
1.61500000 -11.92189600
1.61600000 -15.80860600
1.61700000 -19.70306400
1.61800000 -23.58797800
1.61900000 -27.47344200
1.62000000 -31.35578300
1.62100000 -35.23985700
1.62200000 -39.12188700
1.62300000 -43.00090800
1.62400000 -46.88118700
1.62500000 -50.75732400
1.62600000 -54.63412100
1.62700000 -58.50844600
1.62800000 -62.38134000
1.62900000 -66.25558500
1.63000000 -70.13246200
1.63100000 -74.00379900
1.63200000 -77.87537400
1.63300000 -81.75250200
1.63400000 -85.62100200
1.63500000 -89.49198200
1.63600000 -93.36469300
1.63700000 -97.23298600
1.63800000 -101.10905000
1.63900000 -104.98150000
1.64000000 -108.85384000
1.64100000 -112.72017000
1.64200000 -116.59097000
1.64300000 -120.46099000
1.64400000 -124.33067000
1.64500000 -128.19658000
1.64600000 -132.06622000
1.64700000 -135.93977000
1.64800000 -139.80135000
1.64900000 -143.66521000
1.65000000 -147.53555000
1.65100000 -151.39986000
1.65200000 -155.26036000
1.65300000 -159.12119000
1.65400000 -162.98174000
1.65500000 -166.84581000
1.65600000 -170.70700000
1.65700000 -174.56049000
1.65800000 -178.41603000
1.65900000 177.73146000
1.66000000 173.87863000
1.66100000 170.02908000
1.66200000 166.17522000
1.66300000 162.33305000
1.66400000 158.48019000
1.66500000 154.63637000
1.66600000 150.79369000
1.66700000 146.94955000
1.66800000 143.11058000
1.66900000 139.27197000
1.67000000 135.42833000
1.67100000 131.59134000
1.67200000 127.75534000
1.67300000 123.92079000
1.67400000 120.08566000
1.67500000 116.25089000
1.67600000 112.41489000
1.67700000 108.57952000
1.67800000 104.74216000
1.67900000 100.90700000
1.68000000 97.07207500
1.68100000 93.23960100
1.68200000 89.40584600
1.68300000 85.56508600
1.68400000 81.72787500
1.68500000 77.88961000
1.68600000 74.05506100
1.68700000 70.21072400
1.68800000 66.36834000
1.68900000 62.52630600
1.69000000 58.67905800
1.69100000 54.83252000
1.69200000 50.98417300
1.69300000 47.13051200
1.69400000 43.27531400
1.69500000 39.41716800
1.69600000 35.55780400
1.69700000 31.69249200
1.69800000 27.83264200
1.69900000 23.96388200
1.70000000 20.09454300
1.70100000 16.22045900
1.70200000 12.34151500
1.70300000 8.45845130
1.70400000 4.57784510
1.70500000 0.69086283
1.70600000 -3.19712850
1.70700000 -7.08897970
1.70800000 -10.98333800
1.70900000 -14.88705300
1.71000000 -18.78517000
1.71100000 -22.69070100
1.71200000 -26.59492300
1.71300000 -30.50075700
1.71400000 -34.41809500
1.71500000 -38.32677500
1.71600000 -42.24149300
1.71700000 -46.16046500
1.71800000 -50.07939500
1.71900000 -53.99935500
1.72000000 -57.91938400
1.72100000 -61.84217800
1.72200000 -65.76394700
1.72300000 -69.68817100
1.72400000 -73.61261700
1.72500000 -77.53206600
1.72600000 -81.45364400
1.72700000 -85.37550400
1.72800000 -89.29746200
1.72900000 -93.21437100
1.73000000 -97.12638100
1.73100000 -101.04577000
1.73200000 -104.95737000
1.73300000 -108.87100000
1.73400000 -112.77955000
1.73500000 -116.68887000
1.73600000 -120.59731000
1.73700000 -124.49782000
1.73800000 -128.40135000
1.73900000 -132.29857000
1.74000000 -136.19531000
1.74100000 -140.08849000
1.74200000 -143.97569000
1.74300000 -147.86594000
1.74400000 -151.75124000
1.74500000 -155.63222000
1.74600000 -159.51205000
1.74700000 -163.38831000
1.74800000 -167.26199000
1.74900000 -171.13435000
1.75000000 -175.00691000
1.75100000 -178.87990000
1.75200000 177.25494000
1.75300000 173.39148000
1.75400000 169.52533000
1.75500000 165.66238000
1.75600000 161.80167000
1.75700000 157.93645000
1.75800000 154.07889000
1.75900000 150.21698000
1.76000000 146.36359000
1.76100000 142.49864000
1.76200000 138.63840000
1.76300000 134.78038000
1.76400000 130.91649000
1.76500000 127.06060000
1.76600000 123.20554000
1.76700000 119.34044000
1.76800000 115.47903000
1.76900000 111.61784000
1.77000000 107.75370000
1.77100000 103.88969000
1.77200000 100.02611000
1.77300000 96.15894300
1.77400000 92.29633300
1.77500000 88.42703200
1.77600000 84.55550400
1.77700000 80.68420400
1.77800000 76.81655100
1.77900000 72.94068100
1.78000000 69.06984700
1.78100000 65.18840000
1.78200000 61.31529200
1.78300000 57.43637800
1.78400000 53.56013900
1.78500000 49.67801700
1.78600000 45.79911800
1.78700000 41.91572200
1.78800000 38.03490400
1.78900000 34.15164900
1.79000000 30.26677100
1.79100000 26.38232400
1.79200000 22.49711400
1.79300000 18.61456500
1.79400000 14.73085500
1.79500000 10.85057100
1.79600000 6.96905570
1.79700000 3.08516550
1.79800000 -0.79627669
1.79900000 -4.67381810
1.80000000 -8.55236530
1.80100000 -12.43021200
1.80200000 -16.30846800
1.80300000 -20.17861200
1.80400000 -24.05520800
1.80500000 -27.91926800
1.80600000 -31.78979500
1.80700000 -35.66010300
1.80800000 -39.52311300
1.80900000 -43.39223100
1.81000000 -47.25177000
1.81100000 -51.11146900
1.81200000 -54.96484800
1.81300000 -58.82851000
1.81400000 -62.67683400
1.81500000 -66.53179900
1.81600000 -70.38542900
1.81700000 -74.23933400
1.81800000 -78.08525100
1.81900000 -81.93108400
1.82000000 -85.78212000
1.82100000 -89.63117200
1.82200000 -93.47923300
1.82300000 -97.32733200
1.82400000 -101.17873000
1.82500000 -105.02839000
1.82600000 -108.88203000
1.82700000 -112.73166000
1.82800000 -116.58497000
1.82900000 -120.44107000
1.83000000 -124.29629000
1.83100000 -128.15906000
1.83200000 -132.01620000
1.83300000 -135.88005000
1.83400000 -139.74425000
1.83500000 -143.61180000
1.83600000 -147.48108000
1.83700000 -151.35603000
1.83800000 -155.23703000
1.83900000 -159.11444000
1.84000000 -162.99883000
1.84100000 -166.88095000
1.84200000 -170.77391000
1.84300000 -174.66527000
1.84400000 -178.56032000
1.84500000 177.54343000
1.84600000 173.63857000
1.84700000 169.74037000
1.84800000 165.83237000
1.84900000 161.93320000
1.85000000 158.01804000
1.85100000 154.10568000
1.85200000 150.19254000
1.85300000 146.27939000
1.85400000 142.36510000
1.85500000 138.44914000
1.85600000 134.53140000
1.85700000 130.61360000
1.85800000 126.69701000
1.85900000 122.77518000
1.86000000 118.85723000
1.86100000 114.93756000
1.86200000 111.01735000
1.86300000 107.09498000
1.86400000 103.17870000
1.86500000 99.26511400
1.86600000 95.34856400
1.86700000 91.42891700
1.86800000 87.51699800
1.86900000 83.60370600
1.87000000 79.68787400
1.87100000 75.77673300
1.87200000 71.85863500
1.87300000 67.95115700
1.87400000 64.04247300
1.87500000 60.13760400
1.87600000 56.23071300
1.87700000 52.32618300
1.87800000 48.41870100
1.87900000 44.51804000
1.88000000 40.61672600
1.88100000 36.71632400
1.88200000 32.82105300
1.88300000 28.91998900
1.88400000 25.02623200
1.88500000 21.13085000
1.88600000 17.23687900
1.88700000 13.34201400
1.88800000 9.45408730
1.88900000 5.56310750
1.89000000 1.67134250
1.89100000 -2.21900200
1.89200000 -6.10549400
1.89300000 -9.99362850
1.89400000 -13.87519600
1.89500000 -17.75951600
1.89600000 -21.64246000
1.89700000 -25.52167900
1.89800000 -29.40333900
1.89900000 -33.28355400
1.90000000 -37.16239500
1.90100000 -41.03961600
1.90200000 -44.92396900
1.90300000 -48.79670300
1.90400000 -52.67852400
1.90500000 -56.55275300
1.90600000 -60.42947000
1.90700000 -64.30683100
1.90800000 -68.17894000
1.90900000 -72.05590100
1.91000000 -75.92821500
1.91100000 -79.80184900
1.91200000 -83.67729200
1.91300000 -87.55323000
1.91400000 -91.42571300
1.91500000 -95.30134600
1.91600000 -99.17028800
1.91700000 -103.04494000
1.91800000 -106.92058000
1.91900000 -110.78941000
1.92000000 -114.66743000
1.92100000 -118.53806000
1.92200000 -122.40701000
1.92300000 -126.28218000
1.92400000 -130.15524000
1.92500000 -134.02806000
1.92600000 -137.89825000
1.92700000 -141.76892000
1.92800000 -145.63971000
1.92900000 -149.51573000
1.93000000 -153.39059000
1.93100000 -157.25696000
1.93200000 -161.13139000
1.93300000 -165.00108000
1.93400000 -168.87341000
1.93500000 -172.74413000
1.93600000 -176.61966000
1.93700000 179.51064000
1.93800000 175.64163000
1.93900000 171.76482000
1.94000000 167.89511000
1.94100000 164.02313000
1.94200000 160.15352000
1.94300000 156.27551000
1.94400000 152.40744000
1.94500000 148.53528000
1.94600000 144.66515000
1.94700000 140.79565000
1.94800000 136.92503000
1.94900000 133.05287000
1.95000000 129.17516000
1.95100000 125.30434000
1.95200000 121.42944000
1.95300000 117.55424000
1.95400000 113.68130000
1.95500000 109.80505000
1.95600000 105.93416000
1.95700000 102.05895000
1.95800000 98.18124400
1.95900000 94.30596200
1.96000000 90.43073300
1.96100000 86.54961400
1.96200000 82.67130300
1.96300000 78.79498300
1.96400000 74.92211200
1.96500000 71.03846700
1.96600000 67.16304800
1.96700000 63.28082300
1.96800000 59.39514900
1.96900000 55.51513700
1.97000000 51.63465100
1.97100000 47.74926800
1.97200000 43.86816000
1.97300000 39.98266600
1.97400000 36.09912500
1.97500000 32.20984300
1.97600000 28.32827000
1.97700000 24.43838300
1.97800000 20.55105200
1.97900000 16.66313900
1.98000000 12.77467400
1.98100000 8.88509750
1.98200000 4.99704690
1.98300000 1.10156350
1.98400000 -2.78670670
1.98500000 -6.67774920
1.98600000 -10.57073600
1.98700000 -14.46768000
1.98800000 -18.35323900
1.98900000 -22.25130700
1.99000000 -26.14493400
1.99100000 -30.03922100
1.99200000 -33.93557700
1.99300000 -37.83028400
1.99400000 -41.72305300
1.99500000 -45.62141400
1.99600000 -49.51621200
1.99700000 -53.41862900
1.99800000 -57.30929600
1.99900000 -61.20506700
2.00000000 -65.10369900
2.00100000 -69.00472300
2.00200000 -72.89826200
2.00300000 -76.79525000
2.00400000 -80.69137600
2.00500000 -84.58940900
2.00600000 -88.48660300
2.00700000 -92.38494900
2.00800000 -96.28006000
2.00900000 -100.17511000
2.01000000 -104.06837000
2.01100000 -107.97080000
2.01200000 -111.86562000
2.01300000 -115.75967000
2.01400000 -119.65656000
2.01500000 -123.54963000
2.01600000 -127.44503000
2.01700000 -131.33879000
2.01800000 -135.23492000
2.01900000 -139.13036000
2.02000000 -143.02570000
2.02100000 -146.92065000
2.02200000 -150.81496000
2.02300000 -154.70721000
2.02400000 -158.59787000
2.02500000 -162.49713000
2.02600000 -166.38657000
2.02700000 -170.28098000
2.02800000 -174.17615000
2.02900000 -178.07193000
2.03000000 178.04091000
2.03100000 174.14519000
2.03200000 170.25294000
2.03300000 166.35623000
2.03400000 162.46146000
2.03500000 158.56572000
2.03600000 154.67743000
2.03700000 150.77757000
2.03800000 146.89107000
2.03900000 142.99518000
2.04000000 139.10318000
2.04100000 135.20953000
2.04200000 131.32045000
2.04300000 127.43127000
2.04400000 123.54035000
2.04500000 119.64482000
2.04600000 115.75859000
2.04700000 111.86352000
2.04800000 107.97860000
2.04900000 104.09209000
2.05000000 100.20210000
2.05100000 96.31832100
2.05200000 92.43641700
2.05300000 88.55307000
2.05400000 84.66608400
2.05500000 80.78266900
2.05600000 76.89891800
2.05700000 73.02377300
2.05800000 69.14286000
2.05900000 65.26042200
2.06000000 61.38167600
2.06100000 57.50764500
2.06200000 53.62187200
2.06300000 49.75088900
2.06400000 45.87336300
2.06500000 41.99340100
2.06600000 38.12010600
2.06700000 34.23882700
2.06800000 30.36669300
2.06900000 26.48755500
2.07000000 22.60926800
2.07100000 18.73286100
2.07200000 14.85365000
2.07300000 10.97719100
2.07400000 7.09771350
2.07500000 3.21814730
2.07600000 -0.66261226
2.07700000 -4.54046110
2.07800000 -8.41866400
2.07900000 -12.30246700
2.08000000 -16.18315500
2.08100000 -20.06701500
2.08200000 -23.94806500
2.08300000 -27.82974400
2.08400000 -31.71658100
2.08500000 -35.59885000
2.08600000 -39.48619500
2.08700000 -43.37611000
2.08800000 -47.25698100
2.08900000 -51.14835700
2.09000000 -55.03417600
2.09100000 -58.92200100
2.09200000 -62.80987500
2.09300000 -66.69886000
2.09400000 -70.59254500
2.09500000 -74.48205600
2.09600000 -78.36667600
2.09700000 -82.25922400
2.09800000 -86.14980300
2.09900000 -90.04310600
2.10000000 -93.93606600
2.10100000 -97.82787300
2.10200000 -101.72109000
2.10300000 -105.61821000
2.10400000 -109.50512000
2.10500000 -113.40393000
2.10600000 -117.30123000
2.10700000 -121.19094000
2.10800000 -125.08953000
2.10900000 -128.98476000
2.11000000 -132.88022000
2.11100000 -136.77303000
2.11200000 -140.67020000
2.11300000 -144.56572000
2.11400000 -148.46622000
2.11500000 -152.35429000
2.11600000 -156.25403000
2.11700000 -160.14514000
2.11800000 -164.03572000
2.11900000 -167.93127000
2.12000000 -171.82050000
2.12100000 -175.71153000
2.12200000 -179.59897000
2.12300000 176.51547000
2.12400000 172.62634000
2.12500000 168.74167000
2.12600000 164.86432000
2.12700000 160.98007000
2.12800000 157.09988000
2.12900000 153.22862000
2.13000000 149.35194000
2.13100000 145.47838000
2.13200000 141.60364000
2.13300000 137.73401000
2.13400000 133.86382000
2.13500000 129.99907000
2.13600000 126.13435000
2.13700000 122.26674000
2.13800000 118.40509000
2.13900000 114.54704000
2.14000000 110.68511000
2.14100000 106.82969000
2.14200000 102.96830000
2.14300000 99.10952000
2.14400000 95.25818600
2.14500000 91.40392300
2.14600000 87.54846200
2.14700000 83.69143700
2.14800000 79.84662600
2.14900000 75.99280500
2.15000000 72.14460000
2.15100000 68.29028300
2.15200000 64.44044500
2.15300000 60.59023300
2.15400000 56.74365200
2.15500000 52.89833100
2.15600000 49.04599800
2.15700000 45.20605900
2.15800000 41.34881200
2.15900000 37.50744200
2.16000000 33.66113700
2.16100000 29.80917200
2.16200000 25.96860900
2.16300000 22.12194100
2.16400000 18.27166400
2.16500000 14.42646600
2.16600000 10.57624100
2.16700000 6.73140140
2.16800000 2.88010500
2.16900000 -0.97420204
2.17000000 -4.82406430
2.17100000 -8.67373850
2.17200000 -12.52940400
2.17300000 -16.38895600
2.17400000 -20.24329600
2.17500000 -24.10419500
2.17600000 -27.96202300
2.17700000 -31.82758100
2.17800000 -35.68329200
2.17900000 -39.55353200
2.18000000 -43.42478900
2.18100000 -47.29376200
2.18200000 -51.16784300
2.18300000 -55.04472400
2.18400000 -58.92087200
2.18500000 -62.79876700
2.18600000 -66.68155700
2.18700000 -70.56354500
2.18800000 -74.44764700
2.18900000 -78.32729300
2.19000000 -82.21965000
2.19100000 -86.11051200
2.19200000 -89.99599500
2.19300000 -93.88061500
2.19400000 -97.77475700
2.19500000 -101.65926000
2.19600000 -105.55018000
2.19700000 -109.44035000
2.19800000 -113.32547000
2.19900000 -117.20634000
2.20000000 -121.09021000
2.20100000 -124.97591000
2.20200000 -128.85579000
2.20300000 -132.73286000
2.20400000 -136.61003000
2.20500000 -140.48360000
2.20600000 -144.35286000
2.20700000 -148.21844000
2.20800000 -152.08205000
2.20900000 -155.94577000
2.21000000 -159.80402000
2.21100000 -163.65933000
2.21200000 -167.50560000
2.21300000 -171.35666000
2.21400000 -175.19688000
2.21500000 -179.03882000
2.21600000 177.12404000
2.21700000 173.28882000
2.21800000 169.45461000
2.21900000 165.63066000
2.22000000 161.80269000
2.22100000 157.98534000
2.22200000 154.16284000
2.22300000 150.34285000
2.22400000 146.52936000
2.22500000 142.71553000
2.22600000 138.90961000
2.22700000 135.10005000
2.22800000 131.29163000
2.22900000 127.48849000
2.23000000 123.68382000
2.23100000 119.87784000
2.23200000 116.08450000
2.23300000 112.27795000
2.23400000 108.47882000
2.23500000 104.67937000
2.23600000 100.87931000
2.23700000 97.07823900
2.23800000 93.27399400
2.23900000 89.47525000
2.24000000 85.67439300
2.24100000 81.86267100
2.24200000 78.05536700
2.24300000 74.24694800
2.24400000 70.43604300
2.24500000 66.62037700
2.24600000 62.80378700
2.24700000 58.97905300
2.24800000 55.15261800
2.24900000 51.32365800
2.25000000 47.49135200
2.25100000 43.64887200
2.25200000 39.80822400
2.25300000 35.95563500
2.25400000 32.10779600
2.25500000 28.24894300
2.25600000 24.38187600
2.25700000 20.51862000
2.25800000 16.64997900
2.25900000 12.77189200
2.26000000 8.89462850
2.26100000 5.01111360
2.26200000 1.12921420
2.26300000 -2.76503420
2.26400000 -6.65411850
2.26500000 -10.54722700
2.26600000 -14.44860600
2.26700000 -18.33805700
2.26800000 -22.23801800
2.26900000 -26.13772800
2.27000000 -30.03565200
2.27100000 -33.92880200
2.27200000 -37.82895700
2.27300000 -41.72362500
2.27400000 -45.61026400
2.27500000 -49.50357100
2.27600000 -53.39064000
2.27700000 -57.27215600
2.27800000 -61.15138600
2.27900000 -65.02915200
2.28000000 -68.89771300
2.28100000 -72.76841700
2.28200000 -76.63449100
2.28300000 -80.49252300
2.28400000 -84.34903000
2.28500000 -88.19522100
2.28600000 -92.04328200
2.28700000 -95.88147700
2.28800000 -99.71904000
2.28900000 -103.55169000
2.29000000 -107.37638000
2.29100000 -111.20071000
2.29200000 -115.01952000
2.29300000 -118.83784000
2.29400000 -122.64565000
2.29500000 -126.45826000
2.29600000 -130.25897000
2.29700000 -134.06578000
2.29800000 -137.86235000
2.29900000 -141.66090000
2.30000000 -145.45854000
2.30100000 -149.24136000
2.30200000 -153.03400000
2.30300000 -156.83514000
2.30400000 -160.61880000
2.30500000 -164.40544000
2.30600000 -168.18974000
2.30700000 -171.97775000
2.30800000 -175.76903000
2.30900000 -179.56033000
2.31000000 176.65553000
2.31100000 172.86873000
2.31200000 169.07722000
2.31300000 165.28419000
2.31400000 161.48691000
2.31500000 157.68961000
2.31600000 153.88905000
2.31700000 150.08107000
2.31800000 146.27716000
2.31900000 142.46613000
2.32000000 138.65073000
2.32100000 134.83472000
2.32200000 131.00793000
2.32300000 127.17983000
2.32400000 123.34927000
2.32500000 119.50625000
2.32600000 115.66218000
2.32700000 111.81360000
2.32800000 107.96212000
2.32900000 104.10448000
2.33000000 100.23769000
2.33100000 96.37329900
2.33200000 92.49338500
2.33300000 88.61580700
2.33400000 84.73522900
2.33500000 80.84297900
2.33600000 76.95149200
2.33700000 73.05327600
2.33800000 69.15788300
2.33900000 65.25302900
2.34000000 61.34622600
2.34100000 57.44128400
2.34200000 53.53121900
2.34300000 49.62398500
2.34400000 45.70969000
2.34500000 41.80300900
2.34600000 37.89305500
2.34700000 33.97927100
2.34800000 30.07416000
2.34900000 26.16823800
2.35000000 22.26399600
2.35100000 18.36210800
2.35200000 14.46229300
2.35300000 10.56625000
2.35400000 6.67787410
2.35500000 2.79193620
2.35600000 -1.09038330
2.35700000 -4.97128870
2.35800000 -8.84197810
2.35900000 -12.70866800
2.36000000 -16.57409500
2.36100000 -20.43824800
2.36200000 -24.29002600
2.36300000 -28.14349000
2.36400000 -31.98704000
2.36500000 -35.83059700
2.36600000 -39.66751100
2.36700000 -43.49887500
2.36800000 -47.32973100
2.36900000 -51.15528100
2.37000000 -54.97986600
2.37100000 -58.80183000
2.37200000 -62.61718000
2.37300000 -66.43141200
2.37400000 -70.24353000
2.37500000 -74.04501300
2.37600000 -77.86153400
2.37700000 -81.66268200
2.37800000 -85.46897900
2.37900000 -89.27308700
2.38000000 -93.07456200
2.38100000 -96.87150600
2.38200000 -100.67603000
2.38300000 -104.47583000
2.38400000 -108.28033000
2.38500000 -112.08742000
2.38600000 -115.88972000
2.38700000 -119.69419000
2.38800000 -123.49494000
2.38900000 -127.30593000
2.39000000 -131.11818000
2.39100000 -134.92596000
2.39200000 -138.74210000
2.39300000 -142.56021000
2.39400000 -146.37570000
2.39500000 -150.19505000
2.39600000 -154.01805000
2.39700000 -157.84262000
2.39800000 -161.66829000
2.39900000 -165.50377000
2.40000000 -169.33543000
2.40100000 -173.17357000
2.40200000 -177.01685000
2.40300000 179.14151000
2.40400000 175.29698000
2.40500000 171.44670000
2.40600000 167.59940000
2.40700000 163.74762000
2.40800000 159.89110000
2.40900000 156.03156000
2.41000000 152.17261000
2.41100000 148.30713000
2.41200000 144.44606000
2.41300000 140.58377000
2.41400000 136.71953000
2.41500000 132.85236000
2.41600000 128.98448000
2.41700000 125.11837000
2.41800000 121.25244000
2.41900000 117.38162000
2.42000000 113.51196000
2.42100000 109.64776000
2.42200000 105.77861000
2.42300000 101.91745000
2.42400000 98.04600500
2.42500000 94.18647800
2.42600000 90.32856800
2.42700000 86.46373700
2.42800000 82.60111200
2.42900000 78.74543800
2.43000000 74.88947300
2.43100000 71.03926100
2.43200000 67.18144200
2.43300000 63.32908600
2.43400000 59.47755400
2.43500000 55.62665600
2.43600000 51.77495200
2.43700000 47.92894700
2.43800000 44.08217200
2.43900000 40.24027300
2.44000000 36.39777000
2.44100000 32.55480600
2.44200000 28.71438200
2.44300000 24.87587500
2.44400000 21.03941200
2.44500000 17.20061900
2.44600000 13.36583900
2.44700000 9.53397180
2.44800000 5.69885680
2.44900000 1.86418160
2.45000000 -1.96985410
2.45100000 -5.79415130
2.45200000 -9.62190910
2.45300000 -13.44549100
2.45400000 -17.27241700
2.45500000 -21.09380100
2.45600000 -24.91392900
2.45700000 -28.73111000
2.45800000 -32.55444000
2.45900000 -36.36730200
2.46000000 -40.17985500
2.46100000 -43.99070700
2.46200000 -47.79770300
2.46300000 -51.60455700
2.46400000 -55.41100700
2.46500000 -59.21238700
2.46600000 -63.01094800
2.46700000 -66.80271100
2.46800000 -70.60026600
2.46900000 -74.38960300
2.47000000 -78.18269300
2.47100000 -81.96215800
2.47200000 -85.74952700
2.47300000 -89.52973200
2.47400000 -93.30844900
2.47500000 -97.08719600
2.47600000 -100.86335000
2.47700000 -104.63400000
2.47800000 -108.40311000
2.47900000 -112.17496000
2.48000000 -115.94137000
2.48100000 -119.71012000
2.48200000 -123.47688000
2.48300000 -127.24149000
2.48400000 -131.00601000
2.48500000 -134.77039000
2.48600000 -138.53368000
2.48700000 -142.30080000
2.48800000 -146.06377000
2.48900000 -149.82896000
2.49000000 -153.59990000
2.49100000 -157.36211000
2.49200000 -161.13956000
2.49300000 -164.90575000
2.49400000 -168.67914000
2.49500000 -172.45636000
2.49600000 -176.23846000
2.49700000 179.98138000
2.49800000 176.19194000
2.49900000 172.40883000
2.50000000 168.61475000
2.50100000 164.81244000
2.50200000 161.01143000
2.50300000 157.20451000
2.50400000 153.39952000
2.50500000 149.58034000
2.50600000 145.75586000
2.50700000 141.92734000
2.50800000 138.09810000
2.50900000 134.26305000
2.51000000 130.42172000
2.51100000 126.57208000
2.51200000 122.71749000
2.51300000 118.86091000
2.51400000 114.99465000
2.51500000 111.12532000
2.51600000 107.25637000
2.51700000 103.38066000
2.51800000 99.50351000
2.51900000 95.61831700
2.52000000 91.73223100
2.52100000 87.84413900
2.52200000 83.94973000
2.52300000 80.05738100
2.52400000 76.15818000
2.52500000 72.26476300
2.52600000 68.36512000
2.52700000 64.46927600
2.52800000 60.57224300
2.52900000 56.67089100
2.53000000 52.78224200
2.53100000 48.88576900
2.53200000 44.99398800
2.53300000 41.10589200
2.53400000 37.22188200
2.53500000 33.33996200
2.53600000 29.46049100
2.53700000 25.58677500
2.53800000 21.71797600
2.53900000 17.85276400
2.54000000 13.99774400
2.54100000 10.13913900
2.54200000 6.28944680
2.54300000 2.44163890
2.54400000 -1.39548650
2.54500000 -5.22373680
2.54600000 -9.05112170
2.54700000 -12.87319900
2.54800000 -16.68746800
2.54900000 -20.49942200
2.55000000 -24.30466800
2.55100000 -28.10561400
2.55200000 -31.89812500
2.55300000 -35.68442900
2.55400000 -39.46683500
2.55500000 -43.24261500
2.55600000 -47.01834900
2.55700000 -50.78705200
2.55800000 -54.55288700
2.55900000 -58.31124500
2.56000000 -62.06858800
2.56100000 -65.82085400
2.56200000 -69.56630700
2.56300000 -73.31792400
2.56400000 -77.05773200
2.56500000 -80.80322300
2.56600000 -84.54849200
2.56700000 -88.28416400
2.56800000 -92.02105700
2.56900000 -95.76274100
2.57000000 -99.49635300
2.57100000 -103.23528000
2.57200000 -106.97501000
2.57300000 -110.71039000
2.57400000 -114.45164000
2.57500000 -118.19579000
2.57600000 -121.94109000
2.57700000 -125.68333000
2.57800000 -129.43140000
2.57900000 -133.19099000
2.58000000 -136.94077000
2.58100000 -140.70038000
2.58200000 -144.46153000
2.58300000 -148.23009000
2.58400000 -151.99472000
2.58500000 -155.76907000
2.58600000 -159.54794000
2.58700000 -163.32828000
2.58800000 -167.11507000
2.58900000 -170.90753000
2.59000000 -174.70461000
2.59100000 -178.50243000
2.59200000 177.69510000
2.59300000 173.88818000
2.59400000 170.08142000
2.59500000 166.26489000
2.59600000 162.45201000
2.59700000 158.62892000
2.59800000 154.80678000
2.59900000 150.97647000
2.60000000 147.14751000
2.60100000 143.31970000
2.60200000 139.48639000
2.60300000 135.65347000
2.60400000 131.82343000
2.60500000 127.98821000
2.60600000 124.15310000
2.60700000 120.31938000
2.60800000 116.48341000
2.60900000 112.65479000
2.61000000 108.81432000
2.61100000 104.98667000
2.61200000 101.15230000
2.61300000 97.32703400
2.61400000 93.50072500
2.61500000 89.67639900
2.61600000 85.85315700
2.61700000 82.02853400
2.61800000 78.21264600
2.61900000 74.40090900
2.62000000 70.59038500
2.62100000 66.78048700
2.62200000 62.97034800
2.62300000 59.16339900
2.62400000 55.36492200
2.62500000 51.55849500
2.62600000 47.75872800
2.62700000 43.96578200
2.62800000 40.17038000
2.62900000 36.37781500
2.63000000 32.58514800
2.63100000 28.79546000
2.63200000 25.00615100
2.63300000 21.22038800
2.63400000 17.43166000
2.63500000 13.64444700
2.63600000 9.85875230
2.63700000 6.07602600
2.63800000 2.28437140
2.63900000 -1.50167700
2.64000000 -5.28655290
2.64100000 -9.07269760
2.64200000 -12.86067500
2.64300000 -16.65354000
2.64400000 -20.43734200
2.64500000 -24.23131600
2.64600000 -28.02637700
2.64700000 -31.82444800
2.64800000 -35.61982700
2.64900000 -39.41970800
2.65000000 -43.21699900
2.65100000 -47.01947400
2.65200000 -50.82634400
2.65300000 -54.63743600
2.65400000 -58.44710500
2.65500000 -62.25283100
2.65600000 -66.07404300
2.65700000 -69.88697800
2.65800000 -73.70101900
2.65900000 -77.51799800
2.66000000 -81.34461200
2.66100000 -85.16170500
2.66200000 -88.98790000
2.66300000 -92.81684100
2.66400000 -96.64484400
2.66500000 -100.47436000
2.66600000 -104.30006000
2.66700000 -108.13399000
2.66800000 -111.97096000
2.66900000 -115.79856000
2.67000000 -119.63541000
2.67100000 -123.46899000
2.67200000 -127.30472000
2.67300000 -131.13870000
2.67400000 -134.97533000
2.67500000 -138.81067000
2.67600000 -142.65215000
2.67700000 -146.49503000
2.67800000 -150.33089000
2.67900000 -154.17133000
2.68000000 -158.00662000
2.68100000 -161.85320000
2.68200000 -165.69305000
2.68300000 -169.53339000
2.68400000 -173.37411000
2.68500000 -177.22490000
2.68600000 178.93211000
2.68700000 175.08972000
2.68800000 171.24879000
2.68900000 167.39923000
2.69000000 163.55070000
2.69100000 159.70325000
2.69200000 155.84576000
2.69300000 152.00058000
2.69400000 148.14417000
2.69500000 144.29097000
2.69600000 140.43689000
2.69700000 136.57640000
2.69800000 132.71985000
2.69900000 128.86067000
2.70000000 124.99768000
2.70100000 121.13844000
2.70200000 117.27125000
2.70300000 113.40781000
2.70400000 109.54494000
2.70500000 105.68397000
2.70600000 101.81310000
2.70700000 97.95144700
2.70800000 94.08180200
2.70900000 90.21750600
2.71000000 86.35222600
2.71100000 82.48973100
2.71200000 78.61694300
2.71300000 74.75490600
2.71400000 70.88854200
2.71500000 67.02458200
2.71600000 63.16251800
2.71700000 59.30113200
2.71800000 55.43924300
2.71900000 51.57630500
2.72000000 47.71902800
2.72100000 43.86293800
2.72200000 40.01085700
2.72300000 36.15273700
2.72400000 32.30471400
2.72500000 28.44993600
2.72600000 24.60611500
2.72700000 20.75581700
2.72800000 16.91644300
2.72900000 13.07255600
2.73000000 9.23017410
2.73100000 5.39128540
2.73200000 1.55527450
2.73300000 -2.27497890
2.73400000 -6.10944030
2.73500000 -9.93728920
2.73600000 -13.76185700
2.73700000 -17.59049000
2.73800000 -21.41752800
2.73900000 -25.23586100
2.74000000 -29.05295400
2.74100000 -32.87506900
2.74200000 -36.68725200
2.74300000 -40.49976000
2.74400000 -44.31757000
2.74500000 -48.12950900
2.74600000 -51.93579100
2.74700000 -55.74993900
2.74800000 -59.55773500
2.74900000 -63.36413600
2.75000000 -67.17575100
2.75100000 -70.98052200
2.75200000 -74.79502100
2.75300000 -78.60092200
2.75400000 -82.40972100
2.75500000 -86.21482100
2.75600000 -90.02737400
2.75700000 -93.83580000
2.75800000 -97.64392900
2.75900000 -101.45830000
2.76000000 -105.27139000
2.76100000 -109.08367000
2.76200000 -112.89902000
2.76300000 -116.71632000
2.76400000 -120.53762000
2.76500000 -124.35879000
2.76600000 -128.18063000
2.76700000 -132.00533000
2.76800000 -135.83472000
2.76900000 -139.65930000
2.77000000 -143.49055000
2.77100000 -147.32292000
2.77200000 -151.15500000
2.77300000 -154.99222000
2.77400000 -158.82849000
2.77500000 -162.66824000
2.77600000 -166.50516000
2.77700000 -170.34889000
2.77800000 -174.19359000
2.77900000 -178.03297000
2.78000000 178.11856000
2.78100000 174.27969000
2.78200000 170.43010000
2.78300000 166.58501000
2.78400000 162.74063000
2.78500000 158.89929000
2.78600000 155.05048000
2.78700000 151.21071000
2.78800000 147.36768000
2.78900000 143.52528000
2.79000000 139.68896000
2.79100000 135.85313000
2.79200000 132.02179000
2.79300000 128.18794000
2.79400000 124.35537000
2.79500000 120.52687000
2.79600000 116.70224000
2.79700000 112.88040000
2.79800000 109.06196000
2.79900000 105.24335000
2.80000000 101.42863000
2.80100000 97.62064400
2.80200000 93.81319400
2.80300000 90.01338200
2.80400000 86.20655100
2.80500000 82.41426800
2.80600000 78.61892700
2.80700000 74.82601200
2.80800000 71.03968800
2.80900000 67.24941300
2.81000000 63.47324800
2.81100000 59.68218600
2.81200000 55.90164900
2.81300000 52.12461500
2.81400000 48.34371900
2.81500000 44.56695600
2.81600000 40.79079100
2.81700000 37.01273000
2.81800000 33.23872400
2.81900000 29.45931100
2.82000000 25.68605800
2.82100000 21.90598100
2.82200000 18.12031700
2.82300000 14.33827300
2.82400000 10.55199600
2.82500000 6.76247410
2.82600000 2.97201350
2.82700000 -0.82327455
2.82800000 -4.62561080
2.82900000 -8.43146040
2.83000000 -12.24341000
2.83100000 -16.05964500
2.83200000 -19.88174100
2.83300000 -23.70853600
2.83400000 -27.54042400
2.83500000 -31.38725700
2.83600000 -35.23219300
2.83700000 -39.07940300
2.83800000 -42.94514100
2.83900000 -46.80467600
2.84000000 -50.67761200
2.84100000 -54.55852500
2.84200000 -58.44273400
2.84300000 -62.33467900
2.84400000 -66.22541800
2.84500000 -70.13353000
2.84600000 -74.03070800
2.84700000 -77.93959000
2.84800000 -81.85292800
2.84900000 -85.76816600
2.85000000 -89.67945900
2.85100000 -93.59973900
2.85200000 -97.51425900
2.85300000 -101.42603000
2.85400000 -105.34445000
2.85500000 -109.25568000
2.85600000 -113.17201000
2.85700000 -117.07998000
2.85800000 -120.98376000
2.85900000 -124.88432000
2.86000000 -128.77882000
2.86100000 -132.66910000
2.86200000 -136.55360000
2.86300000 -140.42836000
2.86400000 -144.30048000
2.86500000 -148.16818000
2.86600000 -152.02316000
2.86700000 -155.87442000
2.86800000 -159.70737000
2.86900000 -163.53877000
2.87000000 -167.36162000
2.87100000 -171.17380000
2.87200000 -174.98395000
2.87300000 -178.77911000
2.87400000 177.43510000
2.87500000 173.65086000
2.87600000 169.87361000
2.87700000 166.10683000
2.87800000 162.35408000
2.87900000 158.59755000
2.88000000 154.85501000
2.88100000 151.12003000
2.88200000 147.37892000
2.88300000 143.64932000
2.88400000 139.92464000
2.88500000 136.20328000
2.88600000 132.48639000
2.88700000 128.76987000
2.88800000 125.05270000
2.88900000 121.33836000
2.89000000 117.62618000
2.89100000 113.90625000
2.89200000 110.19596000
2.89300000 106.47264000
2.89400000 102.75473000
2.89500000 99.02760300
2.89600000 95.30502300
2.89700000 91.57797200
2.89800000 87.83696000
2.89900000 84.09761800
2.90000000 80.35105900
2.90100000 76.59429900
2.90200000 72.83338200
2.90300000 69.07477600
2.90400000 65.29738600
2.90500000 61.51456800
2.90600000 57.72503700
2.90700000 53.93077100
2.90800000 50.12589300
2.90900000 46.31153900
2.91000000 42.49206200
2.91100000 38.66500900
2.91200000 34.83024600
2.91300000 30.99019100
2.91400000 27.13982000
2.91500000 23.28285400
2.91600000 19.41823200
2.91700000 15.55639300
2.91800000 11.68287000
2.91900000 7.80622050
2.92000000 3.92344470
2.92100000 0.03683329
2.92200000 -3.85547230
2.92300000 -7.74567130
2.92400000 -11.64420200
2.92500000 -15.53995200
2.92600000 -19.44105100
2.92700000 -23.34086800
2.92800000 -27.24657100
2.92900000 -31.14391700
2.93000000 -35.04493000
2.93100000 -38.94608300
2.93200000 -42.84950600
2.93300000 -46.74303800
2.93400000 -50.63929400
2.93500000 -54.53038800
2.93600000 -58.42089100
2.93700000 -62.30757500
2.93800000 -66.19123100
2.93900000 -70.06939700
2.94000000 -73.94570200
2.94100000 -77.81928300
2.94200000 -81.68791200
2.94300000 -85.54590600
2.94400000 -89.40718100
2.94500000 -93.25484500
2.94600000 -97.10751300
2.94700000 -100.94838000
2.94800000 -104.78484000
2.94900000 -108.62303000
2.95000000 -112.45080000
2.95100000 -116.27779000
2.95200000 -120.09236000
2.95300000 -123.91051000
2.95400000 -127.72708000
2.95500000 -131.53215000
2.95600000 -135.33704000
2.95700000 -139.14029000
2.95800000 -142.93951000
2.95900000 -146.73372000
2.96000000 -150.52794000
2.96100000 -154.32478000
2.96200000 -158.10942000
2.96300000 -161.90340000
2.96400000 -165.69366000
2.96500000 -169.47926000
2.96600000 -173.26724000
2.96700000 -177.05724000
2.96800000 179.15694000
2.96900000 175.36705000
2.97000000 171.57735000
2.97100000 167.78374000
2.97200000 163.99008000
2.97300000 160.19608000
2.97400000 156.40167000
2.97500000 152.59691000
2.97600000 148.79211000
2.97700000 144.98663000
2.97800000 141.18111000
2.97900000 137.36908000
2.98000000 133.55484000
2.98100000 129.73547000
2.98200000 125.91759000
2.98300000 122.09500000
2.98400000 118.26208000
2.98500000 114.43529000
2.98600000 110.60158000
2.98700000 106.76859000
2.98800000 102.93016000
2.98900000 99.09541300
2.99000000 95.25214400
2.99100000 91.40663900
2.99200000 87.56655100
2.99300000 83.71942900
2.99400000 79.87586200
2.99500000 76.02914400
2.99600000 72.18216700
2.99700000 68.33146700
2.99800000 64.48635900
2.99900000 60.63885900
3.00000000 56.79951100
3.00100000 52.95455600
3.00200000 49.11499800
3.00300000 45.27257200
3.00400000 41.43511600
3.00500000 37.59460800
3.00600000 33.75605400
3.00700000 29.92442900
3.00800000 26.09441800
3.00900000 22.26435500
3.01000000 18.43391200
3.01100000 14.60755800
3.01200000 10.78372400
3.01300000 6.96622320
3.01400000 3.14556100
3.01500000 -0.67016959
3.01600000 -4.48815490
3.01700000 -8.29582790
3.01800000 -12.10600900
3.01900000 -15.91506000
3.02000000 -19.71993400
3.02100000 -23.52025600
3.02200000 -27.31899300
3.02300000 -31.11748100
3.02400000 -34.92018500
3.02500000 -38.71344400
3.02600000 -42.51020100
3.02700000 -46.30556100
3.02800000 -50.10267300
3.02900000 -53.89593500
3.03000000 -57.70027200
3.03100000 -61.49903100
3.03200000 -65.30094100
3.03300000 -69.10935200
3.03400000 -72.92124200
3.03500000 -76.73515300
3.03600000 -80.55014000
3.03700000 -84.37126900
3.03800000 -88.19851700
3.03900000 -92.02771000
3.04000000 -95.86208300
3.04100000 -99.70367400
3.04200000 -103.55368000
3.04300000 -107.40761000
3.04400000 -111.26785000
3.04500000 -115.13048000
3.04600000 -119.00239000
3.04700000 -122.87534000
3.04800000 -126.75889000
3.04900000 -130.64268000
3.05000000 -134.53403000
3.05100000 -138.42439000
3.05200000 -142.33200000
3.05300000 -146.24048000
3.05400000 -150.15239000
3.05500000 -154.06778000
3.05600000 -157.98659000
3.05700000 -161.91000000
3.05800000 -165.83743000
3.05900000 -169.76797000
3.06000000 -173.69531000
3.06100000 -177.63379000
3.06200000 178.43454000
3.06300000 174.50220000
3.06400000 170.57091000
3.06500000 166.63184000
3.06600000 162.69868000
3.06700000 158.76842000
3.06800000 154.83720000
3.06900000 150.90575000
3.07000000 146.98405000
3.07100000 143.06099000
3.07200000 139.14102000
3.07300000 135.23022000
3.07400000 131.31776000
3.07500000 127.40889000
3.07600000 123.50999000
3.07700000 119.61339000
3.07800000 115.71873000
3.07900000 111.83229000
3.08000000 107.94373000
3.08100000 104.06785000
3.08200000 100.19382000
3.08300000 96.32376900
3.08400000 92.45782500
3.08500000 88.59521500
3.08600000 84.73514600
3.08700000 80.88224000
3.08800000 77.03305100
3.08900000 73.18668400
3.09000000 69.34010300
3.09100000 65.49790200
3.09200000 61.66133100
3.09300000 57.82235300
3.09400000 53.98291000
3.09500000 50.15160400
3.09600000 46.31601700
3.09700000 42.47953000
3.09800000 38.65235900
3.09900000 34.82386000
3.10000000 30.99000400
3.10100000 27.15437500
3.10200000 23.32811900
3.10300000 19.49445200
3.10400000 15.65843300
3.10500000 11.82914000
3.10600000 7.99840690
3.10700000 4.16399190
3.10800000 0.32480830
3.10900000 -3.51036950
3.11000000 -7.35156300
3.11100000 -11.18880300
3.11200000 -15.02796400
3.11300000 -18.86425000
3.11400000 -22.70269800
3.11500000 -26.54751000
3.11600000 -30.38557800
3.11700000 -34.22799300
3.11800000 -38.06643300
3.11900000 -41.91330000
3.12000000 -45.75587500
3.12100000 -49.59702700
3.12200000 -53.43885400
3.12300000 -57.28307000
3.12400000 -61.12033100
3.12500000 -64.96368400
3.12600000 -68.80030800
3.12700000 -72.64292900
3.12800000 -76.48582500
3.12900000 -80.31977100
3.13000000 -84.15414400
3.13100000 -87.98516800
3.13200000 -91.82677500
3.13300000 -95.65966000
3.13400000 -99.49278300
3.13500000 -103.32043000
3.13600000 -107.15503000
3.13700000 -110.98116000
3.13800000 -114.80827000
3.13900000 -118.63244000
3.14000000 -122.45695000
3.14100000 -126.28038000
3.14200000 -130.10556000
3.14300000 -133.92659000
3.14400000 -137.74396000
3.14500000 -141.56464000
3.14600000 -145.38393000
3.14700000 -149.20435000
3.14800000 -153.01564000
3.14900000 -156.83620000
3.15000000 -160.65607000
3.15100000 -164.46889000
3.15200000 -168.28322000
3.15300000 -172.10025000
3.15400000 -175.91927000
3.15500000 -179.73466000
3.15600000 176.44321000
3.15700000 172.62460000
3.15800000 168.80045000
3.15900000 164.97461000
3.16000000 161.15315000
3.16100000 157.32318000
3.16200000 153.48782000
3.16300000 149.65794000
3.16400000 145.81761000
3.16500000 141.97949000
3.16600000 138.14166000
3.16700000 134.29146000
3.16800000 130.44664000
3.16900000 126.59018000
3.17000000 122.73093000
3.17100000 118.86960000
3.17200000 115.00452000
3.17300000 111.13755000
3.17400000 107.26154000
3.17500000 103.38425000
3.17600000 99.49955700
3.17700000 95.61230500
3.17800000 91.72356400
3.17900000 87.82424200
3.18000000 83.92253900
3.18100000 80.02095000
3.18200000 76.11496700
3.18300000 72.20038600
3.18400000 68.28714800
3.18500000 64.37244400
3.18600000 60.44899000
3.18700000 56.53015900
3.18800000 52.60748700
3.18900000 48.68169400
3.19000000 44.75037400
3.19100000 40.82629800
3.19200000 36.90066500
3.19300000 32.97616200
3.19400000 29.04904400
3.19500000 25.12838600
3.19600000 21.20559100
3.19700000 17.28782800
3.19800000 13.37404500
3.19900000 9.46387580
3.20000000 5.55815270
