Frequency(GHz) s21_phase_v2
1.20000000 145.26636000
1.20100000 145.13431000
1.20200000 145.03459000
1.20300000 144.90839000
1.20400000 144.78177000
1.20500000 144.66576000
1.20600000 144.54639000
1.20700000 144.43042000
1.20800000 144.32169000
1.20900000 144.19299000
1.21000000 144.07127000
1.21100000 143.95979000
1.21200000 143.84599000
1.21300000 143.71967000
1.21400000 143.60922000
1.21500000 143.49455000
1.21600000 143.36304000
1.21700000 143.24846000
1.21800000 143.13100000
1.21900000 143.01837000
1.22000000 142.91162000
1.22100000 142.78004000
1.22200000 142.66074000
1.22300000 142.53981000
1.22400000 142.42183000
1.22500000 142.31104000
1.22600000 142.17799000
1.22700000 142.07507000
1.22800000 141.95967000
1.22900000 141.83330000
1.23000000 141.72086000
1.23100000 141.59921000
1.23200000 141.48415000
1.23300000 141.36290000
1.23400000 141.24078000
1.23500000 141.12042000
1.23600000 141.01332000
1.23700000 140.89908000
1.23800000 140.77846000
1.23900000 140.64595000
1.24000000 140.53600000
1.24100000 140.41600000
1.24200000 140.29219000
1.24300000 140.17807000
1.24400000 140.06635000
1.24500000 139.94566000
1.24600000 139.82962000
1.24700000 139.71443000
1.24800000 139.59531000
1.24900000 139.46864000
1.25000000 139.35092000
1.25100000 139.23212000
1.25200000 139.11884000
1.25300000 138.98813000
1.25400000 138.87930000
1.25500000 138.75558000
1.25600000 138.63817000
1.25700000 138.52260000
1.25800000 138.39856000
1.25900000 138.28253000
1.26000000 138.16628000
1.26100000 138.03589000
1.26200000 137.91508000
1.26300000 137.80653000
1.26400000 137.68028000
1.26500000 137.56779000
1.26600000 137.44695000
1.26700000 137.33130000
1.26800000 137.20638000
1.26900000 137.07222000
1.27000000 136.96638000
1.27100000 136.84335000
1.27200000 136.72682000
1.27300000 136.61400000
1.27400000 136.48007000
1.27500000 136.36128000
1.27600000 136.25839000
1.27700000 136.12421000
1.27800000 136.01031000
1.27900000 135.88306000
1.28000000 135.75906000
1.28100000 135.63634000
1.28200000 135.52437000
1.28300000 135.40994000
1.28400000 135.28111000
1.28500000 135.15576000
1.28600000 135.03819000
1.28700000 134.91193000
1.28800000 134.78714000
1.28900000 134.67519000
1.29000000 134.55595000
1.29100000 134.43335000
1.29200000 134.30913000
1.29300000 134.17931000
1.29400000 134.06105000
1.29500000 133.93748000
1.29600000 133.81374000
1.29700000 133.68236000
1.29800000 133.57080000
1.29900000 133.44887000
1.30000000 133.32445000
1.30100000 133.19521000
1.30200000 133.06462000
1.30300000 132.95348000
1.30400000 132.81284000
1.30500000 132.69931000
1.30600000 132.57184000
1.30700000 132.45245000
1.30800000 132.32701000
1.30900000 132.20065000
1.31000000 132.06320000
1.31100000 131.95573000
1.31200000 131.83359000
1.31300000 131.69911000
1.31400000 131.57458000
1.31500000 131.44722000
1.31600000 131.31667000
1.31700000 131.19984000
1.31800000 131.07072000
1.31900000 130.94492000
1.32000000 130.81892000
1.32100000 130.68788000
1.32200000 130.56973000
1.32300000 130.44191000
1.32400000 130.31229000
1.32500000 130.18134000
1.32600000 130.05930000
1.32700000 129.93381000
1.32800000 129.79875000
1.32900000 129.67087000
1.33000000 129.53848000
1.33100000 129.40611000
1.33200000 129.29182000
1.33300000 129.16359000
1.33400000 129.03024000
1.33500000 128.90173000
1.33600000 128.76605000
1.33700000 128.64909000
1.33800000 128.51385000
1.33900000 128.39012000
1.34000000 128.25157000
1.34100000 128.13249000
1.34200000 127.98835000
1.34300000 127.86939000
1.34400000 127.72295000
1.34500000 127.61343000
1.34600000 127.46766000
1.34700000 127.33466000
1.34800000 127.20562000
1.34900000 127.07812000
1.35000000 126.94691000
1.35100000 126.82115000
1.35200000 126.68565000
1.35300000 126.54606000
1.35400000 126.40940000
1.35500000 126.27245000
1.35600000 126.15384000
1.35700000 126.01358000
1.35800000 125.89889000
1.35900000 125.75726000
1.36000000 125.61623000
1.36100000 125.47663000
1.36200000 125.35549000
1.36300000 125.21922000
1.36400000 125.06551000
1.36500000 124.94563000
1.36600000 124.80476000
1.36700000 124.67510000
1.36800000 124.53589000
1.36900000 124.38853000
1.37000000 124.25645000
1.37100000 124.12544000
1.37200000 123.99561000
1.37300000 123.84924000
1.37400000 123.71494000
1.37500000 123.58704000
1.37600000 123.44130000
1.37700000 123.30628000
1.37800000 123.15521000
1.37900000 123.01843000
1.38000000 122.89011000
1.38100000 122.74422000
1.38200000 122.61139000
1.38300000 122.46787000
1.38400000 122.33515000
1.38500000 122.18130000
1.38600000 122.04456000
1.38700000 121.91165000
1.38800000 121.76488000
1.38900000 121.63060000
1.39000000 121.48615000
1.39100000 121.34144000
1.39200000 121.19543000
1.39300000 121.06306000
1.39400000 120.91593000
1.39500000 120.77269000
1.39600000 120.63351000
1.39700000 120.48373000
1.39800000 120.33965000
1.39900000 120.19633000
1.40000000 120.05958000
1.40100000 119.91116000
1.40200000 119.77558000
1.40300000 119.62320000
1.40400000 119.48860000
1.40500000 119.33461000
1.40600000 119.18916000
1.40700000 119.03899000
1.40800000 118.89685000
1.40900000 118.75016000
1.41000000 118.60289000
1.41100000 118.46081000
1.41200000 118.31435000
1.41300000 118.16363000
1.41400000 118.01342000
1.41500000 117.86607000
1.41600000 117.71825000
1.41700000 117.56880000
1.41800000 117.41466000
1.41900000 117.27065000
1.42000000 117.12210000
1.42100000 116.97109000
1.42200000 116.82571000
1.42300000 116.67060000
1.42400000 116.51426000
1.42500000 116.36671000
1.42600000 116.22179000
1.42700000 116.06691000
1.42800000 115.91666000
1.42900000 115.76489000
1.43000000 115.60719000
1.43100000 115.46352000
1.43200000 115.30450000
1.43300000 115.13876000
1.43400000 114.99688000
1.43500000 114.84374000
1.43600000 114.69307000
1.43700000 114.53360000
1.43800000 114.37906000
1.43900000 114.22261000
1.44000000 114.06202000
1.44100000 113.91473000
1.44200000 113.75171000
1.44300000 113.60944000
1.44400000 113.44040000
1.44500000 113.28783000
1.44600000 113.11573000
1.44700000 112.95617000
1.44800000 112.79405000
1.44900000 112.64091000
1.45000000 112.47728000
1.45100000 112.33364000
1.45200000 112.16515000
1.45300000 112.00399000
1.45400000 111.84441000
1.45500000 111.68127000
1.45600000 111.52324000
1.45700000 111.35860000
1.45800000 111.19498000
1.45900000 111.03995000
1.46000000 110.87029000
1.46100000 110.70598000
1.46200000 110.54019000
1.46300000 110.38218000
1.46400000 110.21519000
1.46500000 110.05421000
1.46600000 109.88328000
1.46700000 109.71864000
1.46800000 109.55638000
1.46900000 109.38504000
1.47000000 109.21120000
1.47100000 109.05029000
1.47200000 108.88364000
1.47300000 108.71840000
1.47400000 108.55172000
1.47500000 108.38041000
1.47600000 108.21195000
1.47700000 108.04630000
1.47800000 107.87090000
1.47900000 107.70857000
1.48000000 107.53835000
1.48100000 107.37524000
1.48200000 107.19379000
1.48300000 107.01910000
1.48400000 106.84689000
1.48500000 106.68179000
1.48600000 106.49845000
1.48700000 106.33289000
1.48800000 106.16388000
1.48900000 105.99007000
1.49000000 105.81136000
1.49100000 105.63662000
1.49200000 105.46402000
1.49300000 105.29007000
1.49400000 105.11375000
1.49500000 104.93406000
1.49600000 104.75983000
1.49700000 104.57976000
1.49800000 104.41325000
1.49900000 104.23902000
1.50000000 104.05804000
1.50100000 103.87286000
1.50200000 103.68920000
1.50300000 103.52041000
1.50400000 103.34580000
1.50500000 103.17043000
1.50600000 102.97514000
1.50700000 102.80341000
1.50800000 102.61789000
1.50900000 102.44692000
1.51000000 102.26160000
1.51100000 102.08026000
1.51200000 101.89472000
1.51300000 101.71400000
1.51400000 101.53354000
1.51500000 101.35049000
1.51600000 101.16415000
1.51700000 100.97991000
1.51800000 100.80315000
1.51900000 100.62207000
1.52000000 100.43676000
1.52100000 100.25069000
1.52200000 100.05991000
1.52300000 99.88562000
1.52400000 99.69016300
1.52500000 99.50911700
1.52600000 99.31510200
1.52700000 99.12709000
1.52800000 98.94714400
1.52900000 98.74971800
1.53000000 98.56501800
1.53100000 98.37661000
1.53200000 98.18298300
1.53300000 98.00230400
1.53400000 97.80438200
1.53500000 97.62461100
1.53600000 97.42995500
1.53700000 97.23172800
1.53800000 97.04821000
1.53900000 96.85361500
1.54000000 96.66230800
1.54100000 96.46918500
1.54200000 96.28046400
1.54300000 96.08114600
1.54400000 95.89239500
1.54500000 95.69150500
1.54600000 95.49268300
1.54700000 95.30133100
1.54800000 95.10920700
1.54900000 94.91648100
1.55000000 94.71540100
1.55100000 94.51916500
1.55200000 94.32575200
1.55300000 94.11985800
1.55400000 93.93032100
1.55500000 93.72321300
1.55600000 93.53247800
1.55700000 93.33365600
1.55800000 93.13485000
1.55900000 92.93573800
1.56000000 92.73372700
1.56100000 92.52584800
1.56200000 92.33534200
1.56300000 92.13089000
1.56400000 91.93283800
1.56500000 91.72888900
1.56600000 91.53075400
1.56700000 91.33143600
1.56800000 91.12666300
1.56900000 90.92489600
1.57000000 90.71597300
1.57100000 90.51563300
1.57200000 90.31853500
1.57300000 90.11476100
1.57400000 89.90927100
1.57500000 89.70493300
1.57600000 89.50208300
1.57700000 89.29127500
1.57800000 89.08038300
1.57900000 88.88118700
1.58000000 88.67091400
1.58100000 88.47551000
1.58200000 88.26619000
1.58300000 88.05129200
1.58400000 87.84774800
1.58500000 87.64556900
1.58600000 87.44178000
1.58700000 87.22596700
1.58800000 87.01720400
1.58900000 86.80432100
1.59000000 86.59088900
1.59100000 86.39485900
1.59200000 86.18067900
1.59300000 85.97551000
1.59400000 85.76403000
1.59500000 85.54935500
1.59600000 85.34233900
1.59700000 85.12121600
1.59800000 84.92063100
1.59900000 84.70397900
1.60000000 84.49176000
1.60100000 84.28956600
1.60200000 84.07386000
1.60300000 83.86020700
1.60400000 83.64236500
1.60500000 83.42880200
1.60600000 83.21471400
1.60700000 82.99529300
1.60800000 82.78675100
1.60900000 82.56926000
1.61000000 82.35841400
1.61100000 82.13365200
1.61200000 81.92499500
1.61300000 81.70038600
1.61400000 81.48750300
1.61500000 81.27374300
1.61600000 81.05899000
1.61700000 80.82123600
1.61800000 80.61646300
1.61900000 80.40044400
1.62000000 80.17751300
1.62100000 79.96308100
1.62200000 79.73695400
1.62300000 79.52469600
1.62400000 79.29847000
1.62500000 79.07418100
1.62600000 78.86177800
1.62700000 78.64172400
1.62800000 78.41546600
1.62900000 78.20111100
1.63000000 77.96720100
1.63100000 77.74652900
1.63200000 77.52233900
1.63300000 77.30219300
1.63400000 77.07797200
1.63500000 76.85137200
1.63600000 76.63582600
1.63700000 76.40990400
1.63800000 76.18118300
1.63900000 75.95665000
1.64000000 75.73425300
1.64100000 75.50656900
1.64200000 75.28392000
1.64300000 75.05473300
1.64400000 74.82930800
1.64500000 74.60298900
1.64600000 74.37752500
1.64700000 74.15153500
1.64800000 73.92229500
1.64900000 73.69650300
1.65000000 73.46456900
1.65100000 73.24239300
1.65200000 73.01832600
1.65300000 72.78624000
1.65400000 72.55704500
1.65500000 72.32797200
1.65600000 72.09271200
1.65700000 71.86659200
1.65800000 71.64261600
1.65900000 71.41175100
1.66000000 71.17718500
1.66100000 70.94860100
1.66200000 70.72209200
1.66300000 70.49121900
1.66400000 70.25517300
1.66500000 70.02062200
1.66600000 69.78631600
1.66700000 69.56583400
1.66800000 69.33287800
1.66900000 69.09989200
1.67000000 68.85833700
1.67100000 68.63045500
1.67200000 68.39782000
1.67300000 68.16407000
1.67400000 67.92806200
1.67500000 67.70566600
1.67600000 67.46760600
1.67700000 67.22986600
1.67800000 66.98967700
1.67900000 66.75608800
1.68000000 66.51532700
1.68100000 66.28866600
1.68200000 66.05332200
1.68300000 65.81929800
1.68400000 65.58379400
1.68500000 65.34220100
1.68600000 65.10185200
1.68700000 64.86624900
1.68800000 64.62943300
1.68900000 64.39507300
1.69000000 64.15647900
1.69100000 63.92474000
1.69200000 63.68135800
1.69300000 63.44278000
1.69400000 63.20172100
1.69500000 62.96139500
1.69600000 62.72142400
1.69700000 62.48237200
1.69800000 62.24490700
1.69900000 62.00664500
1.70000000 61.76124200
1.70100000 61.52345700
1.70200000 61.28010200
1.70300000 61.04478100
1.70400000 60.79512400
1.70500000 60.56684500
1.70600000 60.31891600
1.70700000 60.08217600
1.70800000 59.83737600
1.70900000 59.58861200
1.71000000 59.35623600
1.71100000 59.11420100
1.71200000 58.86727100
1.71300000 58.62482500
1.71400000 58.37975300
1.71500000 58.14207500
1.71600000 57.90708900
1.71700000 57.64983000
1.71800000 57.40978200
1.71900000 57.16842300
1.72000000 56.92364500
1.72100000 56.67716200
1.72200000 56.43006900
1.72300000 56.18512300
1.72400000 55.93666100
1.72500000 55.70350600
1.72600000 55.45552400
1.72700000 55.21062900
1.72800000 54.96001800
1.72900000 54.72137500
1.73000000 54.48442500
1.73100000 54.23111300
1.73200000 53.98497400
1.73300000 53.73857900
1.73400000 53.49298100
1.73500000 53.24602100
1.73600000 53.00136200
1.73700000 52.75383000
1.73800000 52.50034300
1.73900000 52.26265000
1.74000000 52.01282900
1.74100000 51.76426300
1.74200000 51.51342400
1.74300000 51.27164500
1.74400000 51.01901200
1.74500000 50.76948200
1.74600000 50.52523000
1.74700000 50.28019000
1.74800000 50.02822500
1.74900000 49.77346400
1.75000000 49.52960200
1.75100000 49.27534500
1.75200000 49.02613400
1.75300000 48.78884900
1.75400000 48.53163100
1.75500000 48.28284500
1.75600000 48.03283700
1.75700000 47.77425400
1.75800000 47.53403100
1.75900000 47.27681400
1.76000000 47.04096200
1.76100000 46.78371000
1.76200000 46.52790100
1.76300000 46.28436300
1.76400000 46.02002700
1.76500000 45.77675200
1.76600000 45.53319900
1.76700000 45.27005800
1.76800000 45.02244200
1.76900000 44.77740500
1.77000000 44.51967200
1.77100000 44.26448100
1.77200000 44.01785300
1.77300000 43.75870900
1.77400000 43.51842500
1.77500000 43.26088700
1.77600000 43.01084900
1.77700000 42.75388000
1.77800000 42.50305900
1.77900000 42.24455600
1.78000000 42.00185800
1.78100000 41.74011200
1.78200000 41.49416000
1.78300000 41.22937800
1.78400000 40.98255900
1.78500000 40.73071300
1.78600000 40.47575400
1.78700000 40.22354100
1.78800000 39.97197000
1.78900000 39.71947500
1.79000000 39.46288700
1.79100000 39.20823300
1.79200000 38.95432700
1.79300000 38.70176700
1.79400000 38.44439700
1.79500000 38.18862500
1.79600000 37.94241000
1.79700000 37.67908900
1.79800000 37.42698700
1.79900000 37.16389500
1.80000000 36.91436400
1.80100000 36.66347900
1.80200000 36.39498900
1.80300000 36.16100300
1.80400000 35.89802200
1.80500000 35.64776200
1.80600000 35.39242900
1.80700000 35.13448000
1.80800000 34.88240400
1.80900000 34.61238900
1.81000000 34.36554300
1.81100000 34.10886400
1.81200000 33.86550500
1.81300000 33.59956000
1.81400000 33.34590500
1.81500000 33.08033000
1.81600000 32.83123800
1.81700000 32.57575600
1.81800000 32.31396100
1.81900000 32.06297700
1.82000000 31.80794500
1.82100000 31.55059800
1.82200000 31.29798700
1.82300000 31.03830900
1.82400000 30.77999100
1.82500000 30.52625300
1.82600000 30.25659200
1.82700000 30.01610000
1.82800000 29.75849000
1.82900000 29.49581700
1.83000000 29.24313700
1.83100000 28.98416700
1.83200000 28.72698000
1.83300000 28.46781000
1.83400000 28.20946100
1.83500000 27.95226100
1.83600000 27.69582600
1.83700000 27.43914600
1.83800000 27.18558500
1.83900000 26.92593600
1.84000000 26.66428600
1.84100000 26.41371700
1.84200000 26.15104900
1.84300000 25.89350900
1.84400000 25.64009100
1.84500000 25.38300300
1.84600000 25.11711700
1.84700000 24.86501300
1.84800000 24.60430700
1.84900000 24.35332900
1.85000000 24.09499700
1.85100000 23.83366800
1.85200000 23.57087700
1.85300000 23.31388100
1.85400000 23.06336600
1.85500000 22.80394200
1.85600000 22.54237000
1.85700000 22.28322600
1.85800000 22.03266900
1.85900000 21.76681300
1.86000000 21.51169800
1.86100000 21.26055100
1.86200000 20.98864600
1.86300000 20.72965400
1.86400000 20.48169700
1.86500000 20.21424500
1.86600000 19.95695900
1.86700000 19.69751400
1.86800000 19.44439500
1.86900000 19.18926800
1.87000000 18.92308400
1.87100000 18.66300000
1.87200000 18.40155200
1.87300000 18.14891200
1.87400000 17.88603200
1.87500000 17.63154000
1.87600000 17.37067800
1.87700000 17.11291700
1.87800000 16.84983100
1.87900000 16.59703600
1.88000000 16.33544000
1.88100000 16.07404500
1.88200000 15.81405400
1.88300000 15.55772300
1.88400000 15.29596100
1.88500000 15.03555200
1.88600000 14.78502800
1.88700000 14.52507200
1.88800000 14.26877500
1.88900000 14.01229700
1.89000000 13.74988500
1.89100000 13.48601900
1.89200000 13.22313200
1.89300000 12.96013400
1.89400000 12.71219900
1.89500000 12.44512700
1.89600000 12.18723200
1.89700000 11.93082000
1.89800000 11.67107300
1.89900000 11.41785100
1.90000000 11.15161800
1.90100000 10.89980500
1.90200000 10.63317600
1.90300000 10.38510500
1.90400000 10.12122200
1.90500000 9.86067580
1.90600000 9.59862900
1.90700000 9.33999920
1.90800000 9.08331580
1.90900000 8.82500840
1.91000000 8.56285190
1.91100000 8.30768780
1.91200000 8.04868600
1.91300000 7.78567550
1.91400000 7.52771380
1.91500000 7.26275630
1.91600000 7.00686600
1.91700000 6.75456760
1.91800000 6.49202250
1.91900000 6.23877760
1.92000000 5.96749640
1.92100000 5.71562720
1.92200000 5.46238090
1.92300000 5.19150830
1.92400000 4.93788770
1.92500000 4.67536500
1.92600000 4.41855620
1.92700000 4.15963080
1.92800000 3.90493750
1.92900000 3.63905860
1.93000000 3.37918230
1.93100000 3.12569550
1.93200000 2.86323950
1.93300000 2.60405230
1.93400000 2.34111190
1.93500000 2.08915850
1.93600000 1.82458730
1.93700000 1.57428460
1.93800000 1.31671170
1.93900000 1.05717060
1.94000000 0.79830945
1.94100000 0.53210658
1.94200000 0.27811134
1.94300000 0.01720695
1.94400000 -0.24256074
1.94500000 -0.50209910
1.94600000 -0.75822610
1.94700000 -1.01225260
1.94800000 -1.26752020
1.94900000 -1.52807560
1.95000000 -1.79095480
1.95100000 -2.04678580
1.95200000 -2.31014110
1.95300000 -2.56637810
1.95400000 -2.82076840
1.95500000 -3.08252670
1.95600000 -3.33897210
1.95700000 -3.59778210
1.95800000 -3.85946300
1.95900000 -4.11824660
1.96000000 -4.37203930
1.96100000 -4.63285110
1.96200000 -4.89231490
1.96300000 -5.14730020
1.96400000 -5.40204430
1.96500000 -5.66481020
1.96600000 -5.91776420
1.96700000 -6.17244580
1.96800000 -6.43750620
1.96900000 -6.69367600
1.97000000 -6.95228720
1.97100000 -7.20611240
1.97200000 -7.46720270
1.97300000 -7.72783140
1.97400000 -7.97787000
1.97500000 -8.24066070
1.97600000 -8.49075130
1.97700000 -8.75727750
1.97800000 -9.01354410
1.97900000 -9.26867290
1.98000000 -9.52776240
1.98100000 -9.77845290
1.98200000 -10.03345800
1.98300000 -10.30149900
1.98400000 -10.54812600
1.98500000 -10.80996400
1.98600000 -11.06934500
1.98700000 -11.32070400
1.98800000 -11.56991900
1.98900000 -11.83684000
1.99000000 -12.09657800
1.99100000 -12.35097600
1.99200000 -12.60531600
1.99300000 -12.85537800
1.99400000 -13.11261900
1.99500000 -13.38056400
1.99600000 -13.63649400
1.99700000 -13.89560300
1.99800000 -14.14076200
1.99900000 -14.40184200
2.00000000 -14.65592100
2.00100000 -14.91766700
2.00200000 -15.17150100
2.00300000 -15.42854500
2.00400000 -15.68135600
2.00500000 -15.93790000
2.00600000 -16.19442700
2.00700000 -16.44951600
2.00800000 -16.70842900
2.00900000 -16.95934100
2.01000000 -17.20783600
2.01100000 -17.47275900
2.01200000 -17.72817600
2.01300000 -17.98060400
2.01400000 -18.24545900
2.01500000 -18.49483300
2.01600000 -18.75023100
2.01700000 -18.99837100
2.01800000 -19.25851400
2.01900000 -19.50743700
2.02000000 -19.77078600
2.02100000 -20.02454400
2.02200000 -20.28024500
2.02300000 -20.53357500
2.02400000 -20.78290200
2.02500000 -21.04550000
2.02600000 -21.29403900
2.02700000 -21.55312300
2.02800000 -21.80074300
2.02900000 -22.06206500
2.03000000 -22.30958200
2.03100000 -22.56723200
2.03200000 -22.81706000
2.03300000 -23.06983900
2.03400000 -23.32791900
2.03500000 -23.58457800
2.03600000 -23.82592400
2.03700000 -24.09066600
2.03800000 -24.34136600
2.03900000 -24.59359600
2.04000000 -24.84828600
2.04100000 -25.10601000
2.04200000 -25.35645900
2.04300000 -25.60786800
2.04400000 -25.86034600
2.04500000 -26.12023700
2.04600000 -26.36280800
2.04700000 -26.62237200
2.04800000 -26.87702200
2.04900000 -27.12802700
2.05000000 -27.38497900
2.05100000 -27.63499800
2.05200000 -27.88266800
2.05300000 -28.13598800
2.05400000 -28.39534400
2.05500000 -28.64340200
2.05600000 -28.89419000
2.05700000 -29.13779600
2.05800000 -29.39016200
2.05900000 -29.64553800
2.06000000 -29.89902100
2.06100000 -30.14926500
2.06200000 -30.40168800
2.06300000 -30.65039800
2.06400000 -30.90589500
2.06500000 -31.15717900
2.06600000 -31.40602700
2.06700000 -31.65988700
2.06800000 -31.90533600
2.06900000 -32.15213000
2.07000000 -32.41173900
2.07100000 -32.66087700
2.07200000 -32.90757000
2.07300000 -33.16215500
2.07400000 -33.41294100
2.07500000 -33.66342200
2.07600000 -33.90862700
2.07700000 -34.16662200
2.07800000 -34.40494900
2.07900000 -34.66102600
2.08000000 -34.90578100
2.08100000 -35.16079700
2.08200000 -35.40215700
2.08300000 -35.65781000
2.08400000 -35.90811500
2.08500000 -36.15143200
2.08600000 -36.41016400
2.08700000 -36.65887800
2.08800000 -36.90060000
2.08900000 -37.15095100
2.09000000 -37.39933800
2.09100000 -37.64946000
2.09200000 -37.90010100
2.09300000 -38.14572900
2.09400000 -38.40111500
2.09500000 -38.65018800
2.09600000 -38.88793900
2.09700000 -39.13835900
2.09800000 -39.38537600
2.09900000 -39.63808800
2.10000000 -39.88090500
2.10100000 -40.12799500
2.10200000 -40.37662100
2.10300000 -40.63059200
2.10400000 -40.86670300
2.10500000 -41.11373500
2.10600000 -41.36923200
2.10700000 -41.60954700
2.10800000 -41.85911900
2.10900000 -42.10399600
2.11000000 -42.35027300
2.11100000 -42.59956000
2.11200000 -42.83430500
2.11300000 -43.08732200
2.11400000 -43.34488700
2.11500000 -43.57531000
2.11600000 -43.82818200
2.11700000 -44.07391000
2.11800000 -44.31736000
2.11900000 -44.56631100
2.12000000 -44.80983700
2.12100000 -45.05943700
2.12200000 -45.29706600
2.12300000 -45.53702200
2.12400000 -45.78828400
2.12500000 -46.04082900
2.12600000 -46.27419300
2.12700000 -46.52143500
2.12800000 -46.76686500
2.12900000 -47.00788100
2.13000000 -47.25385700
2.13100000 -47.50145700
2.13200000 -47.74948900
2.13300000 -47.98730900
2.13400000 -48.23199100
2.13500000 -48.47501000
2.13600000 -48.71684300
2.13700000 -48.96026600
2.13800000 -49.20582600
2.13900000 -49.44797900
2.14000000 -49.68770600
2.14100000 -49.92451100
2.14200000 -50.17442300
2.14300000 -50.42246600
2.14400000 -50.66105700
2.14500000 -50.89894900
2.14600000 -51.14959000
2.14700000 -51.39009100
2.14800000 -51.62810500
2.14900000 -51.87042200
2.15000000 -52.11274000
2.15100000 -52.35595300
2.15200000 -52.59877400
2.15300000 -52.84409000
2.15400000 -53.07384900
2.15500000 -53.31835200
2.15600000 -53.56787900
2.15700000 -53.80047600
2.15800000 -54.05034600
2.15900000 -54.28241300
2.16000000 -54.51819200
2.16100000 -54.76626600
2.16200000 -55.00315500
2.16300000 -55.23879200
2.16400000 -55.47854200
2.16500000 -55.71708300
2.16600000 -55.95702000
2.16700000 -56.20153400
2.16800000 -56.43502400
2.16900000 -56.67391600
2.17000000 -56.92005500
2.17100000 -57.15227500
2.17200000 -57.39468000
2.17300000 -57.63791700
2.17400000 -57.86919400
2.17500000 -58.11053800
2.17600000 -58.34544400
2.17700000 -58.58557900
2.17800000 -58.81927500
2.17900000 -59.05534700
2.18000000 -59.30201300
2.18100000 -59.52888500
2.18200000 -59.77173200
2.18300000 -60.00649300
2.18400000 -60.24603300
2.18500000 -60.48191500
2.18600000 -60.71925700
2.18700000 -60.95245400
2.18800000 -61.18941900
2.18900000 -61.41793100
2.19000000 -61.65943100
2.19100000 -61.90115000
2.19200000 -62.12848700
2.19300000 -62.36304900
2.19400000 -62.59912900
2.19500000 -62.83253500
2.19600000 -63.07868200
2.19700000 -63.31112300
2.19800000 -63.54245400
2.19900000 -63.76865400
2.20000000 -64.00807200
2.20100000 -64.24577300
2.20200000 -64.48686200
2.20300000 -64.71465300
2.20400000 -64.94690700
2.20500000 -65.18103000
2.20600000 -65.41609200
2.20700000 -65.64890300
2.20800000 -65.88066900
2.20900000 -66.11764500
2.21000000 -66.35126500
2.21100000 -66.58479300
2.21200000 -66.81159200
2.21300000 -67.05242900
2.21400000 -67.27867100
2.21500000 -67.51049800
2.21600000 -67.74089100
2.21700000 -67.97726400
2.21800000 -68.20475000
2.21900000 -68.43138100
2.22000000 -68.67498000
2.22100000 -68.89387500
2.22200000 -69.13189700
2.22300000 -69.36586000
2.22400000 -69.59602400
2.22500000 -69.82856000
2.22600000 -70.05384100
2.22700000 -70.28693400
2.22800000 -70.51476300
2.22900000 -70.74560500
2.23000000 -70.97438800
2.23100000 -71.21114300
2.23200000 -71.43210600
2.23300000 -71.66855600
2.23400000 -71.88871800
2.23500000 -72.12293200
2.23600000 -72.34803800
2.23700000 -72.58299300
2.23800000 -72.81049300
2.23900000 -73.03418000
2.24000000 -73.26159700
2.24100000 -73.49700200
2.24200000 -73.72546400
2.24300000 -73.95317800
2.24400000 -74.17252300
2.24500000 -74.40576900
2.24600000 -74.62971500
2.24700000 -74.85826100
2.24800000 -75.08655500
2.24900000 -75.30517600
2.25000000 -75.53766600
2.25100000 -75.76394700
2.25200000 -75.99309500
2.25300000 -76.22956100
2.25400000 -76.44158900
2.25500000 -76.66840400
2.25600000 -76.90528900
2.25700000 -77.12473300
2.25800000 -77.34958600
2.25900000 -77.57479100
2.26000000 -77.79857600
2.26100000 -78.02319300
2.26200000 -78.24166900
2.26300000 -78.47267900
2.26400000 -78.69323700
2.26500000 -78.91677900
2.26600000 -79.14416500
2.26700000 -79.36607400
2.26800000 -79.58890500
2.26900000 -79.81127200
2.27000000 -80.04267900
2.27100000 -80.25766800
2.27200000 -80.48899100
2.27300000 -80.71660600
2.27400000 -80.93141900
2.27500000 -81.15512100
2.27600000 -81.38404100
2.27700000 -81.60241700
2.27800000 -81.81942000
2.27900000 -82.03945200
2.28000000 -82.26020800
2.28100000 -82.48893700
2.28200000 -82.71395100
2.28300000 -82.93483700
2.28400000 -83.16352100
2.28500000 -83.37783800
2.28600000 -83.60408800
2.28700000 -83.81495700
2.28800000 -84.03713200
2.28900000 -84.25481400
2.29000000 -84.47439600
2.29100000 -84.69564100
2.29200000 -84.91178900
2.29300000 -85.13814500
2.29400000 -85.35577400
2.29500000 -85.57901800
2.29600000 -85.79444900
2.29700000 -86.02341500
2.29800000 -86.24042500
2.29900000 -86.45853400
2.30000000 -86.68540200
2.30100000 -86.88901500
2.30200000 -87.11037400
2.30300000 -87.34315500
2.30400000 -87.54868300
2.30500000 -87.76564000
2.30600000 -87.99590300
2.30700000 -88.20588700
2.30800000 -88.43158000
2.30900000 -88.65313700
2.31000000 -88.86634800
2.31100000 -89.07708700
2.31200000 -89.29786700
2.31300000 -89.51622800
2.31400000 -89.73128500
2.31500000 -89.95439900
2.31600000 -90.16234600
2.31700000 -90.38555900
2.31800000 -90.60664400
2.31900000 -90.81428500
2.32000000 -91.03245500
2.32100000 -91.24954200
2.32200000 -91.46337100
2.32300000 -91.67967200
2.32400000 -91.89046500
2.32500000 -92.11101500
2.32600000 -92.32978800
2.32700000 -92.54655500
2.32800000 -92.75713300
2.32900000 -92.97253400
2.33000000 -93.18648500
2.33100000 -93.39947500
2.33200000 -93.61454800
2.33300000 -93.83123800
2.33400000 -94.03845200
2.33500000 -94.26078800
2.33600000 -94.47637900
2.33700000 -94.69055200
2.33800000 -94.89451600
2.33900000 -95.11400600
2.34000000 -95.32527200
2.34100000 -95.54019200
2.34200000 -95.75283800
2.34300000 -95.95920600
2.34400000 -96.17630800
2.34500000 -96.38946500
2.34600000 -96.60730000
2.34700000 -96.81709300
2.34800000 -97.03511800
2.34900000 -97.24008900
2.35000000 -97.45134000
2.35100000 -97.66394800
2.35200000 -97.87408400
2.35300000 -98.08465600
2.35400000 -98.29769900
2.35500000 -98.50585200
2.35600000 -98.72064200
2.35700000 -98.93236500
2.35800000 -99.14202100
2.35900000 -99.34655800
2.36000000 -99.55275700
2.36100000 -99.77496300
2.36200000 -99.97953000
2.36300000 -100.19385000
2.36400000 -100.40984000
2.36500000 -100.62036000
2.36600000 -100.82243000
2.36700000 -101.03104000
2.36800000 -101.24319000
2.36900000 -101.44639000
2.37000000 -101.65990000
2.37100000 -101.87356000
2.37200000 -102.08132000
2.37300000 -102.29156000
2.37400000 -102.50267000
2.37500000 -102.70322000
2.37600000 -102.91662000
2.37700000 -103.13158000
2.37800000 -103.32896000
2.37900000 -103.54225000
2.38000000 -103.75353000
2.38100000 -103.95398000
2.38200000 -104.16729000
2.38300000 -104.36967000
2.38400000 -104.58324000
2.38500000 -104.79221000
2.38600000 -104.99387000
2.38700000 -105.20306000
2.38800000 -105.40377000
2.38900000 -105.60955000
2.39000000 -105.82650000
2.39100000 -106.03201000
2.39200000 -106.23824000
2.39300000 -106.44254000
2.39400000 -106.65146000
2.39500000 -106.85072000
2.39600000 -107.06157000
2.39700000 -107.26166000
2.39800000 -107.46632000
2.39900000 -107.68002000
2.40000000 -107.87451000
2.40100000 -108.08778000
2.40200000 -108.29532000
2.40300000 -108.49673000
2.40400000 -108.69557000
2.40500000 -108.90549000
2.40600000 -109.10471000
2.40700000 -109.31383000
2.40800000 -109.51393000
2.40900000 -109.72312000
2.41000000 -109.92368000
2.41100000 -110.13317000
2.41200000 -110.33648000
2.41300000 -110.53233000
2.41400000 -110.74187000
2.41500000 -110.93828000
2.41600000 -111.14617000
2.41700000 -111.34948000
2.41800000 -111.55134000
2.41900000 -111.75102000
2.42000000 -111.95894000
2.42100000 -112.16041000
2.42200000 -112.36904000
2.42300000 -112.56857000
2.42400000 -112.77642000
2.42500000 -112.97247000
2.42600000 -113.17255000
2.42700000 -113.37556000
2.42800000 -113.57817000
2.42900000 -113.78641000
2.43000000 -113.98415000
2.43100000 -114.18163000
2.43200000 -114.38448000
2.43300000 -114.57960000
2.43400000 -114.78085000
2.43500000 -114.98917000
2.43600000 -115.18886000
2.43700000 -115.39146000
2.43800000 -115.58965000
2.43900000 -115.78947000
2.44000000 -115.98878000
2.44100000 -116.19332000
2.44200000 -116.39760000
2.44300000 -116.59624000
2.44400000 -116.79120000
2.44500000 -116.99308000
2.44600000 -117.18925000
2.44700000 -117.38609000
2.44800000 -117.59806000
2.44900000 -117.79295000
2.45000000 -117.99433000
2.45100000 -118.19711000
2.45200000 -118.39268000
2.45300000 -118.58891000
2.45400000 -118.79819000
2.45500000 -118.98817000
2.45600000 -119.18459000
2.45700000 -119.38134000
2.45800000 -119.59019000
2.45900000 -119.78758000
2.46000000 -119.97857000
2.46100000 -120.19121000
2.46200000 -120.37701000
2.46300000 -120.57712000
2.46400000 -120.77721000
2.46500000 -120.97747000
2.46600000 -121.17516000
2.46700000 -121.36390000
2.46800000 -121.56918000
2.46900000 -121.75957000
2.47000000 -121.95876000
2.47100000 -122.15633000
2.47200000 -122.35565000
2.47300000 -122.55521000
2.47400000 -122.74252000
2.47500000 -122.94536000
2.47600000 -123.14939000
2.47700000 -123.34077000
2.47800000 -123.53935000
2.47900000 -123.74609000
2.48000000 -123.92879000
2.48100000 -124.12676000
2.48200000 -124.33029000
2.48300000 -124.52254000
2.48400000 -124.71300000
2.48500000 -124.91269000
2.48600000 -125.10847000
2.48700000 -125.30907000
2.48800000 -125.50235000
2.48900000 -125.69916000
2.49000000 -125.89268000
2.49100000 -126.08570000
2.49200000 -126.29946000
2.49300000 -126.48344000
2.49400000 -126.67426000
2.49500000 -126.87177000
2.49600000 -127.07992000
2.49700000 -127.26788000
2.49800000 -127.46794000
2.49900000 -127.65934000
2.50000000 -127.85306000
2.50100000 -128.05550000
2.50200000 -128.24690000
2.50300000 -128.44046000
2.50400000 -128.63058000
2.50500000 -128.82504000
2.50600000 -129.02335000
2.50700000 -129.21989000
2.50800000 -129.41818000
2.50900000 -129.61337000
2.51000000 -129.80177000
2.51100000 -130.00034000
2.51200000 -130.19983000
2.51300000 -130.38962000
2.51400000 -130.59024000
2.51500000 -130.79063000
2.51600000 -130.97871000
2.51700000 -131.16615000
2.51800000 -131.36559000
2.51900000 -131.56209000
2.52000000 -131.75299000
2.52100000 -131.94414000
2.52200000 -132.14595000
2.52300000 -132.33305000
2.52400000 -132.53430000
2.52500000 -132.72839000
2.52600000 -132.91960000
2.52700000 -133.11589000
2.52800000 -133.31053000
2.52900000 -133.51100000
2.53000000 -133.69437000
2.53100000 -133.88998000
2.53200000 -134.08078000
2.53300000 -134.27861000
2.53400000 -134.46259000
2.53500000 -134.65755000
2.53600000 -134.85043000
2.53700000 -135.04630000
2.53800000 -135.24187000
2.53900000 -135.42624000
2.54000000 -135.61194000
2.54100000 -135.82285000
2.54200000 -136.01183000
2.54300000 -136.20825000
2.54400000 -136.39594000
2.54500000 -136.58745000
2.54600000 -136.78468000
2.54700000 -136.97220000
2.54800000 -137.16391000
2.54900000 -137.36475000
2.55000000 -137.55029000
2.55100000 -137.74681000
2.55200000 -137.93680000
2.55300000 -138.13181000
2.55400000 -138.32144000
2.55500000 -138.51254000
2.55600000 -138.70796000
2.55700000 -138.89653000
2.55800000 -139.09911000
2.55900000 -139.28877000
2.56000000 -139.48758000
2.56100000 -139.67554000
2.56200000 -139.86784000
2.56300000 -140.05745000
2.56400000 -140.24490000
2.56500000 -140.43925000
2.56600000 -140.64117000
2.56700000 -140.82549000
2.56800000 -141.02531000
2.56900000 -141.21275000
2.57000000 -141.39880000
2.57100000 -141.60207000
2.57200000 -141.78993000
2.57300000 -141.97925000
2.57400000 -142.17133000
2.57500000 -142.35919000
2.57600000 -142.55592000
2.57700000 -142.75160000
2.57800000 -142.94035000
2.57900000 -143.13963000
2.58000000 -143.32243000
2.58100000 -143.51846000
2.58200000 -143.71080000
2.58300000 -143.90234000
2.58400000 -144.09100000
2.58500000 -144.28017000
2.58600000 -144.46851000
2.58700000 -144.66377000
2.58800000 -144.85820000
2.58900000 -145.05069000
2.59000000 -145.24617000
2.59100000 -145.42873000
2.59200000 -145.62245000
2.59300000 -145.81795000
2.59400000 -145.99887000
2.59500000 -146.19705000
2.59600000 -146.38916000
2.59700000 -146.58284000
2.59800000 -146.76936000
2.59900000 -146.96268000
2.60000000 -147.15796000
2.60100000 -147.34387000
2.60200000 -147.53322000
2.60300000 -147.72935000
2.60400000 -147.91722000
2.60500000 -148.11194000
2.60600000 -148.29506000
2.60700000 -148.48878000
2.60800000 -148.67818000
2.60900000 -148.86440000
2.61000000 -149.05795000
2.61100000 -149.25720000
2.61200000 -149.44191000
2.61300000 -149.62642000
2.61400000 -149.81827000
2.61500000 -150.01036000
2.61600000 -150.20569000
2.61700000 -150.40370000
2.61800000 -150.58521000
2.61900000 -150.78212000
2.62000000 -150.96506000
2.62100000 -151.14998000
2.62200000 -151.34622000
2.62300000 -151.53857000
2.62400000 -151.72395000
2.62500000 -151.92813000
2.62600000 -152.11613000
2.62700000 -152.30077000
2.62800000 -152.49754000
2.62900000 -152.68147000
2.63000000 -152.87996000
2.63100000 -153.05823000
2.63200000 -153.25620000
2.63300000 -153.44450000
2.63400000 -153.63849000
2.63500000 -153.83383000
2.63600000 -154.02086000
2.63700000 -154.20706000
2.63800000 -154.40211000
2.63900000 -154.59760000
2.64000000 -154.78162000
2.64100000 -154.97437000
2.64200000 -155.16373000
2.64300000 -155.35835000
2.64400000 -155.54237000
2.64500000 -155.72801000
2.64600000 -155.91946000
2.64700000 -156.11426000
2.64800000 -156.30180000
2.64900000 -156.49553000
2.65000000 -156.68196000
2.65100000 -156.87767000
2.65200000 -157.06613000
2.65300000 -157.25992000
2.65400000 -157.44351000
2.65500000 -157.62846000
2.65600000 -157.83058000
2.65700000 -158.00783000
2.65800000 -158.20445000
2.65900000 -158.38921000
2.66000000 -158.58995000
2.66100000 -158.77219000
2.66200000 -158.96535000
2.66300000 -159.15427000
2.66400000 -159.34042000
2.66500000 -159.53123000
2.66600000 -159.71806000
2.66700000 -159.91542000
2.66800000 -160.10672000
2.66900000 -160.29793000
2.67000000 -160.48602000
2.67100000 -160.67159000
2.67200000 -160.86031000
2.67300000 -161.05225000
2.67400000 -161.24745000
2.67500000 -161.43390000
2.67600000 -161.62685000
2.67700000 -161.82341000
2.67800000 -162.00467000
2.67900000 -162.20052000
2.68000000 -162.38449000
2.68100000 -162.57982000
2.68200000 -162.76424000
2.68300000 -162.95233000
2.68400000 -163.14240000
2.68500000 -163.33980000
2.68600000 -163.52800000
2.68700000 -163.71449000
2.68800000 -163.89700000
2.68900000 -164.10304000
2.69000000 -164.28836000
2.69100000 -164.47031000
2.69200000 -164.67577000
2.69300000 -164.85724000
2.69400000 -165.04781000
2.69500000 -165.24026000
2.69600000 -165.42830000
2.69700000 -165.62141000
2.69800000 -165.81372000
2.69900000 -166.00493000
2.70000000 -166.19032000
2.70100000 -166.37779000
2.70200000 -166.57651000
2.70300000 -166.76924000
2.70400000 -166.95865000
2.70500000 -167.14238000
2.70600000 -167.34511000
2.70700000 -167.52655000
2.70800000 -167.71182000
2.70900000 -167.90642000
2.71000000 -168.09447000
2.71100000 -168.28159000
2.71200000 -168.48380000
2.71300000 -168.67145000
2.71400000 -168.86093000
2.71500000 -169.05550000
2.71600000 -169.23914000
2.71700000 -169.43289000
2.71800000 -169.62239000
2.71900000 -169.81732000
2.72000000 -170.00252000
2.72100000 -170.19873000
2.72200000 -170.38370000
2.72300000 -170.58151000
2.72400000 -170.77422000
2.72500000 -170.96419000
2.72600000 -171.14798000
2.72700000 -171.34247000
2.72800000 -171.52942000
2.72900000 -171.72539000
2.73000000 -171.91911000
2.73100000 -172.10754000
2.73200000 -172.30193000
2.73300000 -172.48177000
2.73400000 -172.68054000
2.73500000 -172.87485000
2.73600000 -173.05853000
2.73700000 -173.25714000
2.73800000 -173.44676000
2.73900000 -173.63474000
2.74000000 -173.82314000
2.74100000 -174.02489000
2.74200000 -174.21417000
2.74300000 -174.40158000
2.74400000 -174.59389000
2.74500000 -174.78421000
2.74600000 -174.97592000
2.74700000 -175.17163000
2.74800000 -175.36354000
2.74900000 -175.54945000
2.75000000 -175.73990000
2.75100000 -175.93880000
2.75200000 -176.13483000
2.75300000 -176.32898000
2.75400000 -176.52344000
2.75500000 -176.70691000
2.75600000 -176.89751000
2.75700000 -177.09320000
2.75800000 -177.28789000
2.75900000 -177.47658000
2.76000000 -177.67015000
2.76100000 -177.85313000
2.76200000 -178.05261000
2.76300000 -178.23329000
2.76400000 -178.44147000
2.76500000 -178.62587000
2.76600000 -178.82120000
2.76700000 -179.01242000
2.76800000 -179.21072000
2.76900000 -179.39380000
2.77000000 -179.58910000
2.77100000 -179.78288000
2.77200000 -179.97462000
2.77300000 179.83301000
2.77400000 179.64784000
2.77500000 179.44667000
2.77600000 179.25977000
2.77700000 179.05759000
2.77800000 178.87221000
2.77900000 178.68147000
2.78000000 178.48756000
2.78100000 178.28923000
2.78200000 178.10129000
2.78300000 177.90767000
2.78400000 177.71085000
2.78500000 177.52209000
2.78600000 177.32848000
2.78700000 177.13530000
2.78800000 176.94534000
2.78900000 176.75262000
2.79000000 176.55649000
2.79100000 176.36729000
2.79200000 176.18149000
2.79300000 175.98428000
2.79400000 175.78961000
2.79500000 175.59587000
2.79600000 175.40289000
2.79700000 175.21426000
2.79800000 175.02139000
2.79900000 174.82791000
2.80000000 174.62718000
2.80100000 174.44371000
2.80200000 174.24200000
2.80300000 174.05463000
2.80400000 173.85283000
2.80500000 173.66876000
2.80600000 173.47206000
2.80700000 173.28525000
2.80800000 173.08891000
2.80900000 172.89360000
2.81000000 172.70522000
2.81100000 172.50648000
2.81200000 172.31329000
2.81300000 172.12204000
2.81400000 171.91716000
2.81500000 171.73654000
2.81600000 171.54042000
2.81700000 171.34273000
2.81800000 171.15596000
2.81900000 170.95598000
2.82000000 170.76300000
2.82100000 170.56888000
2.82200000 170.37061000
2.82300000 170.17986000
2.82400000 169.98607000
2.82500000 169.79379000
2.82600000 169.60320000
2.82700000 169.40616000
2.82800000 169.21744000
2.82900000 169.02187000
2.83000000 168.82910000
2.83100000 168.62863000
2.83200000 168.43907000
2.83300000 168.24895000
2.83400000 168.05577000
2.83500000 167.85464000
2.83600000 167.66365000
2.83700000 167.46912000
2.83800000 167.27069000
2.83900000 167.08752000
2.84000000 166.89069000
2.84100000 166.69470000
2.84200000 166.49660000
2.84300000 166.29573000
2.84400000 166.11334000
2.84500000 165.91026000
2.84600000 165.72444000
2.84700000 165.52521000
2.84800000 165.33026000
2.84900000 165.13513000
2.85000000 164.94086000
2.85100000 164.74530000
2.85200000 164.56096000
2.85300000 164.36726000
2.85400000 164.16736000
2.85500000 163.97958000
2.85600000 163.77631000
2.85700000 163.58351000
2.85800000 163.39168000
2.85900000 163.19417000
2.86000000 163.00606000
2.86100000 162.81017000
2.86200000 162.61276000
2.86300000 162.42615000
2.86400000 162.22949000
2.86500000 162.01894000
2.86600000 161.83795000
2.86700000 161.63676000
2.86800000 161.44522000
2.86900000 161.25438000
2.87000000 161.05980000
2.87100000 160.85966000
2.87200000 160.65855000
2.87300000 160.47482000
2.87400000 160.27820000
2.87500000 160.08018000
2.87600000 159.88310000
2.87700000 159.68549000
2.87800000 159.49315000
2.87900000 159.30086000
2.88000000 159.09946000
2.88100000 158.91309000
2.88200000 158.70816000
2.88300000 158.51585000
2.88400000 158.32037000
2.88500000 158.12473000
2.88600000 157.92995000
2.88700000 157.73645000
2.88800000 157.53487000
2.88900000 157.34216000
2.89000000 157.14775000
2.89100000 156.94699000
2.89200000 156.75531000
2.89300000 156.55299000
2.89400000 156.35956000
2.89500000 156.15981000
2.89600000 155.96941000
2.89700000 155.77629000
2.89800000 155.57841000
2.89900000 155.38370000
2.90000000 155.18829000
2.90100000 154.99066000
2.90200000 154.79166000
2.90300000 154.60796000
2.90400000 154.40553000
2.90500000 154.21382000
2.90600000 154.01672000
2.90700000 153.81969000
2.90800000 153.62106000
2.90900000 153.42574000
2.91000000 153.22540000
2.91100000 153.03738000
2.91200000 152.83714000
2.91300000 152.64626000
2.91400000 152.44656000
2.91500000 152.25302000
2.91600000 152.04729000
2.91700000 151.85904000
2.91800000 151.66673000
2.91900000 151.46848000
2.92000000 151.27098000
2.92100000 151.07268000
2.92200000 150.87473000
2.92300000 150.68779000
2.92400000 150.48126000
2.92500000 150.29413000
2.92600000 150.10107000
2.92700000 149.89728000
2.92800000 149.69905000
2.92900000 149.50650000
2.93000000 149.31129000
2.93100000 149.11705000
2.93200000 148.91464000
2.93300000 148.72247000
2.93400000 148.51793000
2.93500000 148.33029000
2.93600000 148.12593000
2.93700000 147.92734000
2.93800000 147.73499000
2.93900000 147.53279000
2.94000000 147.33615000
2.94100000 147.14552000
2.94200000 146.93443000
2.94300000 146.75362000
2.94400000 146.54906000
2.94500000 146.35329000
2.94600000 146.15482000
2.94700000 145.95464000
2.94800000 145.75359000
2.94900000 145.56100000
2.95000000 145.36061000
2.95100000 145.16011000
2.95200000 144.96982000
2.95300000 144.76846000
2.95400000 144.56375000
2.95500000 144.36874000
2.95600000 144.17191000
2.95700000 143.97116000
2.95800000 143.77292000
2.95900000 143.57738000
2.96000000 143.37553000
2.96100000 143.17178000
2.96200000 142.98805000
2.96300000 142.77797000
2.96400000 142.57677000
2.96500000 142.38165000
2.96600000 142.18260000
2.96700000 141.97964000
2.96800000 141.78633000
2.96900000 141.59187000
2.97000000 141.39015000
2.97100000 141.19266000
2.97200000 140.99623000
2.97300000 140.79500000
2.97400000 140.60228000
2.97500000 140.39957000
2.97600000 140.20055000
2.97700000 140.00200000
2.97800000 139.80775000
2.97900000 139.61443000
2.98000000 139.40645000
2.98100000 139.21313000
2.98200000 139.01384000
2.98300000 138.81261000
2.98400000 138.61034000
2.98500000 138.42082000
2.98600000 138.22218000
2.98700000 138.02046000
2.98800000 137.82365000
2.98900000 137.62741000
2.99000000 137.42822000
2.99100000 137.22850000
2.99200000 137.03658000
2.99300000 136.83098000
2.99400000 136.64030000
2.99500000 136.43292000
2.99600000 136.23685000
2.99700000 136.04602000
2.99800000 135.83859000
2.99900000 135.63475000
3.00000000 135.44321000
3.00100000 135.24446000
3.00200000 135.05121000
3.00300000 134.84686000
3.00400000 134.64647000
3.00500000 134.44974000
3.00600000 134.24890000
3.00700000 134.04695000
3.00800000 133.85432000
3.00900000 133.65901000
3.01000000 133.45140000
3.01100000 133.24809000
3.01200000 133.05893000
3.01300000 132.86398000
3.01400000 132.65782000
3.01500000 132.45905000
3.01600000 132.25500000
3.01700000 132.05518000
3.01800000 131.86320000
3.01900000 131.65700000
3.02000000 131.46298000
3.02100000 131.25964000
3.02200000 131.05595000
3.02300000 130.85716000
3.02400000 130.65681000
3.02500000 130.45503000
3.02600000 130.25255000
3.02700000 130.06003000
3.02800000 129.85873000
3.02900000 129.66219000
3.03000000 129.45265000
3.03100000 129.25664000
3.03200000 129.05779000
3.03300000 128.85550000
3.03400000 128.65839000
3.03500000 128.45229000
3.03600000 128.25708000
3.03700000 128.05862000
3.03800000 127.85143000
3.03900000 127.65613000
3.04000000 127.45697000
3.04100000 127.25626000
3.04200000 127.06837000
3.04300000 126.85513000
3.04400000 126.65994000
3.04500000 126.45827000
3.04600000 126.26151000
3.04700000 126.05706000
3.04800000 125.86012000
3.04900000 125.65556000
3.05000000 125.46349000
3.05100000 125.26773000
3.05200000 125.06545000
3.05300000 124.86500000
3.05400000 124.66792000
3.05500000 124.46358000
3.05600000 124.26382000
3.05700000 124.06650000
3.05800000 123.86838000
3.05900000 123.66381000
3.06000000 123.46715000
3.06100000 123.25982000
3.06200000 123.06808000
3.06300000 122.87520000
3.06400000 122.67330000
3.06500000 122.47563000
3.06600000 122.26983000
3.06700000 122.06954000
3.06800000 121.87029000
3.06900000 121.66630000
3.07000000 121.47393000
3.07100000 121.27243000
3.07200000 121.07987000
3.07300000 120.87708000
3.07400000 120.67670000
3.07500000 120.47478000
3.07600000 120.28000000
3.07700000 120.08433000
3.07800000 119.88057000
3.07900000 119.68000000
3.08000000 119.48005000
3.08100000 119.28429000
3.08200000 119.07713000
3.08300000 118.88197000
3.08400000 118.68456000
3.08500000 118.48260000
3.08600000 118.27806000
3.08700000 118.07567000
3.08800000 117.87759000
3.08900000 117.68498000
3.09000000 117.47297000
3.09100000 117.27637000
3.09200000 117.08047000
3.09300000 116.88056000
3.09400000 116.68029000
3.09500000 116.47910000
3.09600000 116.27891000
3.09700000 116.07142000
3.09800000 115.88104000
3.09900000 115.68285000
3.10000000 115.47693000
3.10100000 115.27245000
3.10200000 115.07541000
3.10300000 114.88193000
3.10400000 114.67696000
3.10500000 114.47391000
3.10600000 114.27675000
3.10700000 114.08195000
3.10800000 113.87395000
3.10900000 113.67855000
3.11000000 113.47269000
3.11100000 113.26878000
3.11200000 113.06478000
3.11300000 112.86901000
3.11400000 112.66965000
3.11500000 112.46746000
3.11600000 112.27244000
3.11700000 112.06689000
3.11800000 111.87224000
3.11900000 111.66318000
3.12000000 111.46513000
3.12100000 111.26046000
3.12200000 111.05715000
3.12300000 110.86137000
3.12400000 110.65908000
3.12500000 110.45911000
3.12600000 110.26096000
3.12700000 110.06022000
3.12800000 109.85459000
3.12900000 109.65376000
3.13000000 109.45529000
3.13100000 109.26463000
3.13200000 109.05936000
3.13300000 108.84702000
3.13400000 108.64780000
3.13500000 108.45016000
3.13600000 108.25134000
3.13700000 108.04850000
3.13800000 107.85076000
3.13900000 107.64935000
3.14000000 107.44627000
3.14100000 107.24891000
3.14200000 107.04589000
3.14300000 106.85043000
3.14400000 106.64626000
3.14500000 106.44044000
3.14600000 106.23680000
3.14700000 106.03493000
3.14800000 105.83931000
3.14900000 105.64127000
3.15000000 105.42704000
3.15100000 105.23961000
3.15200000 105.03433000
3.15300000 104.83410000
3.15400000 104.63315000
3.15500000 104.43445000
3.15600000 104.23293000
3.15700000 104.03247000
3.15800000 103.82787000
3.15900000 103.62402000
3.16000000 103.43038000
3.16100000 103.22720000
3.16200000 103.02318000
3.16300000 102.82484000
3.16400000 102.61825000
3.16500000 102.41636000
3.16600000 102.21936000
3.16700000 102.02319000
3.16800000 101.82099000
3.16900000 101.61376000
3.17000000 101.41232000
3.17100000 101.21562000
3.17200000 101.00793000
3.17300000 100.81032000
3.17400000 100.61325000
3.17500000 100.41143000
3.17600000 100.21014000
3.17700000 100.00958000
3.17800000 99.80960100
3.17900000 99.60534700
3.18000000 99.40459400
3.18100000 99.20433800
3.18200000 99.01293900
3.18300000 98.80442800
3.18400000 98.60376000
3.18500000 98.40700500
3.18600000 98.19115400
3.18700000 97.99680300
3.18800000 97.79676100
3.18900000 97.59614600
3.19000000 97.39220400
3.19100000 97.19033100
3.19200000 96.99127200
3.19300000 96.79180900
3.19400000 96.58483900
3.19500000 96.38935100
3.19600000 96.18987300
3.19700000 95.98313100
3.19800000 95.77857200
3.19900000 95.58151200
3.20000000 95.37470200
