Frequency(GHz) s21_v2
1.20000000 -10.78087000
1.20100000 -10.77716000
1.20200000 -10.77403200
1.20300000 -10.77101400
1.20400000 -10.76623600
1.20500000 -10.76441900
1.20600000 -10.75938900
1.20700000 -10.75666300
1.20800000 -10.75415100
1.20900000 -10.74953300
1.21000000 -10.74659700
1.21100000 -10.74124000
1.21200000 -10.73970200
1.21300000 -10.73612800
1.21400000 -10.73160900
1.21500000 -10.72685300
1.21600000 -10.72397700
1.21700000 -10.71836600
1.21800000 -10.71484900
1.21900000 -10.71112800
1.22000000 -10.70805200
1.22100000 -10.70408600
1.22200000 -10.69746300
1.22300000 -10.69497800
1.22400000 -10.68960800
1.22500000 -10.68743600
1.22600000 -10.68123000
1.22700000 -10.67846800
1.22800000 -10.67419600
1.22900000 -10.66757200
1.23000000 -10.66421400
1.23100000 -10.65857000
1.23200000 -10.65482000
1.23300000 -10.65060400
1.23400000 -10.64405600
1.23500000 -10.64204800
1.23600000 -10.63594400
1.23700000 -10.63132000
1.23800000 -10.62618300
1.23900000 -10.62166100
1.24000000 -10.61544500
1.24100000 -10.61058800
1.24200000 -10.60490900
1.24300000 -10.59854400
1.24400000 -10.59534400
1.24500000 -10.59030600
1.24600000 -10.58525900
1.24700000 -10.57893900
1.24800000 -10.57562900
1.24900000 -10.56846100
1.25000000 -10.56250000
1.25100000 -10.55764800
1.25200000 -10.55243600
1.25300000 -10.54609900
1.25400000 -10.54187000
1.25500000 -10.53461600
1.25600000 -10.52837200
1.25700000 -10.52264800
1.25800000 -10.51798900
1.25900000 -10.51093500
1.26000000 -10.50614200
1.26100000 -10.49930800
1.26200000 -10.49304400
1.26300000 -10.48781500
1.26400000 -10.48181400
1.26500000 -10.47476700
1.26600000 -10.47011900
1.26700000 -10.46125300
1.26800000 -10.45459900
1.26900000 -10.44993400
1.27000000 -10.44342400
1.27100000 -10.43888500
1.27200000 -10.42953400
1.27300000 -10.42431800
1.27400000 -10.41688900
1.27500000 -10.41108000
1.27600000 -10.40411400
1.27700000 -10.39781500
1.27800000 -10.39163800
1.27900000 -10.38246200
1.28000000 -10.37509500
1.28100000 -10.36964400
1.28200000 -10.36187400
1.28300000 -10.35508800
1.28400000 -10.34818600
1.28500000 -10.34182700
1.28600000 -10.33206800
1.28700000 -10.32654700
1.28800000 -10.31888800
1.28900000 -10.31270500
1.29000000 -10.30381100
1.29100000 -10.29602700
1.29200000 -10.28835800
1.29300000 -10.28096200
1.29400000 -10.27461500
1.29500000 -10.26630200
1.29600000 -10.25840100
1.29700000 -10.25169400
1.29800000 -10.24253300
1.29900000 -10.23615200
1.30000000 -10.22797200
1.30100000 -10.21851800
1.30200000 -10.21303100
1.30300000 -10.20613600
1.30400000 -10.19747700
1.30500000 -10.18810300
1.30600000 -10.18053100
1.30700000 -10.17234500
1.30800000 -10.16412600
1.30900000 -10.15661600
1.31000000 -10.14817700
1.31100000 -10.14071500
1.31200000 -10.13062300
1.31300000 -10.12265600
1.31400000 -10.11439900
1.31500000 -10.10643200
1.31600000 -10.09717600
1.31700000 -10.08827700
1.31800000 -10.08078500
1.31900000 -10.07288200
1.32000000 -10.06343900
1.32100000 -10.05381800
1.32200000 -10.04453800
1.32300000 -10.03650300
1.32400000 -10.02634000
1.32500000 -10.01827600
1.32600000 -10.00918200
1.32700000 -10.00018800
1.32800000 -9.99097920
1.32900000 -9.98176190
1.33000000 -9.97272680
1.33100000 -9.96333220
1.33200000 -9.95295240
1.33300000 -9.94601150
1.33400000 -9.93525980
1.33500000 -9.92591860
1.33600000 -9.91690440
1.33700000 -9.90732570
1.33800000 -9.89744950
1.33900000 -9.88880630
1.34000000 -9.87889480
1.34100000 -9.86973290
1.34200000 -9.85736660
1.34300000 -9.84950450
1.34400000 -9.84034730
1.34500000 -9.83035660
1.34600000 -9.81951810
1.34700000 -9.81143950
1.34800000 -9.80218120
1.34900000 -9.79074290
1.35000000 -9.78006740
1.35100000 -9.77182480
1.35200000 -9.76090050
1.35300000 -9.74920940
1.35400000 -9.74132540
1.35500000 -9.73071480
1.35600000 -9.71871280
1.35700000 -9.70952510
1.35800000 -9.69818310
1.35900000 -9.68765160
1.36000000 -9.67569070
1.36100000 -9.66693400
1.36200000 -9.65639020
1.36300000 -9.64736080
1.36400000 -9.63541790
1.36500000 -9.62628360
1.36600000 -9.61584760
1.36700000 -9.60252860
1.36800000 -9.59534930
1.36900000 -9.58168510
1.37000000 -9.57069400
1.37100000 -9.56071190
1.37200000 -9.54928110
1.37300000 -9.53724290
1.37400000 -9.52719970
1.37500000 -9.51675610
1.37600000 -9.50557610
1.37700000 -9.49578380
1.37800000 -9.48295400
1.37900000 -9.47309590
1.38000000 -9.46084400
1.38100000 -9.45060350
1.38200000 -9.43942740
1.38300000 -9.42825030
1.38400000 -9.41453170
1.38500000 -9.40504740
1.38600000 -9.39335630
1.38700000 -9.38403990
1.38800000 -9.37048720
1.38900000 -9.35925390
1.39000000 -9.34916500
1.39100000 -9.33584690
1.39200000 -9.32499030
1.39300000 -9.31192300
1.39400000 -9.30194000
1.39500000 -9.28967950
1.39600000 -9.27704430
1.39700000 -9.26668550
1.39800000 -9.25518320
1.39900000 -9.24253850
1.40000000 -9.23080920
1.40100000 -9.21932410
1.40200000 -9.20632270
1.40300000 -9.19485950
1.40400000 -9.18198590
1.40500000 -9.17088410
1.40600000 -9.15807340
1.40700000 -9.14818480
1.40800000 -9.13526340
1.40900000 -9.12281230
1.41000000 -9.11041360
1.41100000 -9.09830760
1.41200000 -9.08449270
1.41300000 -9.07511900
1.41400000 -9.06129740
1.41500000 -9.05019090
1.41600000 -9.03686900
1.41700000 -9.02443890
1.41800000 -9.01307870
1.41900000 -8.99945350
1.42000000 -8.98854450
1.42100000 -8.97614570
1.42200000 -8.96132180
1.42300000 -8.94948860
1.42400000 -8.93721770
1.42500000 -8.92381760
1.42600000 -8.91105460
1.42700000 -8.89925670
1.42800000 -8.88481520
1.42900000 -8.87144280
1.43000000 -8.86000820
1.43100000 -8.84731290
1.43200000 -8.83349800
1.43300000 -8.82061480
1.43400000 -8.80746750
1.43500000 -8.79385570
1.43600000 -8.78280830
1.43700000 -8.76815890
1.43800000 -8.75616360
1.43900000 -8.74314590
1.44000000 -8.72946360
1.44100000 -8.71669580
1.44200000 -8.70412830
1.44300000 -8.69120410
1.44400000 -8.67660140
1.44500000 -8.66315560
1.44600000 -8.65078740
1.44700000 -8.63756940
1.44800000 -8.62385370
1.44900000 -8.61044600
1.45000000 -8.59841160
1.45100000 -8.58410930
1.45200000 -8.57047560
1.45300000 -8.55804730
1.45400000 -8.54405880
1.45500000 -8.53091720
1.45600000 -8.51645660
1.45700000 -8.50263500
1.45800000 -8.48995490
1.45900000 -8.47616670
1.46000000 -8.46281810
1.46100000 -8.44846060
1.46200000 -8.43479920
1.46300000 -8.42090510
1.46400000 -8.40511420
1.46500000 -8.39365010
1.46600000 -8.38054750
1.46700000 -8.36627200
1.46800000 -8.35252380
1.46900000 -8.33823970
1.47000000 -8.32517240
1.47100000 -8.31003090
1.47200000 -8.29828830
1.47300000 -8.28418450
1.47400000 -8.26986220
1.47500000 -8.25698180
1.47600000 -8.24334240
1.47700000 -8.23039630
1.47800000 -8.21537020
1.47900000 -8.20225140
1.48000000 -8.18737980
1.48100000 -8.17320440
1.48200000 -8.15887740
1.48300000 -8.14692310
1.48400000 -8.13160320
1.48500000 -8.11874390
1.48600000 -8.10445310
1.48700000 -8.09039880
1.48800000 -8.07397650
1.48900000 -8.06194970
1.49000000 -8.04799080
1.49100000 -8.03361990
1.49200000 -8.01822570
1.49300000 -8.00547500
1.49400000 -7.99146990
1.49500000 -7.97962140
1.49600000 -7.96390580
1.49700000 -7.95036700
1.49800000 -7.93625120
1.49900000 -7.92224650
1.50000000 -7.90822120
1.50100000 -7.89200350
1.50200000 -7.87905450
1.50300000 -7.86343530
1.50400000 -7.85006330
1.50500000 -7.83600000
1.50600000 -7.82145260
1.50700000 -7.80797820
1.50800000 -7.79205320
1.50900000 -7.77925060
1.51000000 -7.76489020
1.51100000 -7.74992280
1.51200000 -7.73731950
1.51300000 -7.72318080
1.51400000 -7.70920660
1.51500000 -7.69405940
1.51600000 -7.68017340
1.51700000 -7.66532040
1.51800000 -7.65033290
1.51900000 -7.63697290
1.52000000 -7.62324240
1.52100000 -7.60876130
1.52200000 -7.59317730
1.52300000 -7.58105900
1.52400000 -7.56576970
1.52500000 -7.55233430
1.52600000 -7.53767060
1.52700000 -7.52356960
1.52800000 -7.50886960
1.52900000 -7.49399140
1.53000000 -7.47994800
1.53100000 -7.46641300
1.53200000 -7.45164680
1.53300000 -7.43637660
1.53400000 -7.42177770
1.53500000 -7.40792080
1.53600000 -7.39344020
1.53700000 -7.37905360
1.53800000 -7.36534450
1.53900000 -7.35017630
1.54000000 -7.33621640
1.54100000 -7.32170820
1.54200000 -7.30665350
1.54300000 -7.29398920
1.54400000 -7.27979760
1.54500000 -7.26525350
1.54600000 -7.25080250
1.54700000 -7.23661990
1.54800000 -7.22249320
1.54900000 -7.20836210
1.55000000 -7.19424820
1.55100000 -7.17944340
1.55200000 -7.16603950
1.55300000 -7.15037920
1.55400000 -7.13732580
1.55500000 -7.12393900
1.55600000 -7.10903410
1.55700000 -7.09492970
1.55800000 -7.08051540
1.55900000 -7.06573010
1.56000000 -7.05352640
1.56100000 -7.03907590
1.56200000 -7.02551890
1.56300000 -7.01038360
1.56400000 -6.99670790
1.56500000 -6.98192450
1.56600000 -6.97006940
1.56700000 -6.95487790
1.56800000 -6.94093560
1.56900000 -6.92646460
1.57000000 -6.91309210
1.57100000 -6.89929870
1.57200000 -6.88509420
1.57300000 -6.87190720
1.57400000 -6.85782620
1.57500000 -6.84337330
1.57600000 -6.82982110
1.57700000 -6.81495000
1.57800000 -6.80185460
1.57900000 -6.78691960
1.58000000 -6.77443650
1.58100000 -6.76037310
1.58200000 -6.74700400
1.58300000 -6.73249150
1.58400000 -6.71931460
1.58500000 -6.70487450
1.58600000 -6.69074730
1.58700000 -6.67837430
1.58800000 -6.66383080
1.58900000 -6.64958570
1.59000000 -6.63661190
1.59100000 -6.62238360
1.59200000 -6.60904650
1.59300000 -6.59557290
1.59400000 -6.58203600
1.59500000 -6.56830260
1.59600000 -6.55485680
1.59700000 -6.54136750
1.59800000 -6.52737570
1.59900000 -6.51468560
1.60000000 -6.49985220
1.60100000 -6.48661950
1.60200000 -6.47297760
1.60300000 -6.46003340
1.60400000 -6.44621280
1.60500000 -6.43300010
1.60600000 -6.41913460
1.60700000 -6.40574840
1.60800000 -6.39137130
1.60900000 -6.37844900
1.61000000 -6.36597970
1.61100000 -6.35140230
1.61200000 -6.33873220
1.61300000 -6.32532550
1.61400000 -6.31163170
1.61500000 -6.29849390
1.61600000 -6.28471800
1.61700000 -6.27093740
1.61800000 -6.25772290
1.61900000 -6.24364810
1.62000000 -6.23187920
1.62100000 -6.21863220
1.62200000 -6.20520830
1.62300000 -6.19291690
1.62400000 -6.18006470
1.62500000 -6.16630080
1.62600000 -6.15302800
1.62700000 -6.13974860
1.62800000 -6.12688350
1.62900000 -6.11389160
1.63000000 -6.10092120
1.63100000 -6.08939930
1.63200000 -6.07530070
1.63300000 -6.06273650
1.63400000 -6.04961870
1.63500000 -6.03788570
1.63600000 -6.02366690
1.63700000 -6.01038740
1.63800000 -5.99877930
1.63900000 -5.98562810
1.64000000 -5.97335050
1.64100000 -5.96112300
1.64200000 -5.94868140
1.64300000 -5.93476770
1.64400000 -5.92249440
1.64500000 -5.91029980
1.64600000 -5.89737420
1.64700000 -5.88428400
1.64800000 -5.87316230
1.64900000 -5.85929580
1.65000000 -5.84872630
1.65100000 -5.83559800
1.65200000 -5.82411480
1.65300000 -5.81054160
1.65400000 -5.79971080
1.65500000 -5.78539090
1.65600000 -5.77427480
1.65700000 -5.76130820
1.65800000 -5.74919700
1.65900000 -5.73863080
1.66000000 -5.72498420
1.66100000 -5.71308280
1.66200000 -5.70103840
1.66300000 -5.68874880
1.66400000 -5.67688660
1.66500000 -5.66489650
1.66600000 -5.65346670
1.66700000 -5.64137840
1.66800000 -5.63032960
1.66900000 -5.61855270
1.67000000 -5.60469820
1.67100000 -5.59381910
1.67200000 -5.58222770
1.67300000 -5.57076600
1.67400000 -5.55746320
1.67500000 -5.54776530
1.67600000 -5.53574470
1.67700000 -5.52321430
1.67800000 -5.51233910
1.67900000 -5.50084500
1.68000000 -5.48893830
1.68100000 -5.47817750
1.68200000 -5.46565150
1.68300000 -5.45452170
1.68400000 -5.44207620
1.68500000 -5.43231920
1.68600000 -5.42003730
1.68700000 -5.40812920
1.68800000 -5.39717250
1.68900000 -5.38730240
1.69000000 -5.37514160
1.69100000 -5.36326690
1.69200000 -5.35175470
1.69300000 -5.34126520
1.69400000 -5.33053060
1.69500000 -5.32004310
1.69600000 -5.30909350
1.69700000 -5.29779240
1.69800000 -5.28660540
1.69900000 -5.27562190
1.70000000 -5.26471660
1.70100000 -5.25330540
1.70200000 -5.24273540
1.70300000 -5.23187160
1.70400000 -5.22155480
1.70500000 -5.21014210
1.70600000 -5.19994350
1.70700000 -5.18932390
1.70800000 -5.17956540
1.70900000 -5.16835880
1.71000000 -5.15767670
1.71100000 -5.14699980
1.71200000 -5.13700530
1.71300000 -5.12599520
1.71400000 -5.11645890
1.71500000 -5.10657690
1.71600000 -5.09514620
1.71700000 -5.08445690
1.71800000 -5.07502890
1.71900000 -5.06466910
1.72000000 -5.05531640
1.72100000 -5.04413890
1.72200000 -5.03377100
1.72300000 -5.02376990
1.72400000 -5.01409100
1.72500000 -5.00515990
1.72600000 -4.99478440
1.72700000 -4.98439930
1.72800000 -4.97561690
1.72900000 -4.96474650
1.73000000 -4.95460940
1.73100000 -4.94539980
1.73200000 -4.93448690
1.73300000 -4.92532350
1.73400000 -4.91642240
1.73500000 -4.90635540
1.73600000 -4.89655490
1.73700000 -4.88776970
1.73800000 -4.87908840
1.73900000 -4.86797620
1.74000000 -4.85929200
1.74100000 -4.85045050
1.74200000 -4.83979650
1.74300000 -4.83053540
1.74400000 -4.82100110
1.74500000 -4.81218430
1.74600000 -4.80280920
1.74700000 -4.79390620
1.74800000 -4.78328040
1.74900000 -4.77514890
1.75000000 -4.76714370
1.75100000 -4.75665620
1.75200000 -4.74809460
1.75300000 -4.73827650
1.75400000 -4.73066230
1.75500000 -4.72091960
1.75600000 -4.71310520
1.75700000 -4.70445440
1.75800000 -4.69474600
1.75900000 -4.68619490
1.76000000 -4.67673110
1.76100000 -4.66819140
1.76200000 -4.65979430
1.76300000 -4.65089510
1.76400000 -4.64385890
1.76500000 -4.63418440
1.76600000 -4.62529660
1.76700000 -4.61646510
1.76800000 -4.60947370
1.76900000 -4.60085580
1.77000000 -4.59215160
1.77100000 -4.58334640
1.77200000 -4.57417680
1.77300000 -4.56731940
1.77400000 -4.55846500
1.77500000 -4.55117080
1.77600000 -4.54195500
1.77700000 -4.53460260
1.77800000 -4.52703290
1.77900000 -4.51869200
1.78000000 -4.51095630
1.78100000 -4.50200800
1.78200000 -4.49512860
1.78300000 -4.48652410
1.78400000 -4.47924180
1.78500000 -4.47080990
1.78600000 -4.46458010
1.78700000 -4.45694880
1.78800000 -4.44882390
1.78900000 -4.44162370
1.79000000 -4.43313170
1.79100000 -4.42566630
1.79200000 -4.41766120
1.79300000 -4.41110940
1.79400000 -4.40335850
1.79500000 -4.39470340
1.79600000 -4.38861470
1.79700000 -4.38051370
1.79800000 -4.37387660
1.79900000 -4.36656000
1.80000000 -4.35958340
1.80100000 -4.35376070
1.80200000 -4.34536500
1.80300000 -4.33743720
1.80400000 -4.33087250
1.80500000 -4.32366040
1.80600000 -4.31799130
1.80700000 -4.30999900
1.80800000 -4.30308390
1.80900000 -4.29639480
1.81000000 -4.28890940
1.81100000 -4.28259990
1.81200000 -4.27582840
1.81300000 -4.26815560
1.81400000 -4.26264190
1.81500000 -4.25557660
1.81600000 -4.24799970
1.81700000 -4.24219610
1.81800000 -4.23747440
1.81900000 -4.22953410
1.82000000 -4.22128680
1.82100000 -4.21625950
1.82200000 -4.21004250
1.82300000 -4.20342780
1.82400000 -4.19724510
1.82500000 -4.19062710
1.82600000 -4.18534370
1.82700000 -4.17768670
1.82800000 -4.17294600
1.82900000 -4.16658160
1.83000000 -4.15982870
1.83100000 -4.15405230
1.83200000 -4.14835690
1.83300000 -4.14118240
1.83400000 -4.13491060
1.83500000 -4.13015410
1.83600000 -4.12460140
1.83700000 -4.11804060
1.83800000 -4.11278010
1.83900000 -4.10697790
1.84000000 -4.10063740
1.84100000 -4.09583430
1.84200000 -4.08865830
1.84300000 -4.08406070
1.84400000 -4.07820510
1.84500000 -4.07401280
1.84600000 -4.06780670
1.84700000 -4.06203750
1.84800000 -4.05673500
1.84900000 -4.05043410
1.85000000 -4.04653220
1.85100000 -4.03919550
1.85200000 -4.03392510
1.85300000 -4.02925630
1.85400000 -4.02459000
1.85500000 -4.01955700
1.85600000 -4.01356790
1.85700000 -4.00878950
1.85800000 -4.00478550
1.85900000 -3.99785780
1.86000000 -3.99342660
1.86100000 -3.98861100
1.86200000 -3.98431020
1.86300000 -3.97878170
1.86400000 -3.97402720
1.86500000 -3.96869900
1.86600000 -3.96487570
1.86700000 -3.95967980
1.86800000 -3.95561290
1.86900000 -3.95079680
1.87000000 -3.94617390
1.87100000 -3.94063040
1.87200000 -3.93691610
1.87300000 -3.93242380
1.87400000 -3.92824510
1.87500000 -3.92282200
1.87600000 -3.91777160
1.87700000 -3.91440130
1.87800000 -3.90996220
1.87900000 -3.90488340
1.88000000 -3.90128660
1.88100000 -3.89705920
1.88200000 -3.89112570
1.88300000 -3.88865470
1.88400000 -3.88401030
1.88500000 -3.87982320
1.88600000 -3.87513490
1.88700000 -3.87145380
1.88800000 -3.86715480
1.88900000 -3.86373040
1.89000000 -3.86005400
1.89100000 -3.85499100
1.89200000 -3.85100940
1.89300000 -3.84770490
1.89400000 -3.84434030
1.89500000 -3.84085750
1.89600000 -3.83697680
1.89700000 -3.83241630
1.89800000 -3.82996150
1.89900000 -3.82602600
1.90000000 -3.82198930
1.90100000 -3.81882950
1.90200000 -3.81633570
1.90300000 -3.81162950
1.90400000 -3.80931280
1.90500000 -3.80462430
1.90600000 -3.80135800
1.90700000 -3.79729700
1.90800000 -3.79312850
1.90900000 -3.79153320
1.91000000 -3.78890400
1.91100000 -3.78451400
1.91200000 -3.78142670
1.91300000 -3.77841620
1.91400000 -3.77482870
1.91500000 -3.77267460
1.91600000 -3.76908970
1.91700000 -3.76596520
1.91800000 -3.76384190
1.91900000 -3.76020000
1.92000000 -3.75753520
1.92100000 -3.75362230
1.92200000 -3.75128360
1.92300000 -3.74821780
1.92400000 -3.74591570
1.92500000 -3.74263550
1.92600000 -3.74101690
1.92700000 -3.73800420
1.92800000 -3.73485300
1.92900000 -3.73186450
1.93000000 -3.72977090
1.93100000 -3.72722390
1.93200000 -3.72328450
1.93300000 -3.72128130
1.93400000 -3.71873140
1.93500000 -3.71706820
1.93600000 -3.71470050
1.93700000 -3.71074370
1.93800000 -3.70947500
1.93900000 -3.70693990
1.94000000 -3.70493770
1.94100000 -3.70229960
1.94200000 -3.70154380
1.94300000 -3.69789550
1.94400000 -3.69675300
1.94500000 -3.69417210
1.94600000 -3.69204380
1.94700000 -3.69037560
1.94800000 -3.68729260
1.94900000 -3.68599530
1.95000000 -3.68367030
1.95100000 -3.68169280
1.95200000 -3.68064710
1.95300000 -3.67884400
1.95400000 -3.67624550
1.95500000 -3.67443750
1.95600000 -3.67296740
1.95700000 -3.67103460
1.95800000 -3.66928670
1.95900000 -3.66820880
1.96000000 -3.66632630
1.96100000 -3.66499640
1.96200000 -3.66256500
1.96300000 -3.66012530
1.96400000 -3.66042070
1.96500000 -3.65806100
1.96600000 -3.65691110
1.96700000 -3.65548900
1.96800000 -3.65430500
1.96900000 -3.65301900
1.97000000 -3.65152530
1.97100000 -3.65025810
1.97200000 -3.64847180
1.97300000 -3.64833500
1.97400000 -3.64671250
1.97500000 -3.64504080
1.97600000 -3.64339420
1.97700000 -3.64339300
1.97800000 -3.64263130
1.97900000 -3.64140920
1.98000000 -3.63935800
1.98100000 -3.63858990
1.98200000 -3.63665320
1.98300000 -3.63612340
1.98400000 -3.63600180
1.98500000 -3.63549330
1.98600000 -3.63337780
1.98700000 -3.63375160
1.98800000 -3.63222430
1.98900000 -3.63133530
1.99000000 -3.63032050
1.99100000 -3.63125160
1.99200000 -3.62995790
1.99300000 -3.62919830
1.99400000 -3.62818570
1.99500000 -3.62787700
1.99600000 -3.62692740
1.99700000 -3.62652470
1.99800000 -3.62559460
1.99900000 -3.62564280
2.00000000 -3.62524060
2.00100000 -3.62570290
2.00200000 -3.62422730
2.00300000 -3.62474800
2.00400000 -3.62347750
2.00500000 -3.62310000
2.00600000 -3.62340970
2.00700000 -3.62230610
2.00800000 -3.62237430
2.00900000 -3.62258480
2.01000000 -3.62194900
2.01100000 -3.62207980
2.01200000 -3.62314990
2.01300000 -3.62179540
2.01400000 -3.62252330
2.01500000 -3.62175770
2.01600000 -3.62240860
2.01700000 -3.62238290
2.01800000 -3.62167410
2.01900000 -3.62153240
2.02000000 -3.62224670
2.02100000 -3.62323090
2.02200000 -3.62179420
2.02300000 -3.62198930
2.02400000 -3.62264060
2.02500000 -3.62304830
2.02600000 -3.62436340
2.02700000 -3.62393880
2.02800000 -3.62413450
2.02900000 -3.62485720
2.03000000 -3.62626290
2.03100000 -3.62581160
2.03200000 -3.62612270
2.03300000 -3.62706970
2.03400000 -3.62688570
2.03500000 -3.62672310
2.03600000 -3.62815140
2.03700000 -3.62831210
2.03800000 -3.62962940
2.03900000 -3.63058590
2.04000000 -3.62997290
2.04100000 -3.63086630
2.04200000 -3.63080140
2.04300000 -3.63320730
2.04400000 -3.63339540
2.04500000 -3.63440350
2.04600000 -3.63439770
2.04700000 -3.63706470
2.04800000 -3.63624950
2.04900000 -3.63728190
2.05000000 -3.63900070
2.05100000 -3.63911820
2.05200000 -3.64071200
2.05300000 -3.64078450
2.05400000 -3.64314910
2.05500000 -3.64328580
2.05600000 -3.64362430
2.05700000 -3.64541580
2.05800000 -3.64759490
2.05900000 -3.64844510
2.06000000 -3.64843510
2.06100000 -3.65014270
2.06200000 -3.65127230
2.06300000 -3.65345030
2.06400000 -3.65384860
2.06500000 -3.65567780
2.06600000 -3.65835380
2.06700000 -3.65858910
2.06800000 -3.66103960
2.06900000 -3.66180940
2.07000000 -3.66345600
2.07100000 -3.66389730
2.07200000 -3.66544960
2.07300000 -3.66740370
2.07400000 -3.66831800
2.07500000 -3.67017320
2.07600000 -3.67110750
2.07700000 -3.67346860
2.07800000 -3.67556930
2.07900000 -3.67792390
2.08000000 -3.67884110
2.08100000 -3.68024540
2.08200000 -3.68217750
2.08300000 -3.68386890
2.08400000 -3.68607740
2.08500000 -3.68720440
2.08600000 -3.68917270
2.08700000 -3.69047210
2.08800000 -3.69358900
2.08900000 -3.69580410
2.09000000 -3.69635580
2.09100000 -3.69851370
2.09200000 -3.70109840
2.09300000 -3.70249460
2.09400000 -3.70559450
2.09500000 -3.70586280
2.09600000 -3.70962860
2.09700000 -3.70994020
2.09800000 -3.71328000
2.09900000 -3.71483160
2.10000000 -3.71765780
2.10100000 -3.71898650
2.10200000 -3.72154470
2.10300000 -3.72305540
2.10400000 -3.72557330
2.10500000 -3.72826960
2.10600000 -3.73139930
2.10700000 -3.73345090
2.10800000 -3.73570080
2.10900000 -3.73883010
2.11000000 -3.73974490
2.11100000 -3.74255110
2.11200000 -3.74518970
2.11300000 -3.74801110
2.11400000 -3.74926610
2.11500000 -3.75128250
2.11600000 -3.75465440
2.11700000 -3.75601050
2.11800000 -3.75875450
2.11900000 -3.76176400
2.12000000 -3.76485780
2.12100000 -3.76678780
2.12200000 -3.77106830
2.12300000 -3.77196190
2.12400000 -3.77540370
2.12500000 -3.77792000
2.12600000 -3.78167630
2.12700000 -3.78320120
2.12800000 -3.78568410
2.12900000 -3.78933140
2.13000000 -3.79186420
2.13100000 -3.79469250
2.13200000 -3.79757050
2.13300000 -3.80044630
2.13400000 -3.80322380
2.13500000 -3.80628200
2.13600000 -3.80956440
2.13700000 -3.81155940
2.13800000 -3.81406210
2.13900000 -3.81772300
2.14000000 -3.82091500
2.14100000 -3.82419900
2.14200000 -3.82538490
2.14300000 -3.83005000
2.14400000 -3.83329700
2.14500000 -3.83668730
2.14600000 -3.83919670
2.14700000 -3.84223580
2.14800000 -3.84643390
2.14900000 -3.84878420
2.15000000 -3.85217400
2.15100000 -3.85561160
2.15200000 -3.85886120
2.15300000 -3.86206100
2.15400000 -3.86427620
2.15500000 -3.86900330
2.15600000 -3.87139800
2.15700000 -3.87444880
2.15800000 -3.87777760
2.15900000 -3.88200330
2.16000000 -3.88438130
2.16100000 -3.88872810
2.16200000 -3.89132740
2.16300000 -3.89567540
2.16400000 -3.89896200
2.16500000 -3.90177700
2.16600000 -3.90594650
2.16700000 -3.90944170
2.16800000 -3.91279010
2.16900000 -3.91686150
2.17000000 -3.91955880
2.17100000 -3.92375490
2.17200000 -3.92676930
2.17300000 -3.93073580
2.17400000 -3.93321680
2.17500000 -3.93749170
2.17600000 -3.94042160
2.17700000 -3.94497540
2.17800000 -3.94861150
2.17900000 -3.95287820
2.18000000 -3.95499250
2.18100000 -3.95908830
2.18200000 -3.96333650
2.18300000 -3.96723060
2.18400000 -3.97019530
2.18500000 -3.97554090
2.18600000 -3.97837090
2.18700000 -3.98310880
2.18800000 -3.98576070
2.18900000 -3.98946550
2.19000000 -3.99457500
2.19100000 -3.99815700
2.19200000 -4.00213150
2.19300000 -4.00479130
2.19400000 -4.00928070
2.19500000 -4.01329180
2.19600000 -4.01650380
2.19700000 -4.02126360
2.19800000 -4.02432200
2.19900000 -4.02895880
2.20000000 -4.03197720
2.20100000 -4.03702740
2.20200000 -4.04123590
2.20300000 -4.04383900
2.20400000 -4.04935550
2.20500000 -4.05247590
2.20600000 -4.05705640
2.20700000 -4.06061790
2.20800000 -4.06501340
2.20900000 -4.07005120
2.21000000 -4.07339670
2.21100000 -4.07737970
2.21200000 -4.08278560
2.21300000 -4.08586790
2.21400000 -4.09030960
2.21500000 -4.09291410
2.21600000 -4.09907050
2.21700000 -4.10263200
2.21800000 -4.10671380
2.21900000 -4.11109110
2.22000000 -4.11538410
2.22100000 -4.12044050
2.22200000 -4.12479830
2.22300000 -4.12835550
2.22400000 -4.13275050
2.22500000 -4.13843970
2.22600000 -4.14193440
2.22700000 -4.14461850
2.22800000 -4.15054320
2.22900000 -4.15363120
2.23000000 -4.15827990
2.23100000 -4.16312360
2.23200000 -4.16642520
2.23300000 -4.16998390
2.23400000 -4.17572550
2.23500000 -4.17987440
2.23600000 -4.18517490
2.23700000 -4.18928340
2.23800000 -4.19308230
2.23900000 -4.19761610
2.24000000 -4.20284800
2.24100000 -4.20682380
2.24200000 -4.21201130
2.24300000 -4.21585940
2.24400000 -4.22144410
2.24500000 -4.22427990
2.24600000 -4.22975680
2.24700000 -4.23396970
2.24800000 -4.23979000
2.24900000 -4.24253510
2.25000000 -4.24810700
2.25100000 -4.25278660
2.25200000 -4.25665570
2.25300000 -4.26019050
2.25400000 -4.26505710
2.25500000 -4.27003100
2.25600000 -4.27441220
2.25700000 -4.27917480
2.25800000 -4.28353980
2.25900000 -4.29014590
2.26000000 -4.29291770
2.26100000 -4.29628940
2.26200000 -4.30232290
2.26300000 -4.30711460
2.26400000 -4.31199070
2.26500000 -4.31614020
2.26600000 -4.32068630
2.26700000 -4.32565070
2.26800000 -4.33020880
2.26900000 -4.33494190
2.27000000 -4.33937310
2.27100000 -4.34327410
2.27200000 -4.34848690
2.27300000 -4.35235600
2.27400000 -4.35816960
2.27500000 -4.36287830
2.27600000 -4.36713270
2.27700000 -4.37182900
2.27800000 -4.37697410
2.27900000 -4.38086560
2.28000000 -4.38686990
2.28100000 -4.39058400
2.28200000 -4.39615200
2.28300000 -4.40003680
2.28400000 -4.40530490
2.28500000 -4.41083810
2.28600000 -4.41456320
2.28700000 -4.41892430
2.28800000 -4.42404700
2.28900000 -4.42877290
2.29000000 -4.43300390
2.29100000 -4.43783570
2.29200000 -4.44337750
2.29300000 -4.44678740
2.29400000 -4.45184280
2.29500000 -4.45661780
2.29600000 -4.46131560
2.29700000 -4.46643260
2.29800000 -4.47080230
2.29900000 -4.47649810
2.30000000 -4.48003770
2.30100000 -4.48524710
2.30200000 -4.48964790
2.30300000 -4.49573850
2.30400000 -4.50081590
2.30500000 -4.50478320
2.30600000 -4.50997730
2.30700000 -4.51469950
2.30800000 -4.51900630
2.30900000 -4.52376600
2.31000000 -4.52872090
2.31100000 -4.53312110
2.31200000 -4.53621290
2.31300000 -4.54303740
2.31400000 -4.54754450
2.31500000 -4.55254170
2.31600000 -4.55739550
2.31700000 -4.56056740
2.31800000 -4.56784820
2.31900000 -4.57198520
2.32000000 -4.57583570
2.32100000 -4.58231740
2.32200000 -4.58632330
2.32300000 -4.59068250
2.32400000 -4.59555010
2.32500000 -4.60044770
2.32600000 -4.60490180
2.32700000 -4.61068920
2.32800000 -4.61554530
2.32900000 -4.61993550
2.33000000 -4.62565990
2.33100000 -4.62939600
2.33200000 -4.63403560
2.33300000 -4.63894460
2.33400000 -4.64418790
2.33500000 -4.64923520
2.33600000 -4.65322830
2.33700000 -4.65795090
2.33800000 -4.66305780
2.33900000 -4.66814660
2.34000000 -4.67438170
2.34100000 -4.67830560
2.34200000 -4.68164920
2.34300000 -4.68914890
2.34400000 -4.69275670
2.34500000 -4.69681220
2.34600000 -4.70126300
2.34700000 -4.70597650
2.34800000 -4.71098660
2.34900000 -4.71654700
2.35000000 -4.72028540
2.35100000 -4.72533850
2.35200000 -4.73114540
2.35300000 -4.73440690
2.35400000 -4.73956010
2.35500000 -4.74505520
2.35600000 -4.74879070
2.35700000 -4.75403590
2.35800000 -4.75876570
2.35900000 -4.76378110
2.36000000 -4.76926420
2.36100000 -4.77297740
2.36200000 -4.77838520
2.36300000 -4.78263950
2.36400000 -4.78724430
2.36500000 -4.79196020
2.36600000 -4.79666710
2.36700000 -4.80163380
2.36800000 -4.80623050
2.36900000 -4.81091170
2.37000000 -4.81495760
2.37100000 -4.81907890
2.37200000 -4.82551910
2.37300000 -4.83052870
2.37400000 -4.83604340
2.37500000 -4.84059430
2.37600000 -4.84448770
2.37700000 -4.84799770
2.37800000 -4.85456130
2.37900000 -4.85709240
2.38000000 -4.86195850
2.38100000 -4.86680510
2.38200000 -4.87234120
2.38300000 -4.87584640
2.38400000 -4.88162370
2.38500000 -4.88600060
2.38600000 -4.89030790
2.38700000 -4.89536090
2.38800000 -4.89988760
2.38900000 -4.90465120
2.39000000 -4.90906290
2.39100000 -4.91444350
2.39200000 -4.91833690
2.39300000 -4.92330270
2.39400000 -4.92825370
2.39500000 -4.93264290
2.39600000 -4.93838450
2.39700000 -4.94117260
2.39800000 -4.94577030
2.39900000 -4.95016150
2.40000000 -4.95657010
2.40100000 -4.96015500
2.40200000 -4.96526380
2.40300000 -4.96915770
2.40400000 -4.97450350
2.40500000 -4.97959610
2.40600000 -4.98378320
2.40700000 -4.98815390
2.40800000 -4.99323460
2.40900000 -4.99727730
2.41000000 -5.00065040
2.41100000 -5.00648160
2.41200000 -5.00996540
2.41300000 -5.01451440
2.41400000 -5.02014970
2.41500000 -5.02335790
2.41600000 -5.02821110
2.41700000 -5.03316880
2.41800000 -5.03707360
2.41900000 -5.04234980
2.42000000 -5.04643010
2.42100000 -5.05139730
2.42200000 -5.05598450
2.42300000 -5.05922650
2.42400000 -5.06340930
2.42500000 -5.06832360
2.42600000 -5.07324650
2.42700000 -5.07681800
2.42800000 -5.08156730
2.42900000 -5.08581880
2.43000000 -5.08962200
2.43100000 -5.09505270
2.43200000 -5.09805350
2.43300000 -5.10265250
2.43400000 -5.10872360
2.43500000 -5.11062860
2.43600000 -5.11572740
2.43700000 -5.11943200
2.43800000 -5.12447360
2.43900000 -5.12836650
2.44000000 -5.13265180
2.44100000 -5.13747980
2.44200000 -5.14018680
2.44300000 -5.14512730
2.44400000 -5.15041300
2.44500000 -5.15411230
2.44600000 -5.15709070
2.44700000 -5.16143510
2.44800000 -5.16565560
2.44900000 -5.17142580
2.45000000 -5.17414950
2.45100000 -5.17910960
2.45200000 -5.18195920
2.45300000 -5.18666930
2.45400000 -5.19125650
2.45500000 -5.19472650
2.45600000 -5.20046380
2.45700000 -5.20328430
2.45800000 -5.20747180
2.45900000 -5.21216250
2.46000000 -5.21565060
2.46100000 -5.21884920
2.46200000 -5.22464320
2.46300000 -5.22697210
2.46400000 -5.23129750
2.46500000 -5.23492000
2.46600000 -5.24026490
2.46700000 -5.24386020
2.46800000 -5.24791000
2.46900000 -5.25098610
2.47000000 -5.25481220
2.47100000 -5.26001450
2.47200000 -5.26214980
2.47300000 -5.26710220
2.47400000 -5.27005620
2.47500000 -5.27468110
2.47600000 -5.27796840
2.47700000 -5.28205300
2.47800000 -5.28684620
2.47900000 -5.28901150
2.48000000 -5.29374930
2.48100000 -5.29734950
2.48200000 -5.30069490
2.48300000 -5.30446050
2.48400000 -5.30849890
2.48500000 -5.31230310
2.48600000 -5.31628420
2.48700000 -5.31934020
2.48800000 -5.32313350
2.48900000 -5.32665630
2.49000000 -5.33123110
2.49100000 -5.33468440
2.49200000 -5.33753590
2.49300000 -5.34181120
2.49400000 -5.34534220
2.49500000 -5.34848880
2.49600000 -5.35231590
2.49700000 -5.35686400
2.49800000 -5.35965920
2.49900000 -5.36263280
2.50000000 -5.36653520
2.50100000 -5.36862750
2.50200000 -5.37304930
2.50300000 -5.37840940
2.50400000 -5.38037920
2.50500000 -5.38493200
2.50600000 -5.38707400
2.50700000 -5.39134880
2.50800000 -5.39453840
2.50900000 -5.39733460
2.51000000 -5.40098290
2.51100000 -5.40572550
2.51200000 -5.40963080
2.51300000 -5.41237210
2.51400000 -5.41575570
2.51500000 -5.41865160
2.51600000 -5.42280630
2.51700000 -5.42502690
2.51800000 -5.42866800
2.51900000 -5.43226240
2.52000000 -5.43655300
2.52100000 -5.43983650
2.52200000 -5.44237710
2.52300000 -5.44570540
2.52400000 -5.44933610
2.52500000 -5.45236780
2.52600000 -5.45632550
2.52700000 -5.45913700
2.52800000 -5.46156840
2.52900000 -5.46641020
2.53000000 -5.46975180
2.53100000 -5.47161720
2.53200000 -5.47567080
2.53300000 -5.47958280
2.53400000 -5.48200460
2.53500000 -5.48436210
2.53600000 -5.48938510
2.53700000 -5.49233680
2.53800000 -5.49418880
2.53900000 -5.49809930
2.54000000 -5.50049780
2.54100000 -5.50430010
2.54200000 -5.50705240
2.54300000 -5.51080040
2.54400000 -5.51379300
2.54500000 -5.51635500
2.54600000 -5.51977590
2.54700000 -5.52192830
2.54800000 -5.52526330
2.54900000 -5.52748490
2.55000000 -5.53089900
2.55100000 -5.53412580
2.55200000 -5.53805590
2.55300000 -5.54064610
2.55400000 -5.54289530
2.55500000 -5.54674200
2.55600000 -5.55055330
2.55700000 -5.55190470
2.55800000 -5.55535790
2.55900000 -5.55812980
2.56000000 -5.55927940
2.56100000 -5.56348990
2.56200000 -5.56641240
2.56300000 -5.57020430
2.56400000 -5.57176350
2.56500000 -5.57547760
2.56600000 -5.57813500
2.56700000 -5.58122870
2.56800000 -5.58389430
2.56900000 -5.58736420
2.57000000 -5.58955430
2.57100000 -5.59174630
2.57200000 -5.59566550
2.57300000 -5.59801530
2.57400000 -5.59979440
2.57500000 -5.60344550
2.57600000 -5.60533090
2.57700000 -5.60862300
2.57800000 -5.61101680
2.57900000 -5.61417290
2.58000000 -5.61616950
2.58100000 -5.61953450
2.58200000 -5.62144470
2.58300000 -5.62481260
2.58400000 -5.62685630
2.58500000 -5.62974740
2.58600000 -5.63282350
2.58700000 -5.63553000
2.58800000 -5.63768290
2.58900000 -5.64009330
2.59000000 -5.64381930
2.59100000 -5.64616630
2.59200000 -5.64804840
2.59300000 -5.65183780
2.59400000 -5.65342570
2.59500000 -5.65748210
2.59600000 -5.65848020
2.59700000 -5.66108700
2.59800000 -5.66361280
2.59900000 -5.66571380
2.60000000 -5.66829680
2.60100000 -5.67059330
2.60200000 -5.67380520
2.60300000 -5.67648410
2.60400000 -5.67915580
2.60500000 -5.67988970
2.60600000 -5.68356750
2.60700000 -5.68513870
2.60800000 -5.68799540
2.60900000 -5.69023080
2.61000000 -5.69256500
2.61100000 -5.69521760
2.61200000 -5.69750880
2.61300000 -5.69980960
2.61400000 -5.70219800
2.61500000 -5.70424180
2.61600000 -5.70615100
2.61700000 -5.70815040
2.61800000 -5.71076110
2.61900000 -5.71254540
2.62000000 -5.71442370
2.62100000 -5.71815540
2.62200000 -5.71908280
2.62300000 -5.72182660
2.62400000 -5.72482920
2.62500000 -5.72603460
2.62600000 -5.72922280
2.62700000 -5.72981930
2.62800000 -5.73318910
2.62900000 -5.73590370
2.63000000 -5.73579880
2.63100000 -5.73899460
2.63200000 -5.74227050
2.63300000 -5.74396130
2.63400000 -5.74507140
2.63500000 -5.74827430
2.63600000 -5.74986120
2.63700000 -5.75245810
2.63800000 -5.75504830
2.63900000 -5.75641300
2.64000000 -5.75944810
2.64100000 -5.75961210
2.64200000 -5.76135540
2.64300000 -5.76529120
2.64400000 -5.76694440
2.64500000 -5.76838210
2.64600000 -5.77000140
2.64700000 -5.77267650
2.64800000 -5.77441310
2.64900000 -5.77509500
2.65000000 -5.77791500
2.65100000 -5.77942610
2.65200000 -5.78139880
2.65300000 -5.78396990
2.65400000 -5.78546520
2.65500000 -5.78764150
2.65600000 -5.79027610
2.65700000 -5.79089120
2.65800000 -5.79381750
2.65900000 -5.79613970
2.66000000 -5.79633190
2.66100000 -5.79917190
2.66200000 -5.80060580
2.66300000 -5.80311110
2.66400000 -5.80426310
2.66500000 -5.80603550
2.66600000 -5.80742030
2.66700000 -5.80840110
2.66800000 -5.80986500
2.66900000 -5.81241940
2.67000000 -5.81312990
2.67100000 -5.81613640
2.67200000 -5.81818290
2.67300000 -5.81970020
2.67400000 -5.82107020
2.67500000 -5.82193660
2.67600000 -5.82479620
2.67700000 -5.82538410
2.67800000 -5.82608460
2.67900000 -5.82894130
2.68000000 -5.83105990
2.68100000 -5.83122350
2.68200000 -5.83320470
2.68300000 -5.83499860
2.68400000 -5.83618880
2.68500000 -5.83738370
2.68600000 -5.83906650
2.68700000 -5.84071400
2.68800000 -5.84146600
2.68900000 -5.84415820
2.69000000 -5.84467980
2.69100000 -5.84738870
2.69200000 -5.84811690
2.69300000 -5.84812450
2.69400000 -5.84963130
2.69500000 -5.85246710
2.69600000 -5.85327100
2.69700000 -5.85426140
2.69800000 -5.85597710
2.69900000 -5.85788970
2.70000000 -5.85900830
2.70100000 -5.85955810
2.70200000 -5.86198470
2.70300000 -5.86411090
2.70400000 -5.86477380
2.70500000 -5.86617230
2.70600000 -5.86762760
2.70700000 -5.86835150
2.70800000 -5.87011860
2.70900000 -5.86993170
2.71000000 -5.87195350
2.71100000 -5.87234160
2.71200000 -5.87483980
2.71300000 -5.87662890
2.71400000 -5.87684300
2.71500000 -5.87678720
2.71600000 -5.87999680
2.71700000 -5.87964150
2.71800000 -5.88234230
2.71900000 -5.88429640
2.72000000 -5.88425020
2.72100000 -5.88537840
2.72200000 -5.88618990
2.72300000 -5.88834380
2.72400000 -5.88760090
2.72500000 -5.89038470
2.72600000 -5.89058160
2.72700000 -5.89172120
2.72800000 -5.89418790
2.72900000 -5.89508200
2.73000000 -5.89498090
2.73100000 -5.89664750
2.73200000 -5.89754530
2.73300000 -5.89978310
2.73400000 -5.90012790
2.73500000 -5.90038200
2.73600000 -5.90094180
2.73700000 -5.90177870
2.73800000 -5.90483190
2.73900000 -5.90635870
2.74000000 -5.90480570
2.74100000 -5.90728190
2.74200000 -5.90813210
2.74300000 -5.90895320
2.74400000 -5.90971370
2.74500000 -5.91099020
2.74600000 -5.91169880
2.74700000 -5.91349600
2.74800000 -5.91467670
2.74900000 -5.91586210
2.75000000 -5.91590170
2.75100000 -5.91594840
2.75200000 -5.91742230
2.75300000 -5.91885280
2.75400000 -5.91983600
2.75500000 -5.92153740
2.75600000 -5.92053460
2.75700000 -5.92216970
2.75800000 -5.92293830
2.75900000 -5.92404750
2.76000000 -5.92509030
2.76100000 -5.92729230
2.76200000 -5.92793320
2.76300000 -5.92741250
2.76400000 -5.92937180
2.76500000 -5.93069550
2.76600000 -5.92942380
2.76700000 -5.93123670
2.76800000 -5.93231630
2.76900000 -5.93317700
2.77000000 -5.93399720
2.77100000 -5.93523170
2.77200000 -5.93752860
2.77300000 -5.93751000
2.77400000 -5.93908360
2.77500000 -5.93962530
2.77600000 -5.93939110
2.77700000 -5.94031430
2.77800000 -5.94225220
2.77900000 -5.94265460
2.78000000 -5.94396690
2.78100000 -5.94500110
2.78200000 -5.94493340
2.78300000 -5.94539690
2.78400000 -5.94767050
2.78500000 -5.94651270
2.78600000 -5.94703480
2.78700000 -5.94976430
2.78800000 -5.95102790
2.78900000 -5.95093440
2.79000000 -5.95066830
2.79100000 -5.95195630
2.79200000 -5.95328190
2.79300000 -5.95452930
2.79400000 -5.95527650
2.79500000 -5.95566610
2.79600000 -5.95682620
2.79700000 -5.95734260
2.79800000 -5.95835830
2.79900000 -5.95782380
2.80000000 -5.95810700
2.80100000 -5.96045830
2.80200000 -5.96048550
2.80300000 -5.95971970
2.80400000 -5.96157460
2.80500000 -5.96366260
2.80600000 -5.96327260
2.80700000 -5.96559860
2.80800000 -5.96552750
2.80900000 -5.96551320
2.81000000 -5.96607540
2.81100000 -5.96664570
2.81200000 -5.96671770
2.81300000 -5.96797900
2.81400000 -5.96908950
2.81500000 -5.96963170
2.81600000 -5.97014860
2.81700000 -5.97146890
2.81800000 -5.97187610
2.81900000 -5.97303680
2.82000000 -5.97258280
2.82100000 -5.97369190
2.82200000 -5.97451210
2.82300000 -5.97566990
2.82400000 -5.97525980
2.82500000 -5.97619300
2.82600000 -5.97716330
2.82700000 -5.97766540
2.82800000 -5.97830010
2.82900000 -5.97995380
2.83000000 -5.98007350
2.83100000 -5.97988510
2.83200000 -5.98003290
2.83300000 -5.98225310
2.83400000 -5.98151020
2.83500000 -5.98315760
2.83600000 -5.98321390
2.83700000 -5.98511930
2.83800000 -5.98443220
2.83900000 -5.98627040
2.84000000 -5.98595430
2.84100000 -5.98683930
2.84200000 -5.98704050
2.84300000 -5.98842240
2.84400000 -5.98843380
2.84500000 -5.99012660
2.84600000 -5.98974850
2.84700000 -5.99061010
2.84800000 -5.99162200
2.84900000 -5.99164390
2.85000000 -5.99147840
2.85100000 -5.99367670
2.85200000 -5.99396470
2.85300000 -5.99419020
2.85400000 -5.99417450
2.85500000 -5.99485830
2.85600000 -5.99555870
2.85700000 -5.99632790
2.85800000 -5.99635890
2.85900000 -5.99692680
2.86000000 -5.99955700
2.86100000 -5.99840020
2.86200000 -6.00109770
2.86300000 -5.99986310
2.86400000 -6.00041010
2.86500000 -6.00151730
2.86600000 -6.00119880
2.86700000 -6.00104380
2.86800000 -6.00207760
2.86900000 -6.00283240
2.87000000 -6.00298500
2.87100000 -6.00378370
2.87200000 -6.00394150
2.87300000 -6.00511880
2.87400000 -6.00648260
2.87500000 -6.00569870
2.87600000 -6.00751830
2.87700000 -6.00529430
2.87800000 -6.00633190
2.87900000 -6.00706100
2.88000000 -6.00739810
2.88100000 -6.00857970
2.88200000 -6.01005890
2.88300000 -6.00948240
2.88400000 -6.00988200
2.88500000 -6.01087710
2.88600000 -6.01236250
2.88700000 -6.01119380
2.88800000 -6.01234670
2.88900000 -6.01338580
2.89000000 -6.01241640
2.89100000 -6.01238300
2.89200000 -6.01398040
2.89300000 -6.01439570
2.89400000 -6.01572080
2.89500000 -6.01488540
2.89600000 -6.01724670
2.89700000 -6.01536800
2.89800000 -6.01590920
2.89900000 -6.01621720
2.90000000 -6.01632550
2.90100000 -6.01782510
2.90200000 -6.01851940
2.90300000 -6.01905780
2.90400000 -6.01954510
2.90500000 -6.02016640
2.90600000 -6.02067850
2.90700000 -6.02179240
2.90800000 -6.02183340
2.90900000 -6.02202270
2.91000000 -6.02177910
2.91100000 -6.02423670
2.91200000 -6.02292060
2.91300000 -6.02367590
2.91400000 -6.02456670
2.91500000 -6.02423290
2.91600000 -6.02543070
2.91700000 -6.02443890
2.91800000 -6.02586940
2.91900000 -6.02578590
2.92000000 -6.02686450
2.92100000 -6.02659370
2.92200000 -6.02773380
2.92300000 -6.02719550
2.92400000 -6.02734850
2.92500000 -6.02736280
2.92600000 -6.02898840
2.92700000 -6.02836080
2.92800000 -6.02961250
2.92900000 -6.03035020
2.93000000 -6.02965210
2.93100000 -6.02963350
2.93200000 -6.03030730
2.93300000 -6.03030590
2.93400000 -6.03206540
2.93500000 -6.03054050
2.93600000 -6.03142120
2.93700000 -6.03144310
2.93800000 -6.03199200
2.93900000 -6.03208210
2.94000000 -6.03308250
2.94100000 -6.03374670
2.94200000 -6.03304580
2.94300000 -6.03382680
2.94400000 -6.03356270
2.94500000 -6.03447340
2.94600000 -6.03399370
2.94700000 -6.03440810
2.94800000 -6.03459740
2.94900000 -6.03533320
2.95000000 -6.03722480
2.95100000 -6.03625010
2.95200000 -6.03670690
2.95300000 -6.03688140
2.95400000 -6.03768350
2.95500000 -6.03822800
2.95600000 -6.03841970
2.95700000 -6.03819750
2.95800000 -6.03884410
2.95900000 -6.03923460
2.96000000 -6.04050640
2.96100000 -6.04043820
2.96200000 -6.04063510
2.96300000 -6.03994800
2.96400000 -6.04103660
2.96500000 -6.04060510
2.96600000 -6.04159120
2.96700000 -6.04343460
2.96800000 -6.04332260
2.96900000 -6.04399490
2.97000000 -6.04427960
2.97100000 -6.04465150
2.97200000 -6.04590850
2.97300000 -6.04578450
2.97400000 -6.04733040
2.97500000 -6.04677490
2.97600000 -6.04740910
2.97700000 -6.04946710
2.97800000 -6.04896690
2.97900000 -6.04915090
2.98000000 -6.04999830
2.98100000 -6.05015950
2.98200000 -6.05150080
2.98300000 -6.05156180
2.98400000 -6.05276870
2.98500000 -6.05205540
2.98600000 -6.05329470
2.98700000 -6.05283070
2.98800000 -6.05383010
2.98900000 -6.05331090
2.99000000 -6.05394270
2.99100000 -6.05520250
2.99200000 -6.05534550
2.99300000 -6.05563880
2.99400000 -6.05618000
2.99500000 -6.05840490
2.99600000 -6.05683420
2.99700000 -6.05754040
2.99800000 -6.05926420
2.99900000 -6.05844550
3.00000000 -6.05902580
3.00100000 -6.06079530
3.00200000 -6.05962940
3.00300000 -6.06145000
3.00400000 -6.06170080
3.00500000 -6.06235360
3.00600000 -6.06029270
3.00700000 -6.06202550
3.00800000 -6.06244750
3.00900000 -6.06248760
3.01000000 -6.06419320
3.01100000 -6.06451420
3.01200000 -6.06463670
3.01300000 -6.06407590
3.01400000 -6.06447650
3.01500000 -6.06590510
3.01600000 -6.06725310
3.01700000 -6.06661180
3.01800000 -6.06698420
3.01900000 -6.06812570
3.02000000 -6.06686740
3.02100000 -6.06903120
3.02200000 -6.06880760
3.02300000 -6.07067540
3.02400000 -6.06968780
3.02500000 -6.06972840
3.02600000 -6.07172200
3.02700000 -6.07215020
3.02800000 -6.07262710
3.02900000 -6.07365130
3.03000000 -6.07424780
3.03100000 -6.07485010
3.03200000 -6.07445380
3.03300000 -6.07616570
3.03400000 -6.07648610
3.03500000 -6.07785420
3.03600000 -6.07827950
3.03700000 -6.07818700
3.03800000 -6.07986310
3.03900000 -6.07934670
3.04000000 -6.08006430
3.04100000 -6.08105950
3.04200000 -6.08091930
3.04300000 -6.08219290
3.04400000 -6.08237080
3.04500000 -6.08400630
3.04600000 -6.08482410
3.04700000 -6.08529280
3.04800000 -6.08573340
3.04900000 -6.08635760
3.05000000 -6.08723260
3.05100000 -6.08819630
3.05200000 -6.08823160
3.05300000 -6.09011700
3.05400000 -6.09074780
3.05500000 -6.09199290
3.05600000 -6.09166430
3.05700000 -6.09177300
3.05800000 -6.09328990
3.05900000 -6.09348680
3.06000000 -6.09392930
3.06100000 -6.09618570
3.06200000 -6.09605170
3.06300000 -6.09710030
3.06400000 -6.09760090
3.06500000 -6.09657100
3.06600000 -6.09828000
3.06700000 -6.09792710
3.06800000 -6.10149860
3.06900000 -6.09923550
3.07000000 -6.10092210
3.07100000 -6.10015300
3.07200000 -6.10209990
3.07300000 -6.10175180
3.07400000 -6.10339120
3.07500000 -6.10448120
3.07600000 -6.10419370
3.07700000 -6.10484930
3.07800000 -6.10630510
3.07900000 -6.10640000
3.08000000 -6.10646870
3.08100000 -6.10860060
3.08200000 -6.10865930
3.08300000 -6.10869120
3.08400000 -6.10951190
3.08500000 -6.11085510
3.08600000 -6.11049410
3.08700000 -6.11245920
3.08800000 -6.11316870
3.08900000 -6.11424300
3.09000000 -6.11488870
3.09100000 -6.11402180
3.09200000 -6.11509990
3.09300000 -6.11542560
3.09400000 -6.11596780
3.09500000 -6.11729190
3.09600000 -6.11742400
3.09700000 -6.11825280
3.09800000 -6.11880680
3.09900000 -6.11939290
3.10000000 -6.12081720
3.10100000 -6.12113380
3.10200000 -6.12196300
3.10300000 -6.12272020
3.10400000 -6.12354710
3.10500000 -6.12364770
3.10600000 -6.12445210
3.10700000 -6.12552310
3.10800000 -6.12562270
3.10900000 -6.12633850
3.11000000 -6.12706040
3.11100000 -6.12661500
3.11200000 -6.12888670
3.11300000 -6.13012790
3.11400000 -6.13046030
3.11500000 -6.13063810
3.11600000 -6.13103290
3.11700000 -6.13160510
3.11800000 -6.13500070
3.11900000 -6.13433170
3.12000000 -6.13591860
3.12100000 -6.13469410
3.12200000 -6.13596390
3.12300000 -6.13589530
3.12400000 -6.13675120
3.12500000 -6.13858750
3.12600000 -6.13850260
3.12700000 -6.14026830
3.12800000 -6.14026400
3.12900000 -6.14102790
3.13000000 -6.14253660
3.13100000 -6.14264390
3.13200000 -6.14348650
3.13300000 -6.14403720
3.13400000 -6.14471150
3.13500000 -6.14666560
3.13600000 -6.14729640
3.13700000 -6.14841840
3.13800000 -6.14912800
3.13900000 -6.14918710
3.14000000 -6.15058280
3.14100000 -6.15045980
3.14200000 -6.15162610
3.14300000 -6.15300750
3.14400000 -6.15336990
3.14500000 -6.15388390
3.14600000 -6.15577790
3.14700000 -6.15473270
3.14800000 -6.15699770
3.14900000 -6.15806010
3.15000000 -6.15957120
3.15100000 -6.15942000
3.15200000 -6.15973000
3.15300000 -6.16050910
3.15400000 -6.16028450
3.15500000 -6.16323850
3.15600000 -6.16408300
3.15700000 -6.16501570
3.15800000 -6.16599800
3.15900000 -6.16643000
3.16000000 -6.16731740
3.16100000 -6.16928770
3.16200000 -6.16937350
3.16300000 -6.16968300
3.16400000 -6.17037490
3.16500000 -6.17232420
3.16600000 -6.17377420
3.16700000 -6.17311620
3.16800000 -6.17455430
3.16900000 -6.17578360
3.17000000 -6.17691230
3.17100000 -6.17795850
3.17200000 -6.17764190
3.17300000 -6.17906430
3.17400000 -6.18030450
3.17500000 -6.18114090
3.17600000 -6.18260810
3.17700000 -6.18302150
3.17800000 -6.18313500
3.17900000 -6.18542670
3.18000000 -6.18576810
3.18100000 -6.18718390
3.18200000 -6.18848510
3.18300000 -6.18893910
3.18400000 -6.19069530
3.18500000 -6.18994050
3.18600000 -6.19176010
3.18700000 -6.19253020
3.18800000 -6.19486430
3.18900000 -6.19460920
3.19000000 -6.19595810
3.19100000 -6.19732480
3.19200000 -6.19790460
3.19300000 -6.19845440
3.19400000 -6.19971990
3.19500000 -6.20196440
3.19600000 -6.20268960
3.19700000 -6.20258760
3.19800000 -6.20345260
3.19900000 -6.20478920
3.20000000 -6.20554640
