Frequency(GHz) s31
1.20000000 -7.48156360
1.20100000 -7.46140150
1.20200000 -7.44002820
1.20300000 -7.41898630
1.20400000 -7.39708380
1.20500000 -7.37547400
1.20600000 -7.35314660
1.20700000 -7.32969520
1.20800000 -7.30626060
1.20900000 -7.28214740
1.21000000 -7.25916580
1.21100000 -7.23572730
1.21200000 -7.21195700
1.21300000 -7.19010070
1.21400000 -7.16774030
1.21500000 -7.14554120
1.21600000 -7.12408350
1.21700000 -7.10305500
1.21800000 -7.08348270
1.21900000 -7.06296830
1.22000000 -7.04506110
1.22100000 -7.02600770
1.22200000 -7.00930690
1.22300000 -6.99226280
1.22400000 -6.97768880
1.22500000 -6.96188550
1.22600000 -6.94820170
1.22700000 -6.93501520
1.22800000 -6.92274570
1.22900000 -6.91083190
1.23000000 -6.90021040
1.23100000 -6.89000270
1.23200000 -6.87957190
1.23300000 -6.87146760
1.23400000 -6.86241670
1.23500000 -6.85559130
1.23600000 -6.84652570
1.23700000 -6.83898400
1.23800000 -6.83085200
1.23900000 -6.82341580
1.24000000 -6.81543110
1.24100000 -6.80900050
1.24200000 -6.80099340
1.24300000 -6.79484130
1.24400000 -6.78780560
1.24500000 -6.78054900
1.24600000 -6.77267410
1.24700000 -6.76553340
1.24800000 -6.75873610
1.24900000 -6.75031660
1.25000000 -6.74206500
1.25100000 -6.73445890
1.25200000 -6.72566600
1.25300000 -6.71716310
1.25400000 -6.70791630
1.25500000 -6.69842820
1.25600000 -6.69034670
1.25700000 -6.68099310
1.25800000 -6.67153640
1.25900000 -6.66191050
1.26000000 -6.65264990
1.26100000 -6.64374970
1.26200000 -6.63440850
1.26300000 -6.62543250
1.26400000 -6.61652520
1.26500000 -6.60789250
1.26600000 -6.59936140
1.26700000 -6.59048030
1.26800000 -6.58269450
1.26900000 -6.57507320
1.27000000 -6.56864260
1.27100000 -6.56214950
1.27200000 -6.55664970
1.27300000 -6.55198620
1.27400000 -6.54738810
1.27500000 -6.54556700
1.27600000 -6.54242370
1.27700000 -6.54101660
1.27800000 -6.54099850
1.27900000 -6.54121300
1.28000000 -6.54339790
1.28100000 -6.54602860
1.28200000 -6.54946950
1.28300000 -6.55401900
1.28400000 -6.55961660
1.28500000 -6.56734090
1.28600000 -6.57450490
1.28700000 -6.58234790
1.28800000 -6.59180260
1.28900000 -6.60317040
1.29000000 -6.61397650
1.29100000 -6.62567950
1.29200000 -6.63835430
1.29300000 -6.65100340
1.29400000 -6.66466760
1.29500000 -6.67889210
1.29600000 -6.69305900
1.29700000 -6.70736460
1.29800000 -6.72169830
1.29900000 -6.73724030
1.30000000 -6.75032710
1.30100000 -6.76547720
1.30200000 -6.77948860
1.30300000 -6.79351570
1.30400000 -6.80657290
1.30500000 -6.81951710
1.30600000 -6.83118300
1.30700000 -6.84292410
1.30800000 -6.85339260
1.30900000 -6.86288260
1.31000000 -6.87223670
1.31100000 -6.87852240
1.31200000 -6.88526920
1.31300000 -6.89152100
1.31400000 -6.89497800
1.31500000 -6.89711860
1.31600000 -6.89943700
1.31700000 -6.89949460
1.31800000 -6.89844940
1.31900000 -6.89593550
1.32000000 -6.89211700
1.32100000 -6.88632060
1.32200000 -6.88002250
1.32300000 -6.87260910
1.32400000 -6.86382680
1.32500000 -6.85281040
1.32600000 -6.84146170
1.32700000 -6.82902000
1.32800000 -6.81486080
1.32900000 -6.79930880
1.33000000 -6.78511000
1.33100000 -6.76834730
1.33200000 -6.75102040
1.33300000 -6.73324730
1.33400000 -6.71521760
1.33500000 -6.69526770
1.33600000 -6.67648220
1.33700000 -6.65652470
1.33800000 -6.63696530
1.33900000 -6.61690570
1.34000000 -6.59546900
1.34100000 -6.57576940
1.34200000 -6.55564260
1.34300000 -6.53541850
1.34400000 -6.51611190
1.34500000 -6.49652530
1.34600000 -6.47785520
1.34700000 -6.45959420
1.34800000 -6.44080730
1.34900000 -6.42383480
1.35000000 -6.40615270
1.35100000 -6.39021400
1.35200000 -6.37379600
1.35300000 -6.35890820
1.35400000 -6.34456680
1.35500000 -6.32950350
1.35600000 -6.31469680
1.35700000 -6.30126760
1.35800000 -6.28928520
1.35900000 -6.27718260
1.36000000 -6.26572040
1.36100000 -6.25652070
1.36200000 -6.24628730
1.36300000 -6.23675820
1.36400000 -6.22849320
1.36500000 -6.22065690
1.36600000 -6.21378850
1.36700000 -6.20682950
1.36800000 -6.19979330
1.36900000 -6.19397690
1.37000000 -6.18747660
1.37100000 -6.18322560
1.37200000 -6.17837910
1.37300000 -6.17345480
1.37400000 -6.16949800
1.37500000 -6.16611430
1.37600000 -6.16153290
1.37700000 -6.15834240
1.37800000 -6.15487810
1.37900000 -6.15108540
1.38000000 -6.14818910
1.38100000 -6.14546490
1.38200000 -6.14213090
1.38300000 -6.13961940
1.38400000 -6.13592620
1.38500000 -6.13234090
1.38600000 -6.12883570
1.38700000 -6.12596750
1.38800000 -6.12198210
1.38900000 -6.11784120
1.39000000 -6.11404940
1.39100000 -6.11036110
1.39200000 -6.10632320
1.39300000 -6.10197160
1.39400000 -6.09797430
1.39500000 -6.09321640
1.39600000 -6.08792400
1.39700000 -6.08194350
1.39800000 -6.07680700
1.39900000 -6.07249020
1.40000000 -6.06628700
1.40100000 -6.06031510
1.40200000 -6.05446860
1.40300000 -6.04780100
1.40400000 -6.04136850
1.40500000 -6.03561690
1.40600000 -6.02823260
1.40700000 -6.02103280
1.40800000 -6.01512150
1.40900000 -6.00848440
1.41000000 -6.00038860
1.41100000 -5.99350120
1.41200000 -5.98552320
1.41300000 -5.97921040
1.41400000 -5.97213220
1.41500000 -5.96487860
1.41600000 -5.95783570
1.41700000 -5.95120620
1.41800000 -5.94351630
1.41900000 -5.93726250
1.42000000 -5.93047900
1.42100000 -5.92334180
1.42200000 -5.91676950
1.42300000 -5.91056160
1.42400000 -5.90517900
1.42500000 -5.89889530
1.42600000 -5.89352800
1.42700000 -5.88814540
1.42800000 -5.88320880
1.42900000 -5.87874510
1.43000000 -5.87390520
1.43100000 -5.87013010
1.43200000 -5.86618660
1.43300000 -5.86267610
1.43400000 -5.85956380
1.43500000 -5.85700180
1.43600000 -5.85425000
1.43700000 -5.85254570
1.43800000 -5.85108950
1.43900000 -5.84888410
1.44000000 -5.84864810
1.44100000 -5.84793380
1.44200000 -5.84645650
1.44300000 -5.84852120
1.44400000 -5.84842350
1.44500000 -5.84958550
1.44600000 -5.84999320
1.44700000 -5.85165550
1.44800000 -5.85269170
1.44900000 -5.85482170
1.45000000 -5.85622450
1.45100000 -5.85723070
1.45200000 -5.85924860
1.45300000 -5.86066290
1.45400000 -5.86183930
1.45500000 -5.86281680
1.45600000 -5.86434890
1.45700000 -5.86511610
1.45800000 -5.86587520
1.45900000 -5.86580940
1.46000000 -5.86621620
1.46100000 -5.86634780
1.46200000 -5.86554340
1.46300000 -5.86448570
1.46400000 -5.86326790
1.46500000 -5.86166000
1.46600000 -5.85973450
1.46700000 -5.85697220
1.46800000 -5.85468440
1.46900000 -5.85089110
1.47000000 -5.84644700
1.47100000 -5.84263130
1.47200000 -5.83857490
1.47300000 -5.83328770
1.47400000 -5.82785180
1.47500000 -5.82220170
1.47600000 -5.81594610
1.47700000 -5.80949350
1.47800000 -5.80155520
1.47900000 -5.79475590
1.48000000 -5.78565070
1.48100000 -5.77733760
1.48200000 -5.76814890
1.48300000 -5.75935170
1.48400000 -5.75033950
1.48500000 -5.73893360
1.48600000 -5.72942350
1.48700000 -5.71883060
1.48800000 -5.70741460
1.48900000 -5.69583030
1.49000000 -5.68493650
1.49100000 -5.67360260
1.49200000 -5.66208310
1.49300000 -5.65024850
1.49400000 -5.63820510
1.49500000 -5.62625890
1.49600000 -5.61428120
1.49700000 -5.60197160
1.49800000 -5.59056620
1.49900000 -5.57847600
1.50000000 -5.56644680
1.50100000 -5.55470990
1.50200000 -5.54295300
1.50300000 -5.53055240
1.50400000 -5.51968770
1.50500000 -5.50846530
1.50600000 -5.49780270
1.50700000 -5.48719930
1.50800000 -5.47673750
1.50900000 -5.46741150
1.51000000 -5.45868160
1.51100000 -5.44907280
1.51200000 -5.44072060
1.51300000 -5.43282080
1.51400000 -5.42555190
1.51500000 -5.41806650
1.51600000 -5.41231200
1.51700000 -5.40676260
1.51800000 -5.40027280
1.51900000 -5.39595560
1.52000000 -5.39196210
1.52100000 -5.38931560
1.52200000 -5.38664440
1.52300000 -5.38453200
1.52400000 -5.38264700
1.52500000 -5.38170340
1.52600000 -5.38149880
1.52700000 -5.38229130
1.52800000 -5.38384680
1.52900000 -5.38545370
1.53000000 -5.38681600
1.53100000 -5.39030460
1.53200000 -5.39315840
1.53300000 -5.39717050
1.53400000 -5.40117690
1.53500000 -5.40635300
1.53600000 -5.41179660
1.53700000 -5.41674900
1.53800000 -5.42205480
1.53900000 -5.42771240
1.54000000 -5.43436050
1.54100000 -5.44003060
1.54200000 -5.44627900
1.54300000 -5.45134160
1.54400000 -5.45826770
1.54500000 -5.46462200
1.54600000 -5.47008280
1.54700000 -5.47632070
1.54800000 -5.48074290
1.54900000 -5.48593710
1.55000000 -5.48969750
1.55100000 -5.49343730
1.55200000 -5.49690910
1.55300000 -5.50004430
1.55400000 -5.50206180
1.55500000 -5.50322390
1.55600000 -5.50409790
1.55700000 -5.50429060
1.55800000 -5.50341840
1.55900000 -5.50173140
1.56000000 -5.49903770
1.56100000 -5.49559880
1.56200000 -5.49034740
1.56300000 -5.48526620
1.56400000 -5.47894530
1.56500000 -5.47233100
1.56600000 -5.46464920
1.56700000 -5.45648340
1.56800000 -5.44652270
1.56900000 -5.43712000
1.57000000 -5.42700580
1.57100000 -5.41576910
1.57200000 -5.40395880
1.57300000 -5.39181850
1.57400000 -5.38034250
1.57500000 -5.36723800
1.57600000 -5.35400630
1.57700000 -5.34096910
1.57800000 -5.32778550
1.57900000 -5.31497620
1.58000000 -5.30153990
1.58100000 -5.28829770
1.58200000 -5.27532390
1.58300000 -5.26186750
1.58400000 -5.25025320
1.58500000 -5.23709300
1.58600000 -5.22481300
1.58700000 -5.21285010
1.58800000 -5.20196250
1.58900000 -5.19030090
1.59000000 -5.17989160
1.59100000 -5.17014650
1.59200000 -5.15987060
1.59300000 -5.15097570
1.59400000 -5.14257910
1.59500000 -5.13558960
1.59600000 -5.12741660
1.59700000 -5.12060500
1.59800000 -5.11420200
1.59900000 -5.10921810
1.60000000 -5.10383650
1.60100000 -5.09874060
1.60200000 -5.09503940
1.60300000 -5.09208440
1.60400000 -5.08769180
1.60500000 -5.08502960
1.60600000 -5.08249040
1.60700000 -5.08128640
1.60800000 -5.07973190
1.60900000 -5.07805400
1.61000000 -5.07819130
1.61100000 -5.07691430
1.61200000 -5.07756900
1.61300000 -5.07744070
1.61400000 -5.07741400
1.61500000 -5.07767010
1.61600000 -5.07886930
1.61700000 -5.07951310
1.61800000 -5.08070090
1.61900000 -5.08121820
1.62000000 -5.08234410
1.62100000 -5.08309080
1.62200000 -5.08426000
1.62300000 -5.08544350
1.62400000 -5.08713530
1.62500000 -5.08776620
1.62600000 -5.08943130
1.62700000 -5.09060380
1.62800000 -5.09240960
1.62900000 -5.09366750
1.63000000 -5.09617520
1.63100000 -5.09743830
1.63200000 -5.09854840
1.63300000 -5.10030980
1.63400000 -5.10348270
1.63500000 -5.10408880
1.63600000 -5.10599850
1.63700000 -5.10835460
1.63800000 -5.11014080
1.63900000 -5.11186270
1.64000000 -5.11436890
1.64100000 -5.11648850
1.64200000 -5.11816500
1.64300000 -5.12108040
1.64400000 -5.12309550
1.64500000 -5.12513830
1.64600000 -5.12780190
1.64700000 -5.13045500
1.64800000 -5.13253120
1.64900000 -5.13358640
1.65000000 -5.13654610
1.65100000 -5.13735490
1.65200000 -5.14047860
1.65300000 -5.14211560
1.65400000 -5.14447360
1.65500000 -5.14708660
1.65600000 -5.14917560
1.65700000 -5.15192130
1.65800000 -5.15377330
1.65900000 -5.15570930
1.66000000 -5.15784120
1.66100000 -5.16054730
1.66200000 -5.16179750
1.66300000 -5.16393280
1.66400000 -5.16511580
1.66500000 -5.16723300
1.66600000 -5.16917850
1.66700000 -5.17003680
1.66800000 -5.17129280
1.66900000 -5.17200710
1.67000000 -5.17241810
1.67100000 -5.17270040
1.67200000 -5.17313240
1.67300000 -5.17236230
1.67400000 -5.17236850
1.67500000 -5.17115210
1.67600000 -5.16990230
1.67700000 -5.16747950
1.67800000 -5.16509770
1.67900000 -5.16224620
1.68000000 -5.15848640
1.68100000 -5.15443990
1.68200000 -5.15087800
1.68300000 -5.14618400
1.68400000 -5.14126970
1.68500000 -5.13559910
1.68600000 -5.12988810
1.68700000 -5.12378500
1.68800000 -5.11763330
1.68900000 -5.11113360
1.69000000 -5.10413360
1.69100000 -5.09654950
1.69200000 -5.08937880
1.69300000 -5.08157540
1.69400000 -5.07353070
1.69500000 -5.06552360
1.69600000 -5.05678130
1.69700000 -5.04785590
1.69800000 -5.03997370
1.69900000 -5.03157380
1.70000000 -5.02348380
1.70100000 -5.01467510
1.70200000 -5.00586890
1.70300000 -4.99793770
1.70400000 -4.98938660
1.70500000 -4.98089550
1.70600000 -4.97274300
1.70700000 -4.96542120
1.70800000 -4.95719960
1.70900000 -4.94926260
1.71000000 -4.94097230
1.71100000 -4.93418980
1.71200000 -4.92788080
1.71300000 -4.92057940
1.71400000 -4.91509580
1.71500000 -4.90928030
1.71600000 -4.90424110
1.71700000 -4.89897630
1.71800000 -4.89412020
1.71900000 -4.89005470
1.72000000 -4.88649460
1.72100000 -4.88336850
1.72200000 -4.88029190
1.72300000 -4.87796880
1.72400000 -4.87584300
1.72500000 -4.87467530
1.72600000 -4.87397380
1.72700000 -4.87365670
1.72800000 -4.87372400
1.72900000 -4.87387940
1.73000000 -4.87451890
1.73100000 -4.87613340
1.73200000 -4.87700030
1.73300000 -4.87886950
1.73400000 -4.88203620
1.73500000 -4.88420100
1.73600000 -4.88716360
1.73700000 -4.89148710
1.73800000 -4.89638900
1.73900000 -4.90088130
1.74000000 -4.90582180
1.74100000 -4.91124490
1.74200000 -4.91626550
1.74300000 -4.92201190
1.74400000 -4.92736670
1.74500000 -4.93224670
1.74600000 -4.93883040
1.74700000 -4.94390820
1.74800000 -4.94964890
1.74900000 -4.95436910
1.75000000 -4.95998720
1.75100000 -4.96486900
1.75200000 -4.96966740
1.75300000 -4.97430520
1.75400000 -4.97840210
1.75500000 -4.98264120
1.75600000 -4.98609780
1.75700000 -4.98945520
1.75800000 -4.99273350
1.75900000 -4.99550010
1.76000000 -4.99878740
1.76100000 -4.99997000
1.76200000 -5.00135560
1.76300000 -5.00311470
1.76400000 -5.00414710
1.76500000 -5.00491240
1.76600000 -5.00669810
1.76700000 -5.00701670
1.76800000 -5.00796130
1.76900000 -5.00756650
1.77000000 -5.00791450
1.77100000 -5.00827260
1.77200000 -5.00782110
1.77300000 -5.00752070
1.77400000 -5.00720930
1.77500000 -5.00742580
1.77600000 -5.00688740
1.77700000 -5.00702570
1.77800000 -5.00659750
1.77900000 -5.00636200
1.78000000 -5.00553800
1.78100000 -5.00620220
1.78200000 -5.00664380
1.78300000 -5.00672010
1.78400000 -5.00705240
1.78500000 -5.00834180
1.78600000 -5.00929070
1.78700000 -5.00979950
1.78800000 -5.01037260
1.78900000 -5.01151510
1.79000000 -5.01336340
1.79100000 -5.01483730
1.79200000 -5.01744840
1.79300000 -5.01942300
1.79400000 -5.02180240
1.79500000 -5.02290200
1.79600000 -5.02638960
1.79700000 -5.02849390
1.79800000 -5.03059720
1.79900000 -5.03331950
1.80000000 -5.03556060
1.80100000 -5.03691670
1.80200000 -5.03991840
1.80300000 -5.04075770
1.80400000 -5.04264880
1.80500000 -5.04489370
1.80600000 -5.04603000
1.80700000 -5.04663420
1.80800000 -5.04740620
1.80900000 -5.04754690
1.81000000 -5.04808760
1.81100000 -5.04819010
1.81200000 -5.04820490
1.81300000 -5.04681350
1.81400000 -5.04537250
1.81500000 -5.04414030
1.81600000 -5.04254960
1.81700000 -5.04088830
1.81800000 -5.03828950
1.81900000 -5.03570410
1.82000000 -5.03233430
1.82100000 -5.02897020
1.82200000 -5.02616930
1.82300000 -5.02336550
1.82400000 -5.01904200
1.82500000 -5.01465800
1.82600000 -5.01076940
1.82700000 -5.00561760
1.82800000 -5.00183340
1.82900000 -4.99693780
1.83000000 -4.99217840
1.83100000 -4.98756980
1.83200000 -4.98235800
1.83300000 -4.97726010
1.83400000 -4.97243400
1.83500000 -4.96786260
1.83600000 -4.96217780
1.83700000 -4.95746520
1.83800000 -4.95251270
1.83900000 -4.94843580
1.84000000 -4.94226410
1.84100000 -4.93778990
1.84200000 -4.93302870
1.84300000 -4.92802520
1.84400000 -4.92314290
1.84500000 -4.91935830
1.84600000 -4.91480260
1.84700000 -4.91155580
1.84800000 -4.90740390
1.84900000 -4.90283970
1.85000000 -4.89942880
1.85100000 -4.89581160
1.85200000 -4.89222760
1.85300000 -4.88955590
1.85400000 -4.88636350
1.85500000 -4.88355400
1.85600000 -4.88030580
1.85700000 -4.87816720
1.85800000 -4.87549970
1.85900000 -4.87380890
1.86000000 -4.87166500
1.86100000 -4.87094400
1.86200000 -4.86942050
1.86300000 -4.86728480
1.86400000 -4.86719370
1.86500000 -4.86740350
1.86600000 -4.86687330
1.86700000 -4.86669640
1.86800000 -4.86749120
1.86900000 -4.86814930
1.87000000 -4.86899710
1.87100000 -4.86969180
1.87200000 -4.87053250
1.87300000 -4.87198730
1.87400000 -4.87423180
1.87500000 -4.87515310
1.87600000 -4.87752010
1.87700000 -4.87935400
1.87800000 -4.88180540
1.87900000 -4.88312630
1.88000000 -4.88563060
1.88100000 -4.88816790
1.88200000 -4.89040180
1.88300000 -4.89347310
1.88400000 -4.89618680
1.88500000 -4.89990850
1.88600000 -4.90307470
1.88700000 -4.90581700
1.88800000 -4.90978570
1.88900000 -4.91278930
1.89000000 -4.91520790
1.89100000 -4.91904590
1.89200000 -4.92243000
1.89300000 -4.92548560
1.89400000 -4.92843720
1.89500000 -4.93159100
1.89600000 -4.93439250
1.89700000 -4.93734260
1.89800000 -4.94031620
1.89900000 -4.94243050
1.90000000 -4.94468120
1.90100000 -4.94686030
1.90200000 -4.95026490
1.90300000 -4.95190530
1.90400000 -4.95434430
1.90500000 -4.95591070
1.90600000 -4.95799060
1.90700000 -4.95966960
1.90800000 -4.96126600
1.90900000 -4.96351810
1.91000000 -4.96529580
1.91100000 -4.96604680
1.91200000 -4.96805240
1.91300000 -4.96998070
1.91400000 -4.97198300
1.91500000 -4.97501950
1.91600000 -4.97684380
1.91700000 -4.97814700
1.91800000 -4.98070530
1.91900000 -4.98265360
1.92000000 -4.98418050
1.92100000 -4.98555660
1.92200000 -4.98631380
1.92300000 -4.98783300
1.92400000 -4.98961350
1.92500000 -4.99053290
1.92600000 -4.99137210
1.92700000 -4.99208640
1.92800000 -4.99313120
1.92900000 -4.99402330
1.93000000 -4.99399520
1.93100000 -4.99434850
1.93200000 -4.99577620
1.93300000 -4.99547050
1.93400000 -4.99517390
1.93500000 -4.99471950
1.93600000 -4.99449540
1.93700000 -4.99437090
1.93800000 -4.99451110
1.93900000 -4.99424030
1.94000000 -4.99261050
1.94100000 -4.99197530
1.94200000 -4.99221280
1.94300000 -4.99185180
1.94400000 -4.99211410
1.94500000 -4.99209360
1.94600000 -4.99186520
1.94700000 -4.99074320
1.94800000 -4.99045660
1.94900000 -4.98967170
1.95000000 -4.98951630
1.95100000 -4.98800750
1.95200000 -4.98775720
1.95300000 -4.98628620
1.95400000 -4.98514320
1.95500000 -4.98382520
1.95600000 -4.98232170
1.95700000 -4.98149590
1.95800000 -4.97947070
1.95900000 -4.97859240
1.96000000 -4.97713850
1.96100000 -4.97575810
1.96200000 -4.97370100
1.96300000 -4.97273730
1.96400000 -4.97024200
1.96500000 -4.96881680
1.96600000 -4.96707580
1.96700000 -4.96552610
1.96800000 -4.96406790
1.96900000 -4.96201900
1.97000000 -4.96091990
1.97100000 -4.95941310
1.97200000 -4.95792960
1.97300000 -4.95606710
1.97400000 -4.95381690
1.97500000 -4.95238070
1.97600000 -4.95122670
1.97700000 -4.95001080
1.97800000 -4.94794320
1.97900000 -4.94661050
1.98000000 -4.94520090
1.98100000 -4.94417240
1.98200000 -4.94276670
1.98300000 -4.94146160
1.98400000 -4.94093890
1.98500000 -4.93951510
1.98600000 -4.93876600
1.98700000 -4.93837310
1.98800000 -4.93818710
1.98900000 -4.93749430
1.99000000 -4.93615010
1.99100000 -4.93574760
1.99200000 -4.93559600
1.99300000 -4.93480540
1.99400000 -4.93449260
1.99500000 -4.93503380
1.99600000 -4.93488740
1.99700000 -4.93474670
1.99800000 -4.93404440
1.99900000 -4.93426230
2.00000000 -4.93422600
2.00100000 -4.93395760
2.00200000 -4.93406250
2.00300000 -4.93378880
2.00400000 -4.93313070
2.00500000 -4.93369870
2.00600000 -4.93288230
2.00700000 -4.93261150
2.00800000 -4.93244080
2.00900000 -4.93310450
2.01000000 -4.93226670
2.01100000 -4.93322090
2.01200000 -4.93307300
2.01300000 -4.93314410
2.01400000 -4.93276690
2.01500000 -4.93321850
2.01600000 -4.93322320
2.01700000 -4.93338250
2.01800000 -4.93382120
2.01900000 -4.93341640
2.02000000 -4.93408780
2.02100000 -4.93509630
2.02200000 -4.93502760
2.02300000 -4.93539570
2.02400000 -4.93554740
2.02500000 -4.93675140
2.02600000 -4.93678330
2.02700000 -4.93715950
2.02800000 -4.93794920
2.02900000 -4.93890670
2.03000000 -4.93947510
2.03100000 -4.93949270
2.03200000 -4.94011350
2.03300000 -4.94044210
2.03400000 -4.94048690
2.03500000 -4.94116830
2.03600000 -4.94116020
2.03700000 -4.94162130
2.03800000 -4.94113300
2.03900000 -4.94170570
2.04000000 -4.94087700
2.04100000 -4.94110060
2.04200000 -4.94082930
2.04300000 -4.94120740
2.04400000 -4.94132140
2.04500000 -4.94107720
2.04600000 -4.94072100
2.04700000 -4.94053700
2.04800000 -4.94057660
2.04900000 -4.94064810
2.05000000 -4.94041350
2.05100000 -4.93965010
2.05200000 -4.93976120
2.05300000 -4.93863960
2.05400000 -4.93815950
2.05500000 -4.93867020
2.05600000 -4.93817710
2.05700000 -4.93677330
2.05800000 -4.93691300
2.05900000 -4.93687300
2.06000000 -4.93582110
2.06100000 -4.93548540
2.06200000 -4.93547870
2.06300000 -4.93559170
2.06400000 -4.93358470
2.06500000 -4.93441530
2.06600000 -4.93367480
2.06700000 -4.93321800
2.06800000 -4.93229770
2.06900000 -4.93262290
2.07000000 -4.93222480
2.07100000 -4.93176320
2.07200000 -4.93167540
2.07300000 -4.93069890
2.07400000 -4.93098260
2.07500000 -4.93125960
2.07600000 -4.93011000
2.07700000 -4.93007990
2.07800000 -4.92960170
2.07900000 -4.92964320
2.08000000 -4.92867370
2.08100000 -4.92817830
2.08200000 -4.92783830
2.08300000 -4.92788120
2.08400000 -4.92663670
2.08500000 -4.92645930
2.08600000 -4.92611790
2.08700000 -4.92468930
2.08800000 -4.92347620
2.08900000 -4.92332170
2.09000000 -4.92153550
2.09100000 -4.92130950
2.09200000 -4.92022710
2.09300000 -4.91987660
2.09400000 -4.91866640
2.09500000 -4.91835170
2.09600000 -4.91763690
2.09700000 -4.91783190
2.09800000 -4.91673180
2.09900000 -4.91686960
2.10000000 -4.91573620
2.10100000 -4.91598460
2.10200000 -4.91539570
2.10300000 -4.91606280
2.10400000 -4.91584590
2.10500000 -4.91592740
2.10600000 -4.91621020
2.10700000 -4.91766360
2.10800000 -4.91696450
2.10900000 -4.91729640
2.11000000 -4.91844510
2.11100000 -4.91940550
2.11200000 -4.91982750
2.11300000 -4.92012830
2.11400000 -4.92233990
2.11500000 -4.92398020
2.11600000 -4.92348430
2.11700000 -4.92524770
2.11800000 -4.92671200
2.11900000 -4.92868520
2.12000000 -4.92997790
2.12100000 -4.93097400
2.12200000 -4.93279220
2.12300000 -4.93401290
2.12400000 -4.93559930
2.12500000 -4.93849330
2.12600000 -4.93993140
2.12700000 -4.94136140
2.12800000 -4.94436500
2.12900000 -4.94658900
2.13000000 -4.94857070
2.13100000 -4.95144940
2.13200000 -4.95398660
2.13300000 -4.95636220
2.13400000 -4.95937540
2.13500000 -4.96228550
2.13600000 -4.96481660
2.13700000 -4.96847530
2.13800000 -4.97198440
2.13900000 -4.97439530
2.14000000 -4.97807120
2.14100000 -4.98096750
2.14200000 -4.98316670
2.14300000 -4.98700380
2.14400000 -4.99004410
2.14500000 -4.99230810
2.14600000 -4.99496980
2.14700000 -4.99746130
2.14800000 -5.00003860
2.14900000 -5.00200460
2.15000000 -5.00409220
2.15100000 -5.00569340
2.15200000 -5.00727420
2.15300000 -5.00913860
2.15400000 -5.01030300
2.15500000 -5.01098730
2.15600000 -5.01180270
2.15700000 -5.01203540
2.15800000 -5.01227430
2.15900000 -5.01156470
2.16000000 -5.01077080
2.16100000 -5.00904750
2.16200000 -5.00779870
2.16300000 -5.00661130
2.16400000 -5.00471500
2.16500000 -5.00261690
2.16600000 -4.99985070
2.16700000 -4.99783710
2.16800000 -4.99446870
2.16900000 -4.99133730
2.17000000 -4.98866650
2.17100000 -4.98480610
2.17200000 -4.98241760
2.17300000 -4.97826240
2.17400000 -4.97453120
2.17500000 -4.97003790
2.17600000 -4.96755120
2.17700000 -4.96309800
2.17800000 -4.95975970
2.17900000 -4.95569370
2.18000000 -4.95187660
2.18100000 -4.94833900
2.18200000 -4.94475790
2.18300000 -4.94208290
2.18400000 -4.93970250
2.18500000 -4.93721580
2.18600000 -4.93464370
2.18700000 -4.93286090
2.18800000 -4.93130590
2.18900000 -4.93009380
2.19000000 -4.92826560
2.19100000 -4.92832760
2.19200000 -4.92708680
2.19300000 -4.92633440
2.19400000 -4.92664480
2.19500000 -4.92741580
2.19600000 -4.92878150
2.19700000 -4.92923070
2.19800000 -4.93126920
2.19900000 -4.93307920
2.20000000 -4.93613820
2.20100000 -4.93853470
2.20200000 -4.94223690
2.20300000 -4.94633670
2.20400000 -4.95154140
2.20500000 -4.95589400
2.20600000 -4.96133040
2.20700000 -4.96660040
2.20800000 -4.97300200
2.20900000 -4.98017260
2.21000000 -4.98602440
2.21100000 -4.99431040
2.21200000 -5.00201650
2.21300000 -5.01061300
2.21400000 -5.01925990
2.21500000 -5.02794740
2.21600000 -5.03606460
2.21700000 -5.04464440
2.21800000 -5.05299380
2.21900000 -5.06150390
2.22000000 -5.06924340
2.22100000 -5.07655860
2.22200000 -5.08376410
2.22300000 -5.09135290
2.22400000 -5.09686850
2.22500000 -5.10282520
2.22600000 -5.10833790
2.22700000 -5.11283640
2.22800000 -5.11659050
2.22900000 -5.11944960
2.23000000 -5.12165690
2.23100000 -5.12337680
2.23200000 -5.12372350
2.23300000 -5.12435290
2.23400000 -5.12361910
2.23500000 -5.12302110
2.23600000 -5.12065080
2.23700000 -5.11799570
2.23800000 -5.11481710
2.23900000 -5.11064340
2.24000000 -5.10616590
2.24100000 -5.10147760
2.24200000 -5.09745260
2.24300000 -5.09212540
2.24400000 -5.08645530
2.24500000 -5.08056400
2.24600000 -5.07517960
2.24700000 -5.06730460
2.24800000 -5.06170940
2.24900000 -5.05497030
2.25000000 -5.04847000
2.25100000 -5.04138420
2.25200000 -5.03518150
2.25300000 -5.02867790
2.25400000 -5.02243520
2.25500000 -5.01704450
2.25600000 -5.01106070
2.25700000 -5.00543830
2.25800000 -5.00090070
2.25900000 -4.99601650
2.26000000 -4.99203400
2.26100000 -4.98711250
2.26200000 -4.98427010
2.26300000 -4.98136140
2.26400000 -4.97909360
2.26500000 -4.97749190
2.26600000 -4.97578290
2.26700000 -4.97579380
2.26800000 -4.97656300
2.26900000 -4.97668080
2.27000000 -4.97815470
2.27100000 -4.98095180
2.27200000 -4.98404500
2.27300000 -4.98815110
2.27400000 -4.99371580
2.27500000 -4.99798730
2.27600000 -5.00411130
2.27700000 -5.01082750
2.27800000 -5.01791380
2.27900000 -5.02567240
2.28000000 -5.03387550
2.28100000 -5.04247950
2.28200000 -5.05060960
2.28300000 -5.05983590
2.28400000 -5.06979660
2.28500000 -5.07996180
2.28600000 -5.09009460
2.28700000 -5.09996600
2.28800000 -5.11007830
2.28900000 -5.12032270
2.29000000 -5.13040400
2.29100000 -5.14113000
2.29200000 -5.15078640
2.29300000 -5.16003510
2.29400000 -5.16897300
2.29500000 -5.17735580
2.29600000 -5.18531800
2.29700000 -5.19241430
2.29800000 -5.19947480
2.29900000 -5.20539760
2.30000000 -5.21102480
2.30100000 -5.21563480
2.30200000 -5.22074790
2.30300000 -5.22507520
2.30400000 -5.22726200
2.30500000 -5.22910120
2.30600000 -5.23065230
2.30700000 -5.23127370
2.30800000 -5.23096080
2.30900000 -5.23009730
2.31000000 -5.22787090
2.31100000 -5.22582720
2.31200000 -5.22255370
2.31300000 -5.21852640
2.31400000 -5.21459200
2.31500000 -5.21005730
2.31600000 -5.20374060
2.31700000 -5.19843050
2.31800000 -5.19154020
2.31900000 -5.18495800
2.32000000 -5.17869140
2.32100000 -5.17157890
2.32200000 -5.16413590
2.32300000 -5.15741920
2.32400000 -5.15104680
2.32500000 -5.14328770
2.32600000 -5.13653710
2.32700000 -5.12940880
2.32800000 -5.12318420
2.32900000 -5.11752840
2.33000000 -5.11107830
2.33100000 -5.10596900
2.33200000 -5.10152580
2.33300000 -5.09655140
2.33400000 -5.09235430
2.33500000 -5.08975030
2.33600000 -5.08642670
2.33700000 -5.08383130
2.33800000 -5.08282850
2.33900000 -5.08179660
2.34000000 -5.08136750
2.34100000 -5.08183050
2.34200000 -5.08243270
2.34300000 -5.08433490
2.34400000 -5.08703710
2.34500000 -5.08999540
2.34600000 -5.09387680
2.34700000 -5.09888650
2.34800000 -5.10328770
2.34900000 -5.10903120
2.35000000 -5.11557150
2.35100000 -5.12201600
2.35200000 -5.13009360
2.35300000 -5.13860080
2.35400000 -5.14770460
2.35500000 -5.15652850
2.35600000 -5.16582580
2.35700000 -5.17633870
2.35800000 -5.18744520
2.35900000 -5.19846530
2.36000000 -5.20945640
2.36100000 -5.22162390
2.36200000 -5.23263070
2.36300000 -5.24324420
2.36400000 -5.25568770
2.36500000 -5.26654620
2.36600000 -5.27812580
2.36700000 -5.28942010
2.36800000 -5.30023860
2.36900000 -5.31103800
2.37000000 -5.32123040
2.37100000 -5.33123640
2.37200000 -5.34036160
2.37300000 -5.34951350
2.37400000 -5.35815480
2.37500000 -5.36632390
2.37600000 -5.37361810
2.37700000 -5.37994340
2.37800000 -5.38532970
2.37900000 -5.39121870
2.38000000 -5.39499330
2.38100000 -5.39881130
2.38200000 -5.40222360
2.38300000 -5.40365740
2.38400000 -5.40541930
2.38500000 -5.40644930
2.38600000 -5.40675880
2.38700000 -5.40704770
2.38800000 -5.40625140
2.38900000 -5.40488150
2.39000000 -5.40348530
2.39100000 -5.40113540
2.39200000 -5.39696410
2.39300000 -5.39442630
2.39400000 -5.38996270
2.39500000 -5.38750700
2.39600000 -5.38351580
2.39700000 -5.37931820
2.39800000 -5.37551500
2.39900000 -5.37130020
2.40000000 -5.36853980
2.40100000 -5.36428590
2.40200000 -5.36102490
2.40300000 -5.35844520
2.40400000 -5.35622260
2.40500000 -5.35258150
2.40600000 -5.35066510
2.40700000 -5.34941390
2.40800000 -5.34805490
2.40900000 -5.34695630
2.41000000 -5.34577230
2.41100000 -5.34532400
2.41200000 -5.34581570
2.41300000 -5.34594010
2.41400000 -5.34682230
2.41500000 -5.34878110
2.41600000 -5.34998130
2.41700000 -5.35245700
2.41800000 -5.35452600
2.41900000 -5.35748670
2.42000000 -5.36030670
2.42100000 -5.36320690
2.42200000 -5.36739540
2.42300000 -5.36992120
2.42400000 -5.37362620
2.42500000 -5.37760160
2.42600000 -5.38126950
2.42700000 -5.38603730
2.42800000 -5.39135270
2.42900000 -5.39507440
2.43000000 -5.40105530
2.43100000 -5.40587760
2.43200000 -5.41175940
2.43300000 -5.41761160
2.43400000 -5.42346720
2.43500000 -5.42806390
2.43600000 -5.43520360
2.43700000 -5.44164370
2.43800000 -5.44760990
2.43900000 -5.45360950
2.44000000 -5.46062090
2.44100000 -5.46750500
2.44200000 -5.47385690
2.44300000 -5.48122880
2.44400000 -5.48863460
2.44500000 -5.49575380
2.44600000 -5.50224730
2.44700000 -5.50972650
2.44800000 -5.51713130
2.44900000 -5.52521320
2.45000000 -5.53262280
2.45100000 -5.53897380
2.45200000 -5.54626510
2.45300000 -5.55342670
2.45400000 -5.56050490
2.45500000 -5.56800170
2.45600000 -5.57564310
2.45700000 -5.58247710
2.45800000 -5.58956000
2.45900000 -5.59733530
2.46000000 -5.60437390
2.46100000 -5.61158850
2.46200000 -5.61969090
2.46300000 -5.62662320
2.46400000 -5.63474080
2.46500000 -5.64151720
2.46600000 -5.64901260
2.46700000 -5.65586280
2.46800000 -5.66345600
2.46900000 -5.67089370
2.47000000 -5.67699530
2.47100000 -5.68413070
2.47200000 -5.68995330
2.47300000 -5.69665190
2.47400000 -5.70187090
2.47500000 -5.70772360
2.47600000 -5.71227220
2.47700000 -5.71709010
2.47800000 -5.72143080
2.47900000 -5.72562120
2.48000000 -5.72860910
2.48100000 -5.73176720
2.48200000 -5.73325110
2.48300000 -5.73407700
2.48400000 -5.73551560
2.48500000 -5.73562720
2.48600000 -5.73487760
2.48700000 -5.73437360
2.48800000 -5.73283430
2.48900000 -5.73177240
2.49000000 -5.72799490
2.49100000 -5.72564840
2.49200000 -5.72178790
2.49300000 -5.71751170
2.49400000 -5.71195460
2.49500000 -5.70778080
2.49600000 -5.70115470
2.49700000 -5.69492480
2.49800000 -5.68831300
2.49900000 -5.68259910
2.50000000 -5.67500260
2.50100000 -5.66740990
2.50200000 -5.66030930
2.50300000 -5.65255360
2.50400000 -5.64520880
2.50500000 -5.63731240
2.50600000 -5.63009980
2.50700000 -5.62235880
2.50800000 -5.61484530
2.50900000 -5.60802320
2.51000000 -5.60004330
2.51100000 -5.59338950
2.51200000 -5.58771090
2.51300000 -5.58157350
2.51400000 -5.57628680
2.51500000 -5.57139730
2.51600000 -5.56748390
2.51700000 -5.56375890
2.51800000 -5.56042770
2.51900000 -5.55792190
2.52000000 -5.55544140
2.52100000 -5.55427030
2.52200000 -5.55403950
2.52300000 -5.55394360
2.52400000 -5.55537220
2.52500000 -5.55752560
2.52600000 -5.56003380
2.52700000 -5.56329200
2.52800000 -5.56768130
2.52900000 -5.57301860
2.53000000 -5.57837200
2.53100000 -5.58503480
2.53200000 -5.59346390
2.53300000 -5.60124920
2.53400000 -5.61042690
2.53500000 -5.61991790
2.53600000 -5.63066390
2.53700000 -5.64307830
2.53800000 -5.65546890
2.53900000 -5.66725350
2.54000000 -5.68082570
2.54100000 -5.69564490
2.54200000 -5.71006010
2.54300000 -5.72584100
2.54400000 -5.74086050
2.54500000 -5.75737860
2.54600000 -5.77313180
2.54700000 -5.78943160
2.54800000 -5.80590680
2.54900000 -5.82239290
2.55000000 -5.83816100
2.55100000 -5.85412650
2.55200000 -5.87091020
2.55300000 -5.88582420
2.55400000 -5.90152790
2.55500000 -5.91551540
2.55600000 -5.92981430
2.55700000 -5.94384480
2.55800000 -5.95708130
2.55900000 -5.96946670
2.56000000 -5.98174000
2.56100000 -5.99251990
2.56200000 -6.00399110
2.56300000 -6.01257560
2.56400000 -6.02183630
2.56500000 -6.03075360
2.56600000 -6.03763200
2.56700000 -6.04388280
2.56800000 -6.05001970
2.56900000 -6.05562110
2.57000000 -6.05876350
2.57100000 -6.06377840
2.57200000 -6.06644490
2.57300000 -6.07027720
2.57400000 -6.07238770
2.57500000 -6.07475810
2.57600000 -6.07535890
2.57700000 -6.07632490
2.57800000 -6.07572320
2.57900000 -6.07579180
2.58000000 -6.07321930
2.58100000 -6.07188080
2.58200000 -6.06909080
2.58300000 -6.06737090
2.58400000 -6.06524470
2.58500000 -6.06226920
2.58600000 -6.05939580
2.58700000 -6.05585430
2.58800000 -6.05288790
2.58900000 -6.04928110
2.59000000 -6.04645540
2.59100000 -6.04395060
2.59200000 -6.04104140
2.59300000 -6.03785180
2.59400000 -6.03530790
2.59500000 -6.03305390
2.59600000 -6.03143640
2.59700000 -6.02967600
2.59800000 -6.02861360
2.59900000 -6.02676390
2.60000000 -6.02644490
2.60100000 -6.02793600
2.60200000 -6.02911950
2.60300000 -6.03154990
2.60400000 -6.03367520
2.60500000 -6.03626630
2.60600000 -6.03939060
2.60700000 -6.04283860
2.60800000 -6.04700090
2.60900000 -6.05161140
2.61000000 -6.05643460
2.61100000 -6.06233410
2.61200000 -6.06787680
2.61300000 -6.07231660
2.61400000 -6.07986590
2.61500000 -6.08523130
2.61600000 -6.09225270
2.61700000 -6.09974380
2.61800000 -6.10537620
2.61900000 -6.11286210
2.62000000 -6.11987160
2.62100000 -6.12671800
2.62200000 -6.13414380
2.62300000 -6.14093490
2.62400000 -6.14801450
2.62500000 -6.15462970
2.62600000 -6.16116190
2.62700000 -6.16719580
2.62800000 -6.17316720
2.62900000 -6.17921830
2.63000000 -6.18516250
2.63100000 -6.19016700
2.63200000 -6.19601680
2.63300000 -6.20087240
2.63400000 -6.20466610
2.63500000 -6.20873790
2.63600000 -6.21347570
2.63700000 -6.21723890
2.63800000 -6.22026780
2.63900000 -6.22313740
2.64000000 -6.22499180
2.64100000 -6.22778080
2.64200000 -6.22955890
2.64300000 -6.23087840
2.64400000 -6.23245240
2.64500000 -6.23228170
2.64600000 -6.23348050
2.64700000 -6.23430400
2.64800000 -6.23511510
2.64900000 -6.23465060
2.65000000 -6.23485990
2.65100000 -6.23431970
2.65200000 -6.23483560
2.65300000 -6.23495770
2.65400000 -6.23379370
2.65500000 -6.23434830
2.65600000 -6.23351860
2.65700000 -6.23353200
2.65800000 -6.23405690
2.65900000 -6.23375320
2.66000000 -6.23416140
2.66100000 -6.23311140
2.66200000 -6.23309950
2.66300000 -6.23272940
2.66400000 -6.23367260
2.66500000 -6.23293300
2.66600000 -6.23371790
2.66700000 -6.23440980
2.66800000 -6.23476740
2.66900000 -6.23578120
2.67000000 -6.23684640
2.67100000 -6.23722550
2.67200000 -6.23789930
2.67300000 -6.23957540
2.67400000 -6.24096010
2.67500000 -6.24195480
2.67600000 -6.24281640
2.67700000 -6.24469420
2.67800000 -6.24622630
2.67900000 -6.24775510
2.68000000 -6.25020840
2.68100000 -6.25089360
2.68200000 -6.25296740
2.68300000 -6.25458050
2.68400000 -6.25714060
2.68500000 -6.25908950
2.68600000 -6.26072740
2.68700000 -6.26269390
2.68800000 -6.26425170
2.68900000 -6.26730780
2.69000000 -6.26953220
2.69100000 -6.27002910
2.69200000 -6.27152490
2.69300000 -6.27280040
2.69400000 -6.27424050
2.69500000 -6.27536680
2.69600000 -6.27684160
2.69700000 -6.27828790
2.69800000 -6.28079180
2.69900000 -6.28253360
2.70000000 -6.28470470
2.70100000 -6.28739790
2.70200000 -6.28980210
2.70300000 -6.29322770
2.70400000 -6.29573350
2.70500000 -6.29959580
2.70600000 -6.30453920
2.70700000 -6.30717850
2.70800000 -6.31194160
2.70900000 -6.31774230
2.71000000 -6.32164100
2.71100000 -6.32724190
2.71200000 -6.33353710
2.71300000 -6.34025670
2.71400000 -6.34667210
2.71500000 -6.35434960
2.71600000 -6.36201760
2.71700000 -6.36983780
2.71800000 -6.37832210
2.71900000 -6.38653990
2.72000000 -6.39590170
2.72100000 -6.40457820
2.72200000 -6.41304450
2.72300000 -6.42154360
2.72400000 -6.43082710
2.72500000 -6.44056220
2.72600000 -6.45001550
2.72700000 -6.45914030
2.72800000 -6.46976330
2.72900000 -6.47907690
2.73000000 -6.48920920
2.73100000 -6.49934340
2.73200000 -6.50952240
2.73300000 -6.51934390
2.73400000 -6.52879710
2.73500000 -6.53832100
2.73600000 -6.54822870
2.73700000 -6.55779460
2.73800000 -6.56717440
2.73900000 -6.57637740
2.74000000 -6.58445260
2.74100000 -6.59308720
2.74200000 -6.60099120
2.74300000 -6.60864830
2.74400000 -6.61643980
2.74500000 -6.62417790
2.74600000 -6.63135580
2.74700000 -6.63827470
2.74800000 -6.64402010
2.74900000 -6.65035300
2.75000000 -6.65595340
2.75100000 -6.65998600
2.75200000 -6.66354560
2.75300000 -6.66746000
2.75400000 -6.67011690
2.75500000 -6.67264510
2.75600000 -6.67663960
2.75700000 -6.67839620
2.75800000 -6.68093490
2.75900000 -6.68316940
2.76000000 -6.68495420
2.76100000 -6.68698980
2.76200000 -6.68894050
2.76300000 -6.69047020
2.76400000 -6.69129370
2.76500000 -6.69406840
2.76600000 -6.69571350
2.76700000 -6.69644930
2.76800000 -6.69825170
2.76900000 -6.69958540
2.77000000 -6.70183850
2.77100000 -6.70402770
2.77200000 -6.70657590
2.77300000 -6.70829580
2.77400000 -6.71081540
2.77500000 -6.71343710
2.77600000 -6.71614460
2.77700000 -6.71972320
2.77800000 -6.72284360
2.77900000 -6.72657540
2.78000000 -6.73036340
2.78100000 -6.73401980
2.78200000 -6.73792550
2.78300000 -6.74212410
2.78400000 -6.74615480
2.78500000 -6.75068330
2.78600000 -6.75632380
2.78700000 -6.76115270
2.78800000 -6.76674600
2.78900000 -6.77208420
2.79000000 -6.77837660
2.79100000 -6.78618480
2.79200000 -6.79332450
2.79300000 -6.79891630
2.79400000 -6.80702920
2.79500000 -6.81438680
2.79600000 -6.82206340
2.79700000 -6.82883170
2.79800000 -6.83628650
2.79900000 -6.84389690
2.80000000 -6.85147240
2.80100000 -6.85878750
2.80200000 -6.86617950
2.80300000 -6.87248040
2.80400000 -6.87944600
2.80500000 -6.88666250
2.80600000 -6.89291860
2.80700000 -6.89852430
2.80800000 -6.90356780
2.80900000 -6.90914820
2.81000000 -6.91360660
2.81100000 -6.91734500
2.81200000 -6.91939540
2.81300000 -6.92219920
2.81400000 -6.92341900
2.81500000 -6.92517570
2.81600000 -6.92508080
2.81700000 -6.92483430
2.81800000 -6.92366310
2.81900000 -6.92229840
2.82000000 -6.92078920
2.82100000 -6.91708470
2.82200000 -6.91365530
2.82300000 -6.90969900
2.82400000 -6.90477710
2.82500000 -6.89976840
2.82600000 -6.89362960
2.82700000 -6.88739250
2.82800000 -6.88011980
2.82900000 -6.87330870
2.83000000 -6.86599920
2.83100000 -6.85836360
2.83200000 -6.85067030
2.83300000 -6.84338860
2.83400000 -6.83529090
2.83500000 -6.82728910
2.83600000 -6.82018420
2.83700000 -6.81273320
2.83800000 -6.80682990
2.83900000 -6.79967830
2.84000000 -6.79363780
2.84100000 -6.78788710
2.84200000 -6.78366610
2.84300000 -6.77935700
2.84400000 -6.77718640
2.84500000 -6.77461810
2.84600000 -6.77339840
2.84700000 -6.77350850
2.84800000 -6.77392820
2.84900000 -6.77620790
2.85000000 -6.77916100
2.85100000 -6.78332090
2.85200000 -6.78907730
2.85300000 -6.79465440
2.85400000 -6.80192180
2.85500000 -6.81055260
2.85600000 -6.81960200
2.85700000 -6.83083300
2.85800000 -6.84177160
2.85900000 -6.85497860
2.86000000 -6.86812730
2.86100000 -6.88210870
2.86200000 -6.89713810
2.86300000 -6.91316750
2.86400000 -6.92926070
2.86500000 -6.94599290
2.86600000 -6.96351430
2.86700000 -6.98066090
2.86800000 -6.99869540
2.86900000 -7.01623920
2.87000000 -7.03362420
2.87100000 -7.05204730
2.87200000 -7.07034210
2.87300000 -7.08830020
2.87400000 -7.10574100
2.87500000 -7.12321230
2.87600000 -7.14020110
2.87700000 -7.15625670
2.87800000 -7.17159030
2.87900000 -7.18598370
2.88000000 -7.20025590
2.88100000 -7.21277000
2.88200000 -7.22481870
2.88300000 -7.23553560
2.88400000 -7.24528170
2.88500000 -7.25341080
2.88600000 -7.26156380
2.88700000 -7.26868920
2.88800000 -7.27348280
2.88900000 -7.27763030
2.89000000 -7.28077840
2.89100000 -7.28410290
2.89200000 -7.28413580
2.89300000 -7.28443570
2.89400000 -7.28334860
2.89500000 -7.28116420
2.89600000 -7.27859120
2.89700000 -7.27431200
2.89800000 -7.26981260
2.89900000 -7.26324420
2.90000000 -7.25695470
2.90100000 -7.25116160
2.90200000 -7.24463700
2.90300000 -7.23653170
2.90400000 -7.22934200
2.90500000 -7.22143030
2.90600000 -7.21215060
2.90700000 -7.20275740
2.90800000 -7.19386200
2.90900000 -7.18407150
2.91000000 -7.17453100
2.91100000 -7.16446300
2.91200000 -7.15514140
2.91300000 -7.14588210
2.91400000 -7.13670830
2.91500000 -7.12860920
2.91600000 -7.11971620
2.91700000 -7.11216120
2.91800000 -7.10542630
2.91900000 -7.09790040
2.92000000 -7.09232570
2.92100000 -7.08706470
2.92200000 -7.08201600
2.92300000 -7.07902720
2.92400000 -7.07615040
2.92500000 -7.07448290
2.92600000 -7.07331320
2.92700000 -7.07357980
2.92800000 -7.07461640
2.92900000 -7.07718130
2.93000000 -7.07954030
2.93100000 -7.08540730
2.93200000 -7.09235100
2.93300000 -7.09999940
2.93400000 -7.10783670
2.93500000 -7.11721940
2.93600000 -7.12742420
2.93700000 -7.13771920
2.93800000 -7.14933440
2.93900000 -7.16092590
2.94000000 -7.17394830
2.94100000 -7.18601800
2.94200000 -7.20036270
2.94300000 -7.21438880
2.94400000 -7.22825430
2.94500000 -7.24208350
2.94600000 -7.25710490
2.94700000 -7.27143860
2.94800000 -7.28510670
2.94900000 -7.30048560
2.95000000 -7.31479980
2.95100000 -7.32927800
2.95200000 -7.34259180
2.95300000 -7.35685250
2.95400000 -7.37003040
2.95500000 -7.38305810
2.95600000 -7.39426850
2.95700000 -7.40628770
2.95800000 -7.41749050
2.95900000 -7.42854600
2.96000000 -7.43919660
2.96100000 -7.44923730
2.96200000 -7.45862530
2.96300000 -7.46771290
2.96400000 -7.47553490
2.96500000 -7.48265890
2.96600000 -7.48909760
2.96700000 -7.49569130
2.96800000 -7.50099750
2.96900000 -7.50655030
2.97000000 -7.51103730
2.97100000 -7.51503130
2.97200000 -7.51788900
2.97300000 -7.52099800
2.97400000 -7.52398970
2.97500000 -7.52646730
2.97600000 -7.52778530
2.97700000 -7.52922680
2.97800000 -7.52992920
2.97900000 -7.53095720
2.98000000 -7.53153230
2.98100000 -7.53371720
2.98200000 -7.53374290
2.98300000 -7.53437330
2.98400000 -7.53469040
2.98500000 -7.53559060
2.98600000 -7.53679510
2.98700000 -7.53782180
2.98800000 -7.53873250
2.98900000 -7.54122640
2.99000000 -7.54297880
2.99100000 -7.54524710
2.99200000 -7.54630990
2.99300000 -7.54987240
2.99400000 -7.55242350
2.99500000 -7.55679370
2.99600000 -7.56009670
2.99700000 -7.56450410
2.99800000 -7.56963350
2.99900000 -7.57550620
3.00000000 -7.58102230
3.00100000 -7.58750680
3.00200000 -7.59422870
3.00300000 -7.60173940
3.00400000 -7.60891010
3.00500000 -7.61620570
3.00600000 -7.62484500
3.00700000 -7.63244680
3.00800000 -7.64103320
3.00900000 -7.64981460
3.01000000 -7.65822890
3.01100000 -7.66722390
3.01200000 -7.67626710
3.01300000 -7.68437290
3.01400000 -7.69322250
3.01500000 -7.70133300
3.01600000 -7.70888810
3.01700000 -7.71614270
3.01800000 -7.72335960
3.01900000 -7.72951080
3.02000000 -7.73640730
3.02100000 -7.74071740
3.02200000 -7.74349550
3.02300000 -7.74653340
3.02400000 -7.74865290
3.02500000 -7.75078300
3.02600000 -7.75168180
3.02700000 -7.75150200
3.02800000 -7.75037480
3.02900000 -7.75037050
3.03000000 -7.74774500
3.03100000 -7.74518590
3.03200000 -7.74163870
3.03300000 -7.73815970
3.03400000 -7.73395970
3.03500000 -7.72815560
3.03600000 -7.72300910
3.03700000 -7.71693040
3.03800000 -7.71070720
3.03900000 -7.70369530
3.04000000 -7.69690700
3.04100000 -7.68949790
3.04200000 -7.68241070
3.04300000 -7.67396740
3.04400000 -7.66705890
3.04500000 -7.66051200
3.04600000 -7.65263220
3.04700000 -7.64621020
3.04800000 -7.63912820
3.04900000 -7.63316580
3.05000000 -7.62758020
3.05100000 -7.62038470
3.05200000 -7.61467030
3.05300000 -7.60977220
3.05400000 -7.60392670
3.05500000 -7.60011480
3.05600000 -7.59655620
3.05700000 -7.59512040
3.05800000 -7.59317780
3.05900000 -7.59208200
3.06000000 -7.59272290
3.06100000 -7.59421920
3.06200000 -7.59586240
3.06300000 -7.59818890
3.06400000 -7.60270640
3.06500000 -7.60640810
3.06600000 -7.61254550
3.06700000 -7.61857600
3.06800000 -7.62503580
3.06900000 -7.63267420
3.07000000 -7.64228060
3.07100000 -7.65104010
3.07200000 -7.66068700
3.07300000 -7.67022320
3.07400000 -7.68091300
3.07500000 -7.69204090
3.07600000 -7.70369720
3.07700000 -7.71474930
3.07800000 -7.72743460
3.07900000 -7.73888110
3.08000000 -7.75119400
3.08100000 -7.76257850
3.08200000 -7.77400490
3.08300000 -7.78400800
3.08400000 -7.79554840
3.08500000 -7.80604700
3.08600000 -7.81728740
3.08700000 -7.82817750
3.08800000 -7.83909030
3.08900000 -7.84869530
3.09000000 -7.85890050
3.09100000 -7.86858460
3.09200000 -7.87854960
3.09300000 -7.88760900
3.09400000 -7.89689590
3.09500000 -7.90595820
3.09600000 -7.91459370
3.09700000 -7.92261790
3.09800000 -7.93016240
3.09900000 -7.93748140
3.10000000 -7.94508220
3.10100000 -7.95172450
3.10200000 -7.95925660
3.10300000 -7.96563010
3.10400000 -7.97209930
3.10500000 -7.97808980
3.10600000 -7.98418810
3.10700000 -7.98992590
3.10800000 -7.99601650
3.10900000 -8.00205330
3.11000000 -8.00630380
3.11100000 -8.01122280
3.11200000 -8.01439290
3.11300000 -8.01807020
3.11400000 -8.02191160
3.11500000 -8.02575300
3.11600000 -8.02937600
3.11700000 -8.03214450
3.11800000 -8.03629590
3.11900000 -8.04092030
3.12000000 -8.04410740
3.12100000 -8.04838370
3.12200000 -8.05213740
3.12300000 -8.05618760
3.12400000 -8.06057170
3.12500000 -8.06447980
3.12600000 -8.06934450
3.12700000 -8.07279210
3.12800000 -8.07757000
3.12900000 -8.08191300
3.13000000 -8.08634190
3.13100000 -8.09066390
3.13200000 -8.09531400
3.13300000 -8.09933850
3.13400000 -8.10423760
3.13500000 -8.10866360
3.13600000 -8.11310290
3.13700000 -8.11743740
3.13800000 -8.12125970
3.13900000 -8.12568380
3.14000000 -8.12969400
3.14100000 -8.13248540
3.14200000 -8.13614460
3.14300000 -8.13851360
3.14400000 -8.14066220
3.14500000 -8.14406590
3.14600000 -8.14624600
3.14700000 -8.14819430
3.14800000 -8.14959240
3.14900000 -8.15112020
3.15000000 -8.15196420
3.15100000 -8.15301510
3.15200000 -8.15351200
3.15300000 -8.15351100
3.15400000 -8.15308860
3.15500000 -8.15275100
3.15600000 -8.15129180
3.15700000 -8.15004920
3.15800000 -8.14860630
3.15900000 -8.14638610
3.16000000 -8.14440730
3.16100000 -8.14110370
3.16200000 -8.13852880
3.16300000 -8.13557240
3.16400000 -8.13236140
3.16500000 -8.12842750
3.16600000 -8.12486080
3.16700000 -8.11986350
3.16800000 -8.11612130
3.16900000 -8.11172390
3.17000000 -8.10837080
3.17100000 -8.10315230
3.17200000 -8.09905430
3.17300000 -8.09425260
3.17400000 -8.09010410
3.17500000 -8.08574680
3.17600000 -8.08274560
3.17700000 -8.07792950
3.17800000 -8.07537460
3.17900000 -8.07195850
3.18000000 -8.07102110
3.18100000 -8.06822780
3.18200000 -8.06730460
3.18300000 -8.06636520
3.18400000 -8.06707100
3.18500000 -8.06839560
3.18600000 -8.07046600
3.18700000 -8.07260990
3.18800000 -8.07663820
3.18900000 -8.08158680
3.19000000 -8.08709620
3.19100000 -8.09292220
3.19200000 -8.10015200
3.19300000 -8.10896110
3.19400000 -8.11981580
3.19500000 -8.13045120
3.19600000 -8.14168830
3.19700000 -8.15483280
3.19800000 -8.16896820
3.19900000 -8.18447020
3.20000000 -8.20053390
