Frequency(GHz) s31_v2
1.20000000 -6.59355550
1.20100000 -6.58749440
1.20200000 -6.58270260
1.20300000 -6.57785180
1.20400000 -6.57243490
1.20500000 -6.56873180
1.20600000 -6.56280900
1.20700000 -6.55908630
1.20800000 -6.55411620
1.20900000 -6.54799750
1.21000000 -6.54334020
1.21100000 -6.53654240
1.21200000 -6.53156090
1.21300000 -6.52862360
1.21400000 -6.52269080
1.21500000 -6.51698110
1.21600000 -6.51260470
1.21700000 -6.50605440
1.21800000 -6.50141670
1.21900000 -6.49573090
1.22000000 -6.49224230
1.22100000 -6.48585700
1.22200000 -6.48018260
1.22300000 -6.47561170
1.22400000 -6.47001360
1.22500000 -6.46581080
1.22600000 -6.46019940
1.22700000 -6.45523360
1.22800000 -6.45021770
1.22900000 -6.44374700
1.23000000 -6.43929620
1.23100000 -6.43343970
1.23200000 -6.42764950
1.23300000 -6.42389200
1.23400000 -6.41674570
1.23500000 -6.41407540
1.23600000 -6.40686460
1.23700000 -6.40232040
1.23800000 -6.39662690
1.23900000 -6.39108470
1.24000000 -6.38355260
1.24100000 -6.37943980
1.24200000 -6.37287280
1.24300000 -6.36789130
1.24400000 -6.36377620
1.24500000 -6.35847950
1.24600000 -6.35272260
1.24700000 -6.34722280
1.24800000 -6.34302470
1.24900000 -6.33668140
1.25000000 -6.32969900
1.25100000 -6.32579990
1.25200000 -6.32057000
1.25300000 -6.31349180
1.25400000 -6.30930090
1.25500000 -6.30234960
1.25600000 -6.29720310
1.25700000 -6.29198690
1.25800000 -6.28725530
1.25900000 -6.27976230
1.26000000 -6.27614260
1.26100000 -6.26971580
1.26200000 -6.26421400
1.26300000 -6.25948050
1.26400000 -6.25378890
1.26500000 -6.24740600
1.26600000 -6.24366760
1.26700000 -6.23537250
1.26800000 -6.23032670
1.26900000 -6.22593360
1.27000000 -6.21966840
1.27100000 -6.21557090
1.27200000 -6.20824720
1.27300000 -6.20326140
1.27400000 -6.19703580
1.27500000 -6.19380190
1.27600000 -6.18683820
1.27700000 -6.18074270
1.27800000 -6.17643980
1.27900000 -6.16861530
1.28000000 -6.16258570
1.28100000 -6.15805290
1.28200000 -6.15231990
1.28300000 -6.14614680
1.28400000 -6.14065740
1.28500000 -6.13574840
1.28600000 -6.12800360
1.28700000 -6.12261530
1.28800000 -6.11714600
1.28900000 -6.11323120
1.29000000 -6.10579870
1.29100000 -6.10030080
1.29200000 -6.09407850
1.29300000 -6.08856010
1.29400000 -6.08319230
1.29500000 -6.07748080
1.29600000 -6.07164760
1.29700000 -6.06641480
1.29800000 -6.05955460
1.29900000 -6.05570750
1.30000000 -6.04739480
1.30100000 -6.04166130
1.30200000 -6.03795620
1.30300000 -6.03345870
1.30400000 -6.02669570
1.30500000 -6.02044770
1.30600000 -6.01462940
1.30700000 -6.00844860
1.30800000 -6.00279280
1.30900000 -5.99831770
1.31000000 -5.99277780
1.31100000 -5.98613830
1.31200000 -5.97992850
1.31300000 -5.97486640
1.31400000 -5.96916480
1.31500000 -5.96258780
1.31600000 -5.95722390
1.31700000 -5.95044990
1.31800000 -5.94633200
1.31900000 -5.94078540
1.32000000 -5.93383790
1.32100000 -5.92783980
1.32200000 -5.92179680
1.32300000 -5.91748330
1.32400000 -5.91113850
1.32500000 -5.90507700
1.32600000 -5.89908500
1.32700000 -5.89392040
1.32800000 -5.88758090
1.32900000 -5.88077120
1.33000000 -5.87650440
1.33100000 -5.87013960
1.33200000 -5.86410900
1.33300000 -5.86041070
1.33400000 -5.85362960
1.33500000 -5.84653620
1.33600000 -5.84214590
1.33700000 -5.83586260
1.33800000 -5.83028980
1.33900000 -5.82433180
1.34000000 -5.81739760
1.34100000 -5.81321480
1.34200000 -5.80550910
1.34300000 -5.80027910
1.34400000 -5.79546120
1.34500000 -5.78944490
1.34600000 -5.78237490
1.34700000 -5.77910180
1.34800000 -5.77288340
1.34900000 -5.76727010
1.35000000 -5.76048800
1.35100000 -5.75558520
1.35200000 -5.74896240
1.35300000 -5.74318700
1.35400000 -5.73860070
1.35500000 -5.73248620
1.35600000 -5.72464700
1.35700000 -5.71907950
1.35800000 -5.71383190
1.35900000 -5.70787620
1.36000000 -5.70007230
1.36100000 -5.69723800
1.36200000 -5.69029140
1.36300000 -5.68566660
1.36400000 -5.67921260
1.36500000 -5.67457580
1.36600000 -5.66960670
1.36700000 -5.66177180
1.36800000 -5.65872380
1.36900000 -5.65065240
1.37000000 -5.64422750
1.37100000 -5.63987060
1.37200000 -5.63341860
1.37300000 -5.62686160
1.37400000 -5.62221240
1.37500000 -5.61747600
1.37600000 -5.61039500
1.37700000 -5.60586070
1.37800000 -5.59897900
1.37900000 -5.59335280
1.38000000 -5.58789400
1.38100000 -5.58317420
1.38200000 -5.57754090
1.38300000 -5.57264040
1.38400000 -5.56484130
1.38500000 -5.55990890
1.38600000 -5.55364180
1.38700000 -5.55080800
1.38800000 -5.54328920
1.38900000 -5.53714180
1.39000000 -5.53269620
1.39100000 -5.52687980
1.39200000 -5.52110000
1.39300000 -5.51436140
1.39400000 -5.51047800
1.39500000 -5.50454810
1.39600000 -5.49816420
1.39700000 -5.49280980
1.39800000 -5.48681930
1.39900000 -5.48241850
1.40000000 -5.47616860
1.40100000 -5.47037460
1.40200000 -5.46406360
1.40300000 -5.45870300
1.40400000 -5.45261190
1.40500000 -5.44907570
1.40600000 -5.44116740
1.40700000 -5.43693880
1.40800000 -5.43225960
1.40900000 -5.42682550
1.41000000 -5.41981120
1.41100000 -5.41475060
1.41200000 -5.40703150
1.41300000 -5.40474410
1.41400000 -5.39843180
1.41500000 -5.39318850
1.41600000 -5.38710500
1.41700000 -5.38178440
1.41800000 -5.37678050
1.41900000 -5.37062640
1.42000000 -5.36681180
1.42100000 -5.36032440
1.42200000 -5.35362340
1.42300000 -5.34836820
1.42400000 -5.34370850
1.42500000 -5.33757310
1.42600000 -5.33236740
1.42700000 -5.32689290
1.42800000 -5.32061100
1.42900000 -5.31541630
1.43000000 -5.31009010
1.43100000 -5.30460790
1.43200000 -5.29858590
1.43300000 -5.29231550
1.43400000 -5.28700690
1.43500000 -5.28199290
1.43600000 -5.27754500
1.43700000 -5.26993660
1.43800000 -5.26638750
1.43900000 -5.25988200
1.44000000 -5.25488620
1.44100000 -5.24934050
1.44200000 -5.24341680
1.44300000 -5.23968410
1.44400000 -5.23249050
1.44500000 -5.22747370
1.44600000 -5.22188040
1.44700000 -5.21680740
1.44800000 -5.21146970
1.44900000 -5.20626970
1.45000000 -5.20165730
1.45100000 -5.19608070
1.45200000 -5.19025040
1.45300000 -5.18601130
1.45400000 -5.18020390
1.45500000 -5.17451100
1.45600000 -5.16918130
1.45700000 -5.16386220
1.45800000 -5.15954690
1.45900000 -5.15302520
1.46000000 -5.14825870
1.46100000 -5.14299580
1.46200000 -5.13740780
1.46300000 -5.13149170
1.46400000 -5.12513350
1.46500000 -5.12087490
1.46600000 -5.11630110
1.46700000 -5.11085460
1.46800000 -5.10628410
1.46900000 -5.10062650
1.47000000 -5.09522060
1.47100000 -5.08888960
1.47200000 -5.08636900
1.47300000 -5.08027320
1.47400000 -5.07466600
1.47500000 -5.06996200
1.47600000 -5.06536100
1.47700000 -5.06183860
1.47800000 -5.05435230
1.47900000 -5.05077270
1.48000000 -5.04413940
1.48100000 -5.03846260
1.48200000 -5.03460930
1.48300000 -5.02977040
1.48400000 -5.02531770
1.48500000 -5.02010820
1.48600000 -5.01584050
1.48700000 -5.01063540
1.48800000 -5.00351950
1.48900000 -4.99976210
1.49000000 -4.99467950
1.49100000 -4.99021770
1.49200000 -4.98439880
1.49300000 -4.98039440
1.49400000 -4.97546820
1.49500000 -4.97228100
1.49600000 -4.96626330
1.49700000 -4.96198230
1.49800000 -4.95736070
1.49900000 -4.95202880
1.50000000 -4.94759990
1.50100000 -4.94071910
1.50200000 -4.93706510
1.50300000 -4.93016910
1.50400000 -4.92681980
1.50500000 -4.92173340
1.50600000 -4.91676380
1.50700000 -4.91268400
1.50800000 -4.90622850
1.50900000 -4.90320780
1.51000000 -4.89955330
1.51100000 -4.89282750
1.51200000 -4.88993500
1.51300000 -4.88563300
1.51400000 -4.88116220
1.51500000 -4.87513110
1.51600000 -4.87179660
1.51700000 -4.86679790
1.51800000 -4.86079790
1.51900000 -4.85692360
1.52000000 -4.85356760
1.52100000 -4.84886550
1.52200000 -4.84320120
1.52300000 -4.84063340
1.52400000 -4.83480600
1.52500000 -4.83061650
1.52600000 -4.82582430
1.52700000 -4.82189460
1.52800000 -4.81769610
1.52900000 -4.81280760
1.53000000 -4.80776260
1.53100000 -4.80409340
1.53200000 -4.79965350
1.53300000 -4.79453900
1.53400000 -4.78921600
1.53500000 -4.78554010
1.53600000 -4.78201010
1.53700000 -4.77741960
1.53800000 -4.77250050
1.53900000 -4.76788230
1.54000000 -4.76501990
1.54100000 -4.75906660
1.54200000 -4.75511690
1.54300000 -4.75086590
1.54400000 -4.74750090
1.54500000 -4.74352980
1.54600000 -4.73900600
1.54700000 -4.73535920
1.54800000 -4.73005630
1.54900000 -4.72654290
1.55000000 -4.72233490
1.55100000 -4.71740390
1.55200000 -4.71398970
1.55300000 -4.70975540
1.55400000 -4.70618960
1.55500000 -4.70218420
1.55600000 -4.69790030
1.55700000 -4.69435210
1.55800000 -4.69042830
1.55900000 -4.68609570
1.56000000 -4.68412110
1.56100000 -4.67929510
1.56200000 -4.67558910
1.56300000 -4.67153690
1.56400000 -4.66752290
1.56500000 -4.66350220
1.56600000 -4.66143890
1.56700000 -4.65700100
1.56800000 -4.65248490
1.56900000 -4.64902260
1.57000000 -4.64585690
1.57100000 -4.64255520
1.57200000 -4.63800140
1.57300000 -4.63396500
1.57400000 -4.63179730
1.57500000 -4.62721630
1.57600000 -4.62371590
1.57700000 -4.61938430
1.57800000 -4.61647840
1.57900000 -4.61224840
1.58000000 -4.60951140
1.58100000 -4.60610870
1.58200000 -4.60317130
1.58300000 -4.59848830
1.58400000 -4.59689950
1.58500000 -4.59199430
1.58600000 -4.58965300
1.58700000 -4.58654310
1.58800000 -4.58290820
1.58900000 -4.57859130
1.59000000 -4.57615330
1.59100000 -4.57258030
1.59200000 -4.56867840
1.59300000 -4.56586170
1.59400000 -4.56248090
1.59500000 -4.56056980
1.59600000 -4.55631350
1.59700000 -4.55389930
1.59800000 -4.54886720
1.59900000 -4.54776860
1.60000000 -4.54319670
1.60100000 -4.53976200
1.60200000 -4.53717330
1.60300000 -4.53506990
1.60400000 -4.53053900
1.60500000 -4.52719830
1.60600000 -4.52452950
1.60700000 -4.52178050
1.60800000 -4.51758770
1.60900000 -4.51494600
1.61000000 -4.51267960
1.61100000 -4.50836750
1.61200000 -4.50648740
1.61300000 -4.50271890
1.61400000 -4.49951410
1.61500000 -4.49646850
1.61600000 -4.49385210
1.61700000 -4.49017520
1.61800000 -4.48711350
1.61900000 -4.48363070
1.62000000 -4.48234610
1.62100000 -4.47865530
1.62200000 -4.47662540
1.62300000 -4.47348120
1.62400000 -4.47115330
1.62500000 -4.46849490
1.62600000 -4.46476320
1.62700000 -4.46149250
1.62800000 -4.45916270
1.62900000 -4.45615630
1.63000000 -4.45480920
1.63100000 -4.45254660
1.63200000 -4.44852450
1.63300000 -4.44629720
1.63400000 -4.44462920
1.63500000 -4.44177200
1.63600000 -4.43852710
1.63700000 -4.43561550
1.63800000 -4.43425800
1.63900000 -4.43121430
1.64000000 -4.42907380
1.64100000 -4.42694230
1.64200000 -4.42399640
1.64300000 -4.42136100
1.64400000 -4.41818190
1.64500000 -4.41647290
1.64600000 -4.41379070
1.64700000 -4.41146230
1.64800000 -4.40993400
1.64900000 -4.40539690
1.65000000 -4.40546610
1.65100000 -4.40179160
1.65200000 -4.40090990
1.65300000 -4.39736800
1.65400000 -4.39613010
1.65500000 -4.39283230
1.65600000 -4.39145230
1.65700000 -4.38980960
1.65800000 -4.38665490
1.65900000 -4.38629060
1.66000000 -4.38216350
1.66100000 -4.38110110
1.66200000 -4.37762310
1.66300000 -4.37598090
1.66400000 -4.37395190
1.66500000 -4.37190530
1.66600000 -4.37098650
1.66700000 -4.36839580
1.66800000 -4.36666870
1.66900000 -4.36537500
1.67000000 -4.36160090
1.67100000 -4.36035970
1.67200000 -4.35877180
1.67300000 -4.35647920
1.67400000 -4.35458950
1.67500000 -4.35359050
1.67600000 -4.35180470
1.67700000 -4.34869190
1.67800000 -4.34740690
1.67900000 -4.34603640
1.68000000 -4.34378720
1.68100000 -4.34145640
1.68200000 -4.33986470
1.68300000 -4.33851290
1.68400000 -4.33557610
1.68500000 -4.33430670
1.68600000 -4.33230640
1.68700000 -4.33034180
1.68800000 -4.32917930
1.68900000 -4.32935190
1.69000000 -4.32614850
1.69100000 -4.32383060
1.69200000 -4.32220270
1.69300000 -4.32092860
1.69400000 -4.31983900
1.69500000 -4.31853290
1.69600000 -4.31647400
1.69700000 -4.31440310
1.69800000 -4.31346650
1.69900000 -4.31160310
1.70000000 -4.31037660
1.70100000 -4.30817130
1.70200000 -4.30651520
1.70300000 -4.30587820
1.70400000 -4.30431460
1.70500000 -4.30248400
1.70600000 -4.30193950
1.70700000 -4.30088190
1.70800000 -4.29976030
1.70900000 -4.29743580
1.71000000 -4.29525710
1.71100000 -4.29421090
1.71200000 -4.29405550
1.71300000 -4.29111580
1.71400000 -4.29117680
1.71500000 -4.29039860
1.71600000 -4.28891090
1.71700000 -4.28687810
1.71800000 -4.28543620
1.71900000 -4.28449390
1.72000000 -4.28410580
1.72100000 -4.28253510
1.72200000 -4.28078600
1.72300000 -4.27965780
1.72400000 -4.27855870
1.72500000 -4.27810720
1.72600000 -4.27745490
1.72700000 -4.27617260
1.72800000 -4.27620840
1.72900000 -4.27371980
1.73000000 -4.27241560
1.73100000 -4.27141480
1.73200000 -4.26948830
1.73300000 -4.26899190
1.73400000 -4.26897950
1.73500000 -4.26650950
1.73600000 -4.26510050
1.73700000 -4.26510570
1.73800000 -4.26499610
1.73900000 -4.26250080
1.74000000 -4.26246260
1.74100000 -4.26141210
1.74200000 -4.25984050
1.74300000 -4.25952860
1.74400000 -4.25811960
1.74500000 -4.25714160
1.74600000 -4.25660320
1.74700000 -4.25627710
1.74800000 -4.25432540
1.74900000 -4.25378470
1.75000000 -4.25409410
1.75100000 -4.25196650
1.75200000 -4.25141810
1.75300000 -4.24985740
1.75400000 -4.24970250
1.75500000 -4.24817940
1.75600000 -4.24783090
1.75700000 -4.24766160
1.75800000 -4.24631790
1.75900000 -4.24562450
1.76000000 -4.24544050
1.76100000 -4.24368670
1.76200000 -4.24282650
1.76300000 -4.24173260
1.76400000 -4.24284460
1.76500000 -4.24101310
1.76600000 -4.24071310
1.76700000 -4.23931690
1.76800000 -4.24011230
1.76900000 -4.23850060
1.77000000 -4.23673530
1.77100000 -4.23730280
1.77200000 -4.23611020
1.77300000 -4.23605820
1.77400000 -4.23460910
1.77500000 -4.23486380
1.77600000 -4.23325630
1.77700000 -4.23386720
1.77800000 -4.23347950
1.77900000 -4.23253250
1.78000000 -4.23107100
1.78100000 -4.23048070
1.78200000 -4.23129560
1.78300000 -4.22972870
1.78400000 -4.22946410
1.78500000 -4.22894670
1.78600000 -4.22982410
1.78700000 -4.22897820
1.78800000 -4.22716470
1.78900000 -4.22706170
1.79000000 -4.22664830
1.79100000 -4.22496890
1.79200000 -4.22561840
1.79300000 -4.22551630
1.79400000 -4.22472290
1.79500000 -4.22250750
1.79600000 -4.22388600
1.79700000 -4.22298570
1.79800000 -4.22278640
1.79900000 -4.22227810
1.80000000 -4.22189570
1.80100000 -4.22161820
1.80200000 -4.22104550
1.80300000 -4.21869420
1.80400000 -4.21900180
1.80500000 -4.21941570
1.80600000 -4.21993490
1.80700000 -4.21855160
1.80800000 -4.21774530
1.80900000 -4.21783830
1.81000000 -4.21727800
1.81100000 -4.21721120
1.81200000 -4.21731230
1.81300000 -4.21573830
1.81400000 -4.21626760
1.81500000 -4.21586040
1.81600000 -4.21456910
1.81700000 -4.21476510
1.81800000 -4.21567870
1.81900000 -4.21467640
1.82000000 -4.21252060
1.82100000 -4.21220450
1.82200000 -4.21331740
1.82300000 -4.21338940
1.82400000 -4.21216870
1.82500000 -4.21218680
1.82600000 -4.21227790
1.82700000 -4.21080780
1.82800000 -4.21177720
1.82900000 -4.21126790
1.83000000 -4.21076350
1.83100000 -4.21080830
1.83200000 -4.21023800
1.83300000 -4.20938730
1.83400000 -4.20867010
1.83500000 -4.20949220
1.83600000 -4.20909360
1.83700000 -4.20827290
1.83800000 -4.20844410
1.83900000 -4.20915750
1.84000000 -4.20759730
1.84100000 -4.20749860
1.84200000 -4.20658210
1.84300000 -4.20704980
1.84400000 -4.20575090
1.84500000 -4.20755770
1.84600000 -4.20630840
1.84700000 -4.20662210
1.84800000 -4.20620630
1.84900000 -4.20500760
1.85000000 -4.20551300
1.85100000 -4.20360800
1.85200000 -4.20358900
1.85300000 -4.20404580
1.85400000 -4.20445870
1.85500000 -4.20400910
1.85600000 -4.20269160
1.85700000 -4.20308880
1.85800000 -4.20386840
1.85900000 -4.20200590
1.86000000 -4.20190480
1.86100000 -4.20228150
1.86200000 -4.20228480
1.86300000 -4.20050860
1.86400000 -4.20103740
1.86500000 -4.20096350
1.86600000 -4.20116040
1.86700000 -4.20017910
1.86800000 -4.20073700
1.86900000 -4.20101450
1.87000000 -4.20145800
1.87100000 -4.20042940
1.87200000 -4.20024490
1.87300000 -4.20005080
1.87400000 -4.20023680
1.87500000 -4.19873950
1.87600000 -4.19873240
1.87700000 -4.19871660
1.87800000 -4.19910380
1.87900000 -4.19718410
1.88000000 -4.19802050
1.88100000 -4.19777060
1.88200000 -4.19620370
1.88300000 -4.19843010
1.88400000 -4.19696090
1.88500000 -4.19711730
1.88600000 -4.19625710
1.88700000 -4.19618460
1.88800000 -4.19608020
1.88900000 -4.19655470
1.89000000 -4.19506500
1.89100000 -4.19542460
1.89200000 -4.19525000
1.89300000 -4.19510650
1.89400000 -4.19480990
1.89500000 -4.19516710
1.89600000 -4.19463680
1.89700000 -4.19406650
1.89800000 -4.19510890
1.89900000 -4.19410510
1.90000000 -4.19314580
1.90100000 -4.19337940
1.90200000 -4.19419670
1.90300000 -4.19276090
1.90400000 -4.19377370
1.90500000 -4.19279720
1.90600000 -4.19170050
1.90700000 -4.19113450
1.90800000 -4.19009300
1.90900000 -4.19147250
1.91000000 -4.19225880
1.91100000 -4.19081310
1.91200000 -4.19133760
1.91300000 -4.19035630
1.91400000 -4.18982030
1.91500000 -4.19105430
1.91600000 -4.19014740
1.91700000 -4.18922900
1.91800000 -4.19015460
1.91900000 -4.18955420
1.92000000 -4.18999240
1.92100000 -4.18847080
1.92200000 -4.18795300
1.92300000 -4.18760400
1.92400000 -4.18842320
1.92500000 -4.18710330
1.92600000 -4.18758870
1.92700000 -4.18708750
1.92800000 -4.18667360
1.92900000 -4.18668510
1.93000000 -4.18644380
1.93100000 -4.18605760
1.93200000 -4.18626550
1.93300000 -4.18538860
1.93400000 -4.18557980
1.93500000 -4.18482450
1.93600000 -4.18442440
1.93700000 -4.18358090
1.93800000 -4.18434240
1.93900000 -4.18420650
1.94000000 -4.18296720
1.94100000 -4.18201110
1.94200000 -4.18349460
1.94300000 -4.18239550
1.94400000 -4.18258950
1.94500000 -4.18279410
1.94600000 -4.18205880
1.94700000 -4.18153520
1.94800000 -4.18045850
1.94900000 -4.18050810
1.95000000 -4.18072840
1.95100000 -4.18041280
1.95200000 -4.18163110
1.95300000 -4.18042900
1.95400000 -4.17934660
1.95500000 -4.17905520
1.95600000 -4.17871760
1.95700000 -4.17845770
1.95800000 -4.17782020
1.95900000 -4.17850970
1.96000000 -4.17861080
1.96100000 -4.17841960
1.96200000 -4.17682410
1.96300000 -4.17669580
1.96400000 -4.17678210
1.96500000 -4.17636630
1.96600000 -4.17661140
1.96700000 -4.17631340
1.96800000 -4.17566630
1.96900000 -4.17499350
1.97000000 -4.17523620
1.97100000 -4.17527150
1.97200000 -4.17468310
1.97300000 -4.17490720
1.97400000 -4.17398500
1.97500000 -4.17305470
1.97600000 -4.17277340
1.97700000 -4.17314580
1.97800000 -4.17258930
1.97900000 -4.17252540
1.98000000 -4.17145250
1.98100000 -4.17168140
1.98200000 -4.17052130
1.98300000 -4.16979310
1.98400000 -4.17076970
1.98500000 -4.17029290
1.98600000 -4.16911220
1.98700000 -4.17002440
1.98800000 -4.16981550
1.98900000 -4.16957280
1.99000000 -4.16799550
1.99100000 -4.16896820
1.99200000 -4.16799310
1.99300000 -4.16743560
1.99400000 -4.16738750
1.99500000 -4.16810560
1.99600000 -4.16727260
1.99700000 -4.16712000
1.99800000 -4.16578100
1.99900000 -4.16623880
2.00000000 -4.16568850
2.00100000 -4.16566990
2.00200000 -4.16518780
2.00300000 -4.16535000
2.00400000 -4.16379020
2.00500000 -4.16422990
2.00600000 -4.16387320
2.00700000 -4.16260860
2.00800000 -4.16207360
2.00900000 -4.16292950
2.01000000 -4.16161300
2.01100000 -4.16282460
2.01200000 -4.16265540
2.01300000 -4.16114760
2.01400000 -4.16128020
2.01500000 -4.16094490
2.01600000 -4.16081190
2.01700000 -4.16035220
2.01800000 -4.15964080
2.01900000 -4.15868570
2.02000000 -4.15957690
2.02100000 -4.15998410
2.02200000 -4.15780880
2.02300000 -4.15804290
2.02400000 -4.15743110
2.02500000 -4.15840960
2.02600000 -4.15732340
2.02700000 -4.15650370
2.02800000 -4.15697910
2.02900000 -4.15724330
2.03000000 -4.15751080
2.03100000 -4.15628240
2.03200000 -4.15667680
2.03300000 -4.15621710
2.03400000 -4.15482620
2.03500000 -4.15468690
2.03600000 -4.15470220
2.03700000 -4.15477660
2.03800000 -4.15394880
2.03900000 -4.15459250
2.04000000 -4.15208580
2.04100000 -4.15226220
2.04200000 -4.15119220
2.04300000 -4.15285350
2.04400000 -4.15206050
2.04500000 -4.15253540
2.04600000 -4.15117310
2.04700000 -4.15146540
2.04800000 -4.15075400
2.04900000 -4.15082600
2.05000000 -4.15165230
2.05100000 -4.15009400
2.05200000 -4.15074250
2.05300000 -4.14919520
2.05400000 -4.14952710
2.05500000 -4.14982180
2.05600000 -4.14902540
2.05700000 -4.14815660
2.05800000 -4.14969020
2.05900000 -4.14933060
2.06000000 -4.14735790
2.06100000 -4.14758680
2.06200000 -4.14713910
2.06300000 -4.14817290
2.06400000 -4.14604040
2.06500000 -4.14704130
2.06600000 -4.14788250
2.06700000 -4.14653250
2.06800000 -4.14625930
2.06900000 -4.14623020
2.07000000 -4.14625740
2.07100000 -4.14484410
2.07200000 -4.14570280
2.07300000 -4.14538760
2.07400000 -4.14486170
2.07500000 -4.14517880
2.07600000 -4.14420940
2.07700000 -4.14491800
2.07800000 -4.14410690
2.07900000 -4.14491700
2.08000000 -4.14431860
2.08100000 -4.14295100
2.08200000 -4.14366910
2.08300000 -4.14470860
2.08400000 -4.14443730
2.08500000 -4.14387320
2.08600000 -4.14393330
2.08700000 -4.14317510
2.08800000 -4.14272310
2.08900000 -4.14407110
2.09000000 -4.14213510
2.09100000 -4.14278170
2.09200000 -4.14289050
2.09300000 -4.14237590
2.09400000 -4.14213420
2.09500000 -4.14158540
2.09600000 -4.14207600
2.09700000 -4.14171500
2.09800000 -4.14166740
2.09900000 -4.14183470
2.10000000 -4.14215180
2.10100000 -4.14155010
2.10200000 -4.14128730
2.10300000 -4.14176750
2.10400000 -4.14103600
2.10500000 -4.14126250
2.10600000 -4.14186620
2.10700000 -4.14254380
2.10800000 -4.14173410
2.10900000 -4.14168070
2.11000000 -4.14129070
2.11100000 -4.14188190
2.11200000 -4.14113000
2.11300000 -4.14118430
2.11400000 -4.14181140
2.11500000 -4.14207650
2.11600000 -4.14137980
2.11700000 -4.14099840
2.11800000 -4.14126110
2.11900000 -4.14157060
2.12000000 -4.14210840
2.12100000 -4.14119820
2.12200000 -4.14286230
2.12300000 -4.14159300
2.12400000 -4.14152380
2.12500000 -4.14297150
2.12600000 -4.14240030
2.12700000 -4.14112190
2.12800000 -4.14206740
2.12900000 -4.14257240
2.13000000 -4.14211370
2.13100000 -4.14275170
2.13200000 -4.14278130
2.13300000 -4.14283700
2.13400000 -4.14287760
2.13500000 -4.14365200
2.13600000 -4.14318750
2.13700000 -4.14371870
2.13800000 -4.14385750
2.13900000 -4.14412400
2.14000000 -4.14446690
2.14100000 -4.14452030
2.14200000 -4.14260670
2.14300000 -4.14524170
2.14400000 -4.14567180
2.14500000 -4.14551450
2.14600000 -4.14599660
2.14700000 -4.14569000
2.14800000 -4.14656640
2.14900000 -4.14652400
2.15000000 -4.14706950
2.15100000 -4.14670130
2.15200000 -4.14725160
2.15300000 -4.14731170
2.15400000 -4.14731170
2.15500000 -4.14848760
2.15600000 -4.14814570
2.15700000 -4.14827730
2.15800000 -4.14948230
2.15900000 -4.14987420
2.16000000 -4.14928290
2.16100000 -4.14995000
2.16200000 -4.14971640
2.16300000 -4.15149450
2.16400000 -4.15190120
2.16500000 -4.15108730
2.16600000 -4.15237090
2.16700000 -4.15306710
2.16800000 -4.15332460
2.16900000 -4.15352440
2.17000000 -4.15384720
2.17100000 -4.15439080
2.17200000 -4.15573070
2.17300000 -4.15581700
2.17400000 -4.15539170
2.17500000 -4.15522720
2.17600000 -4.15702300
2.17700000 -4.15736820
2.17800000 -4.15878250
2.17900000 -4.15934230
2.18000000 -4.15842870
2.18100000 -4.15896800
2.18200000 -4.15857980
2.18300000 -4.15989110
2.18400000 -4.16033740
2.18500000 -4.16179040
2.18600000 -4.16149190
2.18700000 -4.16379310
2.18800000 -4.16330240
2.18900000 -4.16372730
2.19000000 -4.16527990
2.19100000 -4.16620210
2.19200000 -4.16639280
2.19300000 -4.16597370
2.19400000 -4.16691210
2.19500000 -4.16771550
2.19600000 -4.16935870
2.19700000 -4.16954180
2.19800000 -4.16937070
2.19900000 -4.16993380
2.20000000 -4.17106250
2.20100000 -4.17109250
2.20200000 -4.17260840
2.20300000 -4.17298270
2.20400000 -4.17510560
2.20500000 -4.17482230
2.20600000 -4.17573360
2.20700000 -4.17580990
2.20800000 -4.17690090
2.20900000 -4.17935710
2.21000000 -4.17905040
2.21100000 -4.17960120
2.21200000 -4.18093350
2.21300000 -4.18114950
2.21400000 -4.18212840
2.21500000 -4.18151710
2.21600000 -4.18310880
2.21700000 -4.18466190
2.21800000 -4.18531080
2.21900000 -4.18674660
2.22000000 -4.18700030
2.22100000 -4.18841410
2.22200000 -4.18974110
2.22300000 -4.19094750
2.22400000 -4.19110250
2.22500000 -4.19325970
2.22600000 -4.19366120
2.22700000 -4.19424720
2.22800000 -4.19588230
2.22900000 -4.19584510
2.23000000 -4.19716840
2.23100000 -4.19814630
2.23200000 -4.19790980
2.23300000 -4.19879440
2.23400000 -4.20063210
2.23500000 -4.20235400
2.23600000 -4.20342830
2.23700000 -4.20426850
2.23800000 -4.20489740
2.23900000 -4.20604280
2.24000000 -4.20727160
2.24100000 -4.20757480
2.24200000 -4.21014880
2.24300000 -4.21016260
2.24400000 -4.21180730
2.24500000 -4.21203140
2.24600000 -4.21448900
2.24700000 -4.21434740
2.24800000 -4.21693560
2.24900000 -4.21682980
2.25000000 -4.21913910
2.25100000 -4.22014760
2.25200000 -4.22084620
2.25300000 -4.22181420
2.25400000 -4.22271820
2.25500000 -4.22491880
2.25600000 -4.22605800
2.25700000 -4.22721670
2.25800000 -4.22821470
2.25900000 -4.23040010
2.26000000 -4.23116830
2.26100000 -4.23067330
2.26200000 -4.23347520
2.26300000 -4.23449990
2.26400000 -4.23651360
2.26500000 -4.23792410
2.26600000 -4.23795130
2.26700000 -4.23998020
2.26800000 -4.24266670
2.26900000 -4.24296810
2.27000000 -4.24446580
2.27100000 -4.24525400
2.27200000 -4.24751660
2.27300000 -4.24802540
2.27400000 -4.25077440
2.27500000 -4.25136800
2.27600000 -4.25281760
2.27700000 -4.25454240
2.27800000 -4.25583080
2.27900000 -4.25671340
2.28000000 -4.25906130
2.28100000 -4.26056050
2.28200000 -4.26115130
2.28300000 -4.26272010
2.28400000 -4.26484060
2.28500000 -4.26711800
2.28600000 -4.26786760
2.28700000 -4.26884460
2.28800000 -4.27043440
2.28900000 -4.27188060
2.29000000 -4.27386570
2.29100000 -4.27588560
2.29200000 -4.27797030
2.29300000 -4.27840090
2.29400000 -4.28055240
2.29500000 -4.28180270
2.29600000 -4.28361800
2.29700000 -4.28485490
2.29800000 -4.28608040
2.29900000 -4.28792520
2.30000000 -4.28952220
2.30100000 -4.29071240
2.30200000 -4.29306030
2.30300000 -4.29593940
2.30400000 -4.29755690
2.30500000 -4.29865840
2.30600000 -4.30035590
2.30700000 -4.30216460
2.30800000 -4.30299950
2.30900000 -4.30446000
2.31000000 -4.30633310
2.31100000 -4.30813740
2.31200000 -4.30923700
2.31300000 -4.31187150
2.31400000 -4.31397100
2.31500000 -4.31590990
2.31600000 -4.31688830
2.31700000 -4.31802750
2.31800000 -4.32115840
2.31900000 -4.32256030
2.32000000 -4.32442760
2.32100000 -4.32712080
2.32200000 -4.32760520
2.32300000 -4.33019970
2.32400000 -4.33218670
2.32500000 -4.33419040
2.32600000 -4.33544490
2.32700000 -4.33764080
2.32800000 -4.33967450
2.32900000 -4.34159710
2.33000000 -4.34345720
2.33100000 -4.34582850
2.33200000 -4.34723850
2.33300000 -4.34885170
2.33400000 -4.35127540
2.33500000 -4.35418320
2.33600000 -4.35476970
2.33700000 -4.35669950
2.33800000 -4.35907650
2.33900000 -4.36077880
2.34000000 -4.36400410
2.34100000 -4.36575460
2.34200000 -4.36627290
2.34300000 -4.37010670
2.34400000 -4.37218670
2.34500000 -4.37317750
2.34600000 -4.37512780
2.34700000 -4.37801360
2.34800000 -4.37937740
2.34900000 -4.38220170
2.35000000 -4.38390830
2.35100000 -4.38561440
2.35200000 -4.38838240
2.35300000 -4.38949440
2.35400000 -4.39215470
2.35500000 -4.39474340
2.35600000 -4.39548160
2.35700000 -4.39776710
2.35800000 -4.40033050
2.35900000 -4.40286970
2.36000000 -4.40531210
2.36100000 -4.40791320
2.36200000 -4.40981010
2.36300000 -4.41111950
2.36400000 -4.41417260
2.36500000 -4.41555400
2.36600000 -4.41810700
2.36700000 -4.42058130
2.36800000 -4.42315670
2.36900000 -4.42433740
2.37000000 -4.42672590
2.37100000 -4.42821220
2.37200000 -4.43106080
2.37300000 -4.43426610
2.37400000 -4.43685250
2.37500000 -4.44004680
2.37600000 -4.44193360
2.37700000 -4.44329980
2.37800000 -4.44652130
2.37900000 -4.44765420
2.38000000 -4.45079180
2.38100000 -4.45299770
2.38200000 -4.45643330
2.38300000 -4.45663450
2.38400000 -4.46026130
2.38500000 -4.46282240
2.38600000 -4.46464200
2.38700000 -4.46745820
2.38800000 -4.46958540
2.38900000 -4.47178030
2.39000000 -4.47423790
2.39100000 -4.47777750
2.39200000 -4.47886180
2.39300000 -4.48197170
2.39400000 -4.48435880
2.39500000 -4.48801660
2.39600000 -4.49008990
2.39700000 -4.49181750
2.39800000 -4.49448920
2.39900000 -4.49627400
2.40000000 -4.50077490
2.40100000 -4.50170950
2.40200000 -4.50481890
2.40300000 -4.50752020
2.40400000 -4.51039170
2.40500000 -4.51224470
2.40600000 -4.51543520
2.40700000 -4.51820180
2.40800000 -4.52122930
2.40900000 -4.52307890
2.41000000 -4.52452990
2.41100000 -4.52772090
2.41200000 -4.52960060
2.41300000 -4.53275200
2.41400000 -4.53593680
2.41500000 -4.53808590
2.41600000 -4.54053640
2.41700000 -4.54391910
2.41800000 -4.54535390
2.41900000 -4.54902220
2.42000000 -4.55063680
2.42100000 -4.55424790
2.42200000 -4.55761580
2.42300000 -4.55901100
2.42400000 -4.56130410
2.42500000 -4.56410410
2.42600000 -4.56671620
2.42700000 -4.56960680
2.42800000 -4.57331470
2.42900000 -4.57468510
2.43000000 -4.57786890
2.43100000 -4.58041290
2.43200000 -4.58316280
2.43300000 -4.58652160
2.43400000 -4.59025240
2.43500000 -4.58973120
2.43600000 -4.59406090
2.43700000 -4.59731770
2.43800000 -4.59929130
2.43900000 -4.60161690
2.44000000 -4.60463290
2.44100000 -4.60767840
2.44200000 -4.60923340
2.44300000 -4.61314540
2.44400000 -4.61670450
2.44500000 -4.61928560
2.44600000 -4.62035850
2.44700000 -4.62354900
2.44800000 -4.62622360
2.44900000 -4.63115880
2.45000000 -4.63260170
2.45100000 -4.63552330
2.45200000 -4.63793750
2.45300000 -4.64134070
2.45400000 -4.64423080
2.45500000 -4.64692350
2.45600000 -4.65125890
2.45700000 -4.65282920
2.45800000 -4.65579700
2.45900000 -4.65917590
2.46000000 -4.66201160
2.46100000 -4.66350890
2.46200000 -4.66786910
2.46300000 -4.66902830
2.46400000 -4.67315200
2.46500000 -4.67540170
2.46600000 -4.67965600
2.46700000 -4.68166020
2.46800000 -4.68525930
2.46900000 -4.68752190
2.47000000 -4.69063470
2.47100000 -4.69467740
2.47200000 -4.69519950
2.47300000 -4.69886260
2.47400000 -4.70083950
2.47500000 -4.70504090
2.47600000 -4.70677900
2.47700000 -4.70971970
2.47800000 -4.71362780
2.47900000 -4.71546650
2.48000000 -4.71938510
2.48100000 -4.72216080
2.48200000 -4.72478630
2.48300000 -4.72662690
2.48400000 -4.73014400
2.48500000 -4.73302940
2.48600000 -4.73568730
2.48700000 -4.73924490
2.48800000 -4.74164580
2.48900000 -4.74556830
2.49000000 -4.74768830
2.49100000 -4.75148010
2.49200000 -4.75383900
2.49300000 -4.75741390
2.49400000 -4.75894310
2.49500000 -4.76328230
2.49600000 -4.76486870
2.49700000 -4.76839540
2.49800000 -4.77102900
2.49900000 -4.77438260
2.50000000 -4.77695270
2.50100000 -4.77858880
2.50200000 -4.78330420
2.50300000 -4.78642700
2.50400000 -4.78932760
2.50500000 -4.79238460
2.50600000 -4.79517080
2.50700000 -4.79899220
2.50800000 -4.80199050
2.50900000 -4.80488590
2.51000000 -4.80762430
2.51100000 -4.81103280
2.51200000 -4.81495090
2.51300000 -4.81710910
2.51400000 -4.81959060
2.51500000 -4.82262230
2.51600000 -4.82688760
2.51700000 -4.82964130
2.51800000 -4.83228970
2.51900000 -4.83547020
2.52000000 -4.83886480
2.52100000 -4.84164050
2.52200000 -4.84505510
2.52300000 -4.84744120
2.52400000 -4.85109330
2.52500000 -4.85482120
2.52600000 -4.85768800
2.52700000 -4.86092810
2.52800000 -4.86338330
2.52900000 -4.86807820
2.53000000 -4.87051250
2.53100000 -4.87223770
2.53200000 -4.87709520
2.53300000 -4.88022610
2.53400000 -4.88276620
2.53500000 -4.88506790
2.53600000 -4.88947250
2.53700000 -4.89284940
2.53800000 -4.89675620
2.53900000 -4.89939500
2.54000000 -4.90214440
2.54100000 -4.90611890
2.54200000 -4.90861510
2.54300000 -4.91262440
2.54400000 -4.91506340
2.54500000 -4.91807560
2.54600000 -4.92208240
2.54700000 -4.92380860
2.54800000 -4.92785260
2.54900000 -4.93028740
2.55000000 -4.93390660
2.55100000 -4.93674560
2.55200000 -4.94207910
2.55300000 -4.94426920
2.55400000 -4.94722990
2.55500000 -4.94991060
2.55600000 -4.95404620
2.55700000 -4.95641950
2.55800000 -4.96022890
2.55900000 -4.96301650
2.56000000 -4.96589850
2.56100000 -4.96882060
2.56200000 -4.97344400
2.56300000 -4.97600030
2.56400000 -4.97850750
2.56500000 -4.98321490
2.56600000 -4.98623130
2.56700000 -4.98923020
2.56800000 -4.99220710
2.56900000 -4.99712800
2.57000000 -4.99884560
2.57100000 -5.00224300
2.57200000 -5.00518750
2.57300000 -5.00924160
2.57400000 -5.01160380
2.57500000 -5.01628020
2.57600000 -5.01852750
2.57700000 -5.02328160
2.57800000 -5.02560660
2.57900000 -5.03001170
2.58000000 -5.03178830
2.58100000 -5.03620290
2.58200000 -5.03789420
2.58300000 -5.04217530
2.58400000 -5.04515700
2.58500000 -5.04862500
2.58600000 -5.05235530
2.58700000 -5.05543330
2.58800000 -5.05922700
2.58900000 -5.06161500
2.59000000 -5.06622360
2.59100000 -5.06951240
2.59200000 -5.07264660
2.59300000 -5.07681850
2.59400000 -5.07949540
2.59500000 -5.08343410
2.59600000 -5.08621930
2.59700000 -5.08973070
2.59800000 -5.09339000
2.59900000 -5.09537220
2.60000000 -5.09918550
2.60100000 -5.10346320
2.60200000 -5.10667710
2.60300000 -5.11046410
2.60400000 -5.11457920
2.60500000 -5.11620660
2.60600000 -5.12070470
2.60700000 -5.12300630
2.60800000 -5.12701750
2.60900000 -5.13109300
2.61000000 -5.13366270
2.61100000 -5.13842060
2.61200000 -5.14142750
2.61300000 -5.14417840
2.61400000 -5.14867020
2.61500000 -5.15100150
2.61600000 -5.15452190
2.61700000 -5.15821170
2.61800000 -5.16084810
2.61900000 -5.16427520
2.62000000 -5.16770270
2.62100000 -5.17143440
2.62200000 -5.17454000
2.62300000 -5.17842860
2.62400000 -5.18275120
2.62500000 -5.18469190
2.62600000 -5.18968730
2.62700000 -5.19159890
2.62800000 -5.19569870
2.62900000 -5.20003270
2.63000000 -5.20286040
2.63100000 -5.20614810
2.63200000 -5.21120360
2.63300000 -5.21395730
2.63400000 -5.21543030
2.63500000 -5.21990440
2.63600000 -5.22355270
2.63700000 -5.22764870
2.63800000 -5.23191360
2.63900000 -5.23408600
2.64000000 -5.23826360
2.64100000 -5.24098630
2.64200000 -5.24408010
2.64300000 -5.24884750
2.64400000 -5.25312280
2.64500000 -5.25458770
2.64600000 -5.25863740
2.64700000 -5.26233150
2.64800000 -5.26653580
2.64900000 -5.26826520
2.65000000 -5.27222060
2.65100000 -5.27525810
2.65200000 -5.27896170
2.65300000 -5.28311250
2.65400000 -5.28539420
2.65500000 -5.29021260
2.65600000 -5.29355720
2.65700000 -5.29593850
2.65800000 -5.30091000
2.65900000 -5.30429410
2.66000000 -5.30779170
2.66100000 -5.31063700
2.66200000 -5.31408690
2.66300000 -5.31786970
2.66400000 -5.32234240
2.66500000 -5.32434560
2.66600000 -5.32775210
2.66700000 -5.33086350
2.66800000 -5.33377080
2.66900000 -5.33857440
2.67000000 -5.34197470
2.67100000 -5.34580710
2.67200000 -5.34917070
2.67300000 -5.35289290
2.67400000 -5.35609200
2.67500000 -5.35940070
2.67600000 -5.36273620
2.67700000 -5.36598110
2.67800000 -5.36881070
2.67900000 -5.37319760
2.68000000 -5.37793400
2.68100000 -5.37899490
2.68200000 -5.38355350
2.68300000 -5.38602880
2.68400000 -5.39021680
2.68500000 -5.39368580
2.68600000 -5.39659400
2.68700000 -5.39985990
2.68800000 -5.40285020
2.68900000 -5.40785980
2.69000000 -5.41149950
2.69100000 -5.41514970
2.69200000 -5.41759920
2.69300000 -5.42081400
2.69400000 -5.42442320
2.69500000 -5.42805290
2.69600000 -5.43110660
2.69700000 -5.43420700
2.69800000 -5.43921660
2.69900000 -5.44225120
2.70000000 -5.44583230
2.70100000 -5.44898130
2.70200000 -5.45241170
2.70300000 -5.45690870
2.70400000 -5.45960240
2.70500000 -5.46319480
2.70600000 -5.46803670
2.70700000 -5.46959400
2.70800000 -5.47363950
2.70900000 -5.47751810
2.71000000 -5.47977300
2.71100000 -5.48295310
2.71200000 -5.48734950
2.71300000 -5.49231770
2.71400000 -5.49357650
2.71500000 -5.49752140
2.71600000 -5.50222110
2.71700000 -5.50442700
2.71800000 -5.50895880
2.71900000 -5.51297190
2.72000000 -5.51568410
2.72100000 -5.52007060
2.72200000 -5.52272840
2.72300000 -5.52634530
2.72400000 -5.52847290
2.72500000 -5.53417250
2.72600000 -5.53681660
2.72700000 -5.53963850
2.72800000 -5.54519560
2.72900000 -5.54748580
2.73000000 -5.55094340
2.73100000 -5.55439710
2.73200000 -5.55792280
2.73300000 -5.56203940
2.73400000 -5.56505350
2.73500000 -5.56775330
2.73600000 -5.57155660
2.73700000 -5.57486010
2.73800000 -5.57956650
2.73900000 -5.58325290
2.74000000 -5.58448550
2.74100000 -5.58968450
2.74200000 -5.59291410
2.74300000 -5.59572030
2.74400000 -5.59890270
2.74500000 -5.60363770
2.74600000 -5.60738710
2.74700000 -5.61145160
2.74800000 -5.61415100
2.74900000 -5.61825470
2.75000000 -5.62094070
2.75100000 -5.62387800
2.75200000 -5.62761400
2.75300000 -5.63227270
2.75400000 -5.63501120
2.75500000 -5.63861940
2.75600000 -5.64170600
2.75700000 -5.64578150
2.75800000 -5.64906020
2.75900000 -5.65377280
2.76000000 -5.65649750
2.76100000 -5.66112520
2.76200000 -5.66447500
2.76300000 -5.66730310
2.76400000 -5.67056700
2.76500000 -5.67630670
2.76600000 -5.67850450
2.76700000 -5.68113950
2.76800000 -5.68559790
2.76900000 -5.68905120
2.77000000 -5.69288830
2.77100000 -5.69681790
2.77200000 -5.70120240
2.77300000 -5.70476010
2.77400000 -5.70887470
2.77500000 -5.71265360
2.77600000 -5.71493860
2.77700000 -5.71900650
2.77800000 -5.72325800
2.77900000 -5.72660830
2.78000000 -5.72992520
2.78100000 -5.73450990
2.78200000 -5.73747060
2.78300000 -5.74075370
2.78400000 -5.74528840
2.78500000 -5.74691530
2.78600000 -5.75185540
2.78700000 -5.75600240
2.78800000 -5.75941370
2.78900000 -5.76225950
2.79000000 -5.76544140
2.79100000 -5.77050690
2.79200000 -5.77516940
2.79300000 -5.77794740
2.79400000 -5.78167580
2.79500000 -5.78558870
2.79600000 -5.78995080
2.79700000 -5.79230400
2.79800000 -5.79633710
2.79900000 -5.79897120
2.80000000 -5.80243920
2.80100000 -5.80725430
2.80200000 -5.81076380
2.80300000 -5.81218580
2.80400000 -5.81700090
2.80500000 -5.82224750
2.80600000 -5.82458970
2.80700000 -5.82937050
2.80800000 -5.83185200
2.80900000 -5.83576060
2.81000000 -5.84028480
2.81100000 -5.84410430
2.81200000 -5.84611320
2.81300000 -5.85091920
2.81400000 -5.85455040
2.81500000 -5.85843130
2.81600000 -5.86218020
2.81700000 -5.86654140
2.81800000 -5.86988310
2.81900000 -5.87359090
2.82000000 -5.87780620
2.82100000 -5.88086990
2.82200000 -5.88441900
2.82300000 -5.88903190
2.82400000 -5.89207270
2.82500000 -5.89575580
2.82600000 -5.89971260
2.82700000 -5.90366360
2.82800000 -5.90712020
2.82900000 -5.91149900
2.83000000 -5.91462180
2.83100000 -5.91780850
2.83200000 -5.92138340
2.83300000 -5.92681410
2.83400000 -5.92872100
2.83500000 -5.93311070
2.83600000 -5.93726490
2.83700000 -5.94205810
2.83800000 -5.94592430
2.83900000 -5.94956870
2.84000000 -5.95295620
2.84100000 -5.95628170
2.84200000 -5.96032290
2.84300000 -5.96363450
2.84400000 -5.96831420
2.84500000 -5.97168540
2.84600000 -5.97500750
2.84700000 -5.97991510
2.84800000 -5.98370270
2.84900000 -5.98718500
2.85000000 -5.99070220
2.85100000 -5.99541380
2.85200000 -5.99973200
2.85300000 -6.00282570
2.85400000 -6.00554370
2.85500000 -6.00913720
2.85600000 -6.01310400
2.85700000 -6.01801060
2.85800000 -6.02041860
2.85900000 -6.02448700
2.86000000 -6.02920340
2.86100000 -6.03172450
2.86200000 -6.03758860
2.86300000 -6.04027650
2.86400000 -6.04372360
2.86500000 -6.04802470
2.86600000 -6.05190940
2.86700000 -6.05465030
2.86800000 -6.05948880
2.86900000 -6.06370640
2.87000000 -6.06655840
2.87100000 -6.07037020
2.87200000 -6.07386880
2.87300000 -6.07781410
2.87400000 -6.08226870
2.87500000 -6.08563950
2.87600000 -6.09060530
2.87700000 -6.09215640
2.87800000 -6.09675120
2.87900000 -6.10001560
2.88000000 -6.10402730
2.88100000 -6.10831880
2.88200000 -6.11372520
2.88300000 -6.11652850
2.88400000 -6.11943670
2.88500000 -6.12343450
2.88600000 -6.12827590
2.88700000 -6.13126990
2.88800000 -6.13513470
2.88900000 -6.13907670
2.89000000 -6.14169170
2.89100000 -6.14682670
2.89200000 -6.15008070
2.89300000 -6.15473650
2.89400000 -6.15820690
2.89500000 -6.16109230
2.89600000 -6.16701130
2.89700000 -6.16900920
2.89800000 -6.17288400
2.89900000 -6.17600390
2.90000000 -6.17929840
2.90100000 -6.18432330
2.90200000 -6.18844890
2.90300000 -6.19179820
2.90400000 -6.19639400
2.90500000 -6.20057730
2.90600000 -6.20391080
2.90700000 -6.20873400
2.90800000 -6.21266170
2.90900000 -6.21604780
2.91000000 -6.21901320
2.91100000 -6.22407720
2.91200000 -6.22694640
2.91300000 -6.23066850
2.91400000 -6.23446700
2.91500000 -6.23893020
2.91600000 -6.24227810
2.91700000 -6.24576230
2.91800000 -6.25069000
2.91900000 -6.25315190
2.92000000 -6.25812530
2.92100000 -6.26177220
2.92200000 -6.26453920
2.92300000 -6.26872300
2.92400000 -6.27245710
2.92500000 -6.27528670
2.92600000 -6.28005410
2.92700000 -6.28400560
2.92800000 -6.28786130
2.92900000 -6.29187350
2.93000000 -6.29465150
2.93100000 -6.29853250
2.93200000 -6.30256840
2.93300000 -6.30631110
2.93400000 -6.31031180
2.93500000 -6.31296160
2.93600000 -6.31777620
2.93700000 -6.32056860
2.93800000 -6.32540460
2.93900000 -6.32850360
2.94000000 -6.33306170
2.94100000 -6.33623650
2.94200000 -6.33983330
2.94300000 -6.34358600
2.94400000 -6.34735010
2.94500000 -6.35151240
2.94600000 -6.35519550
2.94700000 -6.35815430
2.94800000 -6.36150840
2.94900000 -6.36686940
2.95000000 -6.37133550
2.95100000 -6.37441250
2.95200000 -6.37771650
2.95300000 -6.38183740
2.95400000 -6.38605880
2.95500000 -6.39022590
2.95600000 -6.39340640
2.95700000 -6.39715620
2.95800000 -6.39977740
2.95900000 -6.40455580
2.96000000 -6.40933180
2.96100000 -6.41349740
2.96200000 -6.41686440
2.96300000 -6.41982840
2.96400000 -6.42428060
2.96500000 -6.42745590
2.96600000 -6.43194720
2.96700000 -6.43691110
2.96800000 -6.44003580
2.96900000 -6.44371320
2.97000000 -6.44838240
2.97100000 -6.45247750
2.97200000 -6.45623210
2.97300000 -6.46030620
2.97400000 -6.46543170
2.97500000 -6.46872430
2.97600000 -6.47273920
2.97700000 -6.47746230
2.97800000 -6.47995810
2.97900000 -6.48390250
2.98000000 -6.48786120
2.98100000 -6.49337480
2.98200000 -6.49692920
2.98300000 -6.50052310
2.98400000 -6.50480890
2.98500000 -6.50831790
2.98600000 -6.51290660
2.98700000 -6.51649670
2.98800000 -6.51996800
2.98900000 -6.52432820
2.99000000 -6.52827880
2.99100000 -6.53324840
2.99200000 -6.53499460
2.99300000 -6.54060510
2.99400000 -6.54364820
2.99500000 -6.54985280
2.99600000 -6.55160670
2.99700000 -6.55604980
2.99800000 -6.56106570
2.99900000 -6.56418040
3.00000000 -6.56845760
3.00100000 -6.57299380
3.00200000 -6.57626060
3.00300000 -6.58040000
3.00400000 -6.58464620
3.00500000 -6.58807130
3.00600000 -6.59147980
3.00700000 -6.59514140
3.00800000 -6.59882590
3.00900000 -6.60274980
3.01000000 -6.60739610
3.01100000 -6.61169240
3.01200000 -6.61579280
3.01300000 -6.61889890
3.01400000 -6.62284140
3.01500000 -6.62821390
3.01600000 -6.63245060
3.01700000 -6.63506560
3.01800000 -6.63870330
3.01900000 -6.64273930
3.02000000 -6.64673710
3.02100000 -6.65212820
3.02200000 -6.65513850
3.02300000 -6.65985540
3.02400000 -6.66198780
3.02500000 -6.66643290
3.02600000 -6.67141010
3.02700000 -6.67562960
3.02800000 -6.67879060
3.02900000 -6.68448930
3.03000000 -6.68764260
3.03100000 -6.69213100
3.03200000 -6.69503640
3.03300000 -6.70028500
3.03400000 -6.70473000
3.03500000 -6.70820670
3.03600000 -6.71276570
3.03700000 -6.71624280
3.03800000 -6.72133110
3.03900000 -6.72447300
3.04000000 -6.72920270
3.04100000 -6.73292970
3.04200000 -6.73657850
3.04300000 -6.74047420
3.04400000 -6.74498410
3.04500000 -6.75042300
3.04600000 -6.75420570
3.04700000 -6.75823500
3.04800000 -6.76191230
3.04900000 -6.76614000
3.05000000 -6.77127460
3.05100000 -6.77443170
3.05200000 -6.77858540
3.05300000 -6.78372290
3.05400000 -6.78748510
3.05500000 -6.79143520
3.05600000 -6.79564140
3.05700000 -6.79997350
3.05800000 -6.80373670
3.05900000 -6.80715080
3.06000000 -6.81130700
3.06100000 -6.81802370
3.06200000 -6.82103400
3.06300000 -6.82481100
3.06400000 -6.82951400
3.06500000 -6.83138080
3.06600000 -6.83704520
3.06700000 -6.84088330
3.06800000 -6.84613800
3.06900000 -6.84822750
3.07000000 -6.85417560
3.07100000 -6.85704610
3.07200000 -6.86155410
3.07300000 -6.86485720
3.07400000 -6.86989260
3.07500000 -6.87382650
3.07600000 -6.87779950
3.07700000 -6.88133760
3.07800000 -6.88630910
3.07900000 -6.88977000
3.08000000 -6.89270350
3.08100000 -6.89871030
3.08200000 -6.90293120
3.08300000 -6.90492920
3.08400000 -6.90974950
3.08500000 -6.91323040
3.08600000 -6.91785100
3.08700000 -6.92238900
3.08800000 -6.92719170
3.08900000 -6.93075040
3.09000000 -6.93485360
3.09100000 -6.93736170
3.09200000 -6.94248630
3.09300000 -6.94598580
3.09400000 -6.95041420
3.09500000 -6.95493600
3.09600000 -6.95907500
3.09700000 -6.96326540
3.09800000 -6.96685310
3.09900000 -6.97088150
3.10000000 -6.97522400
3.10100000 -6.97880270
3.10200000 -6.98402450
3.10300000 -6.98775820
3.10400000 -6.99217460
3.10500000 -6.99516870
3.10600000 -7.00018070
3.10700000 -7.00356050
3.10800000 -7.00814680
3.10900000 -7.01278970
3.11000000 -7.01500180
3.11100000 -7.01987120
3.11200000 -7.02441120
3.11300000 -7.02911950
3.11400000 -7.03288790
3.11500000 -7.03671360
3.11600000 -7.04044770
3.11700000 -7.04361680
3.11800000 -7.05041980
3.11900000 -7.05366330
3.12000000 -7.05859570
3.12100000 -7.06051250
3.12200000 -7.06545690
3.12300000 -7.06861260
3.12400000 -7.07295230
3.12500000 -7.07730440
3.12600000 -7.08165450
3.12700000 -7.08576630
3.12800000 -7.08944800
3.12900000 -7.09397410
3.13000000 -7.09844400
3.13100000 -7.10236690
3.13200000 -7.10590030
3.13300000 -7.10982660
3.13400000 -7.11422490
3.13500000 -7.11903050
3.13600000 -7.12321710
3.13700000 -7.12755920
3.13800000 -7.13160230
3.13900000 -7.13543650
3.14000000 -7.13974190
3.14100000 -7.14297200
3.14200000 -7.14750770
3.14300000 -7.15178540
3.14400000 -7.15506030
3.14500000 -7.16014720
3.14600000 -7.16539050
3.14700000 -7.16748910
3.14800000 -7.17277290
3.14900000 -7.17661570
3.15000000 -7.18152140
3.15100000 -7.18501230
3.15200000 -7.18904210
3.15300000 -7.19304280
3.15400000 -7.19559000
3.15500000 -7.20192430
3.15600000 -7.20499470
3.15700000 -7.20941970
3.15800000 -7.21392390
3.15900000 -7.21718740
3.16000000 -7.22141120
3.16100000 -7.22653480
3.16200000 -7.23038340
3.16300000 -7.23381140
3.16400000 -7.23835710
3.16500000 -7.24308400
3.16600000 -7.24834590
3.16700000 -7.25061750
3.16800000 -7.25490050
3.16900000 -7.25984190
3.17000000 -7.26471710
3.17100000 -7.26822190
3.17200000 -7.27251290
3.17300000 -7.27636670
3.17400000 -7.28039840
3.17500000 -7.28400990
3.17600000 -7.28988700
3.17700000 -7.29308510
3.17800000 -7.29672000
3.17900000 -7.30071970
3.18000000 -7.30610230
3.18100000 -7.30986740
3.18200000 -7.31386570
3.18300000 -7.31724210
3.18400000 -7.32256650
3.18500000 -7.32542660
3.18600000 -7.33089450
3.18700000 -7.33393720
3.18800000 -7.33955960
3.18900000 -7.34321740
3.19000000 -7.34730050
3.19100000 -7.35112710
3.19200000 -7.35461000
3.19300000 -7.35900930
3.19400000 -7.36453390
3.19500000 -7.36845970
3.19600000 -7.37204650
3.19700000 -7.37617160
3.19800000 -7.37951520
3.19900000 -7.38414480
3.20000000 -7.38881590
