Frequency(GHz) s31_phase_v2
1.20000000 95.42433200
1.20100000 95.18859100
1.20200000 94.98564900
1.20300000 94.76218400
1.20400000 94.53571300
1.20500000 94.31173700
1.20600000 94.08627300
1.20700000 93.86338000
1.20800000 93.65451800
1.20900000 93.43166400
1.21000000 93.20505500
1.21100000 92.98925800
1.21200000 92.77480300
1.21300000 92.55030100
1.21400000 92.32428700
1.21500000 92.11139700
1.21600000 91.88024100
1.21700000 91.65953100
1.21800000 91.43885800
1.21900000 91.22141300
1.22000000 91.00817900
1.22100000 90.77113300
1.22200000 90.54779800
1.22300000 90.32953600
1.22400000 90.10405000
1.22500000 89.89473700
1.22600000 89.65235900
1.22700000 89.44789900
1.22800000 89.22438000
1.22900000 88.99462900
1.23000000 88.77907600
1.23100000 88.55146000
1.23200000 88.33081800
1.23300000 88.10467500
1.23400000 87.88304900
1.23500000 87.66008000
1.23600000 87.43672200
1.23700000 87.21671300
1.23800000 86.99144000
1.23900000 86.75606500
1.24000000 86.53951300
1.24100000 86.31124900
1.24200000 86.08969900
1.24300000 85.86486100
1.24400000 85.64527900
1.24500000 85.41654200
1.24600000 85.19393900
1.24700000 84.96842200
1.24800000 84.75257900
1.24900000 84.50981900
1.25000000 84.29190100
1.25100000 84.06989300
1.25200000 83.84498600
1.25300000 83.60942800
1.25400000 83.39466900
1.25500000 83.16682400
1.25600000 82.94187200
1.25700000 82.71655300
1.25800000 82.48942600
1.25900000 82.25936900
1.26000000 82.04048200
1.26100000 81.80244400
1.26200000 81.57929200
1.26300000 81.35902400
1.26400000 81.12241400
1.26500000 80.90331300
1.26600000 80.68275500
1.26700000 80.45056900
1.26800000 80.22197700
1.26900000 79.98689300
1.27000000 79.76651000
1.27100000 79.54027600
1.27200000 79.31193500
1.27300000 79.09091900
1.27400000 78.85423300
1.27500000 78.62438200
1.27600000 78.41266600
1.27700000 78.17302700
1.27800000 77.95040100
1.27900000 77.71996300
1.28000000 77.49448400
1.28100000 77.25540900
1.28200000 77.03317300
1.28300000 76.81214100
1.28400000 76.57943000
1.28500000 76.34719800
1.28600000 76.12049100
1.28700000 75.88720700
1.28800000 75.65060400
1.28900000 75.43493700
1.29000000 75.21136500
1.29100000 74.97765400
1.29200000 74.74277500
1.29300000 74.51638800
1.29400000 74.28791000
1.29500000 74.05236800
1.29600000 73.82333400
1.29700000 73.58788300
1.29800000 73.35723100
1.29900000 73.13360600
1.30000000 72.89702600
1.30100000 72.66472600
1.30200000 72.42775700
1.30300000 72.20725300
1.30400000 71.96191400
1.30500000 71.73736600
1.30600000 71.51120800
1.30700000 71.27529900
1.30800000 71.03611000
1.30900000 70.80989100
1.31000000 70.56386600
1.31100000 70.34941100
1.31200000 70.11633300
1.31300000 69.88218700
1.31400000 69.64505800
1.31500000 69.41256700
1.31600000 69.17421700
1.31700000 68.94676200
1.31800000 68.71626300
1.31900000 68.48098800
1.32000000 68.24589500
1.32100000 68.01057400
1.32200000 67.78415700
1.32300000 67.55069700
1.32400000 67.31144700
1.32500000 67.07199900
1.32600000 66.84762600
1.32700000 66.61542500
1.32800000 66.37169600
1.32900000 66.14483600
1.33000000 65.89698800
1.33100000 65.66890000
1.33200000 65.43982700
1.33300000 65.20095800
1.33400000 64.97029900
1.33500000 64.73366500
1.33600000 64.48989900
1.33700000 64.25996400
1.33800000 64.02465800
1.33900000 63.79067600
1.34000000 63.55056000
1.34100000 63.32426800
1.34200000 63.07511100
1.34300000 62.85191300
1.34400000 62.60477800
1.34500000 62.37826900
1.34600000 62.13272100
1.34700000 61.89500400
1.34800000 61.66351700
1.34900000 61.42870700
1.35000000 61.18512300
1.35100000 60.95486800
1.35200000 60.71531300
1.35300000 60.46695300
1.35400000 60.23294400
1.35500000 59.98779700
1.35600000 59.76290500
1.35700000 59.52730600
1.35800000 59.29873300
1.35900000 59.05341300
1.36000000 58.81630300
1.36100000 58.57312800
1.36200000 58.34142700
1.36300000 58.09823200
1.36400000 57.85151700
1.36500000 57.62509200
1.36600000 57.37329500
1.36700000 57.14447000
1.36800000 56.89996700
1.36900000 56.64719000
1.37000000 56.41408200
1.37100000 56.18079800
1.37200000 55.94839500
1.37300000 55.70074500
1.37400000 55.46146000
1.37500000 55.23131900
1.37600000 54.97805000
1.37700000 54.74894000
1.37800000 54.49087500
1.37900000 54.25400900
1.38000000 54.02010000
1.38100000 53.77939600
1.38200000 53.54244600
1.38300000 53.30080400
1.38400000 53.05981400
1.38500000 52.80986800
1.38600000 52.56757000
1.38700000 52.33859300
1.38800000 52.08365200
1.38900000 51.84377700
1.39000000 51.60327900
1.39100000 51.36140100
1.39200000 51.11634100
1.39300000 50.87874600
1.39400000 50.63373200
1.39500000 50.39621700
1.39600000 50.15399600
1.39700000 49.90650200
1.39800000 49.67044800
1.39900000 49.42040300
1.40000000 49.18645500
1.40100000 48.93676400
1.40200000 48.69947400
1.40300000 48.44846300
1.40400000 48.21380200
1.40500000 47.96179200
1.40600000 47.72152300
1.40700000 47.47462100
1.40800000 47.23139200
1.40900000 46.98800300
1.41000000 46.74306900
1.41100000 46.50660700
1.41200000 46.26504900
1.41300000 46.01703300
1.41400000 45.76330900
1.41500000 45.52106100
1.41600000 45.27993800
1.41700000 45.03698300
1.41800000 44.78869200
1.41900000 44.54263700
1.42000000 44.30159400
1.42100000 44.05545000
1.42200000 43.81250800
1.42300000 43.56536900
1.42400000 43.31570100
1.42500000 43.07113600
1.42600000 42.83274100
1.42700000 42.58561300
1.42800000 42.33797100
1.42900000 42.08911500
1.43000000 41.84047300
1.43100000 41.59946100
1.43200000 41.35199000
1.43300000 41.09716000
1.43400000 40.86284300
1.43500000 40.61759200
1.43600000 40.36393700
1.43700000 40.12194100
1.43800000 39.86611900
1.43900000 39.62293200
1.44000000 39.37016700
1.44100000 39.12931800
1.44200000 38.87459900
1.44300000 38.63544100
1.44400000 38.38330800
1.44500000 38.13302200
1.44600000 37.87368800
1.44700000 37.62789900
1.44800000 37.37604900
1.44900000 37.13359500
1.45000000 36.88101600
1.45100000 36.64560300
1.45200000 36.38311000
1.45300000 36.14005300
1.45400000 35.88813800
1.45500000 35.63697400
1.45600000 35.38661600
1.45700000 35.13297300
1.45800000 34.89194100
1.45900000 34.63947300
1.46000000 34.38806900
1.46100000 34.13780200
1.46200000 33.88356800
1.46300000 33.63588000
1.46400000 33.37822300
1.46500000 33.13496800
1.46600000 32.87675100
1.46700000 32.62918100
1.46800000 32.38124500
1.46900000 32.12348600
1.47000000 31.86657000
1.47100000 31.62588300
1.47200000 31.37305600
1.47300000 31.11348900
1.47400000 30.87395500
1.47500000 30.61774800
1.47600000 30.36359600
1.47700000 30.11497300
1.47800000 29.85052900
1.47900000 29.60809100
1.48000000 29.35652200
1.48100000 29.10932700
1.48200000 28.84693100
1.48300000 28.58982800
1.48400000 28.33701500
1.48500000 28.08792900
1.48600000 27.83073800
1.48700000 27.58046300
1.48800000 27.32765000
1.48900000 27.07225000
1.49000000 26.81481000
1.49100000 26.56343800
1.49200000 26.31192000
1.49300000 26.05739400
1.49400000 25.80373200
1.49500000 25.54662100
1.49600000 25.29761900
1.49700000 25.03653100
1.49800000 24.78698200
1.49900000 24.53668800
1.50000000 24.26834900
1.50100000 24.01539000
1.50200000 23.75917800
1.50300000 23.51064700
1.50400000 23.25916900
1.50500000 23.00475900
1.50600000 22.73519100
1.50700000 22.48750500
1.50800000 22.22513000
1.50900000 21.97608000
1.51000000 21.71967300
1.51100000 21.46762300
1.51200000 21.20500000
1.51300000 20.94837200
1.51400000 20.69531600
1.51500000 20.43523000
1.51600000 20.18194400
1.51700000 19.92380000
1.51800000 19.67518800
1.51900000 19.41668700
1.52000000 19.16552000
1.52100000 18.90289700
1.52200000 18.64351300
1.52300000 18.39864700
1.52400000 18.12780000
1.52500000 17.87385200
1.52600000 17.61944600
1.52700000 17.36221100
1.52800000 17.10806800
1.52900000 16.84413000
1.53000000 16.58835000
1.53100000 16.32879300
1.53200000 16.06435400
1.53300000 15.81418100
1.53400000 15.55280400
1.53500000 15.30062600
1.53600000 15.03845800
1.53700000 14.77755500
1.53800000 14.52983600
1.53900000 14.26169600
1.54000000 14.00761400
1.54100000 13.74776400
1.54200000 13.49093800
1.54300000 13.22259500
1.54400000 12.97280200
1.54500000 12.70843700
1.54600000 12.44695200
1.54700000 12.18815600
1.54800000 11.93415800
1.54900000 11.67578100
1.55000000 11.40788000
1.55100000 11.14808400
1.55200000 10.88885600
1.55300000 10.62348500
1.55400000 10.37260400
1.55500000 10.10470800
1.55600000 9.84995460
1.55700000 9.59524920
1.55800000 9.32894610
1.55900000 9.07154270
1.56000000 8.80671600
1.56100000 8.54317570
1.56200000 8.28363900
1.56300000 8.02253440
1.56400000 7.76404430
1.56500000 7.50090600
1.56600000 7.24362040
1.56700000 6.98669960
1.56800000 6.71914010
1.56900000 6.46346000
1.57000000 6.19446090
1.57100000 5.93983080
1.57200000 5.67801140
1.57300000 5.42288260
1.57400000 5.15917590
1.57500000 4.90157220
1.57600000 4.63935800
1.57700000 4.37455320
1.57800000 4.10451360
1.57900000 3.85039380
1.58000000 3.58351470
1.58100000 3.33418940
1.58200000 3.07302640
1.58300000 2.80338140
1.58400000 2.54364800
1.58500000 2.28301550
1.58600000 2.03739480
1.58700000 1.76659790
1.58800000 1.49961170
1.58900000 1.23281470
1.59000000 0.97086966
1.59100000 0.72161376
1.59200000 0.45672041
1.59300000 0.19845560
1.59400000 -0.06288972
1.59500000 -0.33357421
1.59600000 -0.58906394
1.59700000 -0.85663337
1.59800000 -1.10772840
1.59900000 -1.37202550
1.60000000 -1.63264180
1.60100000 -1.88508210
1.60200000 -2.15569710
1.60300000 -2.42061900
1.60400000 -2.68030500
1.60500000 -2.94284990
1.60600000 -3.20292140
1.60700000 -3.47418760
1.60800000 -3.73166230
1.60900000 -3.99045920
1.61000000 -4.25605150
1.61100000 -4.52286770
1.61200000 -4.77342220
1.61300000 -5.04723550
1.61400000 -5.30743740
1.61500000 -5.56062460
1.61600000 -5.82614330
1.61700000 -6.10325480
1.61800000 -6.35282330
1.61900000 -6.61250970
1.62000000 -6.88367510
1.62100000 -7.13761090
1.62200000 -7.40932800
1.62300000 -7.66468380
1.62400000 -7.93304870
1.62500000 -8.19861410
1.62600000 -8.45239350
1.62700000 -8.71517850
1.62800000 -8.98376850
1.62900000 -9.24162670
1.63000000 -9.51208690
1.63100000 -9.77547070
1.63200000 -10.04151800
1.63300000 -10.29845700
1.63400000 -10.56579700
1.63500000 -10.83241400
1.63600000 -11.08615700
1.63700000 -11.35213800
1.63800000 -11.61380700
1.63900000 -11.87855000
1.64000000 -12.13194400
1.64100000 -12.40650600
1.64200000 -12.66689500
1.64300000 -12.93726300
1.64400000 -13.19870700
1.64500000 -13.46255300
1.64600000 -13.72341400
1.64700000 -13.97883900
1.64800000 -14.25203400
1.64900000 -14.51645800
1.65000000 -14.77535700
1.65100000 -15.03450300
1.65200000 -15.29953500
1.65300000 -15.56608700
1.65400000 -15.82983800
1.65500000 -16.08638400
1.65600000 -16.35606400
1.65700000 -16.62106300
1.65800000 -16.87962200
1.65900000 -17.14174800
1.66000000 -17.40894500
1.66100000 -17.67227700
1.66200000 -17.92856800
1.66300000 -18.19842300
1.66400000 -18.45416300
1.66500000 -18.72481700
1.66600000 -18.99108500
1.66700000 -19.24319500
1.66800000 -19.50906200
1.66900000 -19.77621300
1.67000000 -20.04186400
1.67100000 -20.29940000
1.67200000 -20.55991400
1.67300000 -20.83181200
1.67400000 -21.09380900
1.67500000 -21.34290500
1.67600000 -21.61036300
1.67700000 -21.87538000
1.67800000 -22.14260700
1.67900000 -22.40717500
1.68000000 -22.67189600
1.68100000 -22.93125000
1.68200000 -23.19563900
1.68300000 -23.45288500
1.68400000 -23.71049700
1.68500000 -23.97862200
1.68600000 -24.25498200
1.68700000 -24.51193800
1.68800000 -24.76732800
1.68900000 -25.03435700
1.69000000 -25.30076200
1.69100000 -25.55442400
1.69200000 -25.82030900
1.69300000 -26.08777000
1.69400000 -26.34993400
1.69500000 -26.61832200
1.69600000 -26.87978600
1.69700000 -27.13592500
1.69800000 -27.40246200
1.69900000 -27.66177000
1.70000000 -27.93794800
1.70100000 -28.19397500
1.70200000 -28.46274400
1.70300000 -28.71713400
1.70400000 -28.98584700
1.70500000 -29.23978800
1.70600000 -29.50694300
1.70700000 -29.76503600
1.70800000 -30.03138900
1.70900000 -30.29976500
1.71000000 -30.55308900
1.71100000 -30.81456600
1.71200000 -31.08553300
1.71300000 -31.34866000
1.71400000 -31.60318400
1.71500000 -31.87007900
1.71600000 -32.12340200
1.71700000 -32.39966200
1.71800000 -32.65079900
1.71900000 -32.91659200
1.72000000 -33.18019500
1.72100000 -33.44516800
1.72200000 -33.70687500
1.72300000 -33.97294600
1.72400000 -34.23233800
1.72500000 -34.48502000
1.72600000 -34.75404400
1.72700000 -35.01514800
1.72800000 -35.27834300
1.72900000 -35.53384000
1.73000000 -35.79859500
1.73100000 -36.05973400
1.73200000 -36.32610300
1.73300000 -36.58454100
1.73400000 -36.84723700
1.73500000 -37.11143500
1.73600000 -37.36758800
1.73700000 -37.62906600
1.73800000 -37.89703400
1.73900000 -38.14772000
1.74000000 -38.41294100
1.74100000 -38.67320300
1.74200000 -38.93771700
1.74300000 -39.19239800
1.74400000 -39.45865600
1.74500000 -39.71871200
1.74600000 -39.97985100
1.74700000 -40.23460800
1.74800000 -40.50066800
1.74900000 -40.76998500
1.75000000 -41.02554700
1.75100000 -41.28428600
1.75200000 -41.55188000
1.75300000 -41.79543300
1.75400000 -42.06844700
1.75500000 -42.33062400
1.75600000 -42.58843600
1.75700000 -42.85177200
1.75800000 -43.11091200
1.75900000 -43.37355800
1.76000000 -43.63081700
1.76100000 -43.88977400
1.76200000 -44.15341600
1.76300000 -44.40678000
1.76400000 -44.67822300
1.76500000 -44.93555500
1.76600000 -45.19109000
1.76700000 -45.45649000
1.76800000 -45.71338300
1.76900000 -45.96840300
1.77000000 -46.23269700
1.77100000 -46.49941600
1.77200000 -46.75383800
1.77300000 -47.01828800
1.77400000 -47.27082800
1.77500000 -47.53367200
1.77600000 -47.79015400
1.77700000 -48.05487400
1.77800000 -48.31728400
1.77900000 -48.57397500
1.78000000 -48.82781200
1.78100000 -49.09357100
1.78200000 -49.34760700
1.78300000 -49.61985400
1.78400000 -49.87392400
1.78500000 -50.12616300
1.78600000 -50.39146800
1.78700000 -50.64658400
1.78800000 -50.90468200
1.78900000 -51.16415000
1.79000000 -51.42533100
1.79100000 -51.68017200
1.79200000 -51.93777800
1.79300000 -52.19513700
1.79400000 -52.45697800
1.79500000 -52.71970000
1.79600000 -52.96891000
1.79700000 -53.23676700
1.79800000 -53.49209600
1.79900000 -53.76428600
1.80000000 -54.01124600
1.80100000 -54.26723500
1.80200000 -54.53707900
1.80300000 -54.78012100
1.80400000 -55.04264800
1.80500000 -55.30242500
1.80600000 -55.56504400
1.80700000 -55.81893500
1.80800000 -56.07369200
1.80900000 -56.34247200
1.81000000 -56.59400900
1.81100000 -56.85107000
1.81200000 -57.09943800
1.81300000 -57.36071400
1.81400000 -57.62148300
1.81500000 -57.88722600
1.81600000 -58.13656200
1.81700000 -58.38956100
1.81800000 -58.65882100
1.81900000 -58.91580600
1.82000000 -59.17042200
1.82100000 -59.42528900
1.82200000 -59.68265900
1.82300000 -59.94385900
1.82400000 -60.19303900
1.82500000 -60.45177100
1.82600000 -60.72059200
1.82700000 -60.96209000
1.82800000 -61.21947100
1.82900000 -61.48193400
1.83000000 -61.73748000
1.83100000 -61.99135200
1.83200000 -62.24817300
1.83300000 -62.50903700
1.83400000 -62.76599100
1.83500000 -63.02570700
1.83600000 -63.27756500
1.83700000 -63.53916200
1.83800000 -63.78363400
1.83900000 -64.04676800
1.84000000 -64.30507700
1.84100000 -64.55520600
1.84200000 -64.81915300
1.84300000 -65.07621000
1.84400000 -65.32833100
1.84500000 -65.58190900
1.84600000 -65.84737400
1.84700000 -66.09734300
1.84800000 -66.35257000
1.84900000 -66.60802500
1.85000000 -66.86169400
1.85100000 -67.12303200
1.85200000 -67.37647200
1.85300000 -67.63764200
1.85400000 -67.88419300
1.85500000 -68.14017500
1.85600000 -68.40106200
1.85700000 -68.65820300
1.85800000 -68.91148400
1.85900000 -69.16957100
1.86000000 -69.42620800
1.86100000 -69.67052500
1.86200000 -69.93732500
1.86300000 -70.19377900
1.86400000 -70.43676800
1.86500000 -70.70618400
1.86600000 -70.96246300
1.86700000 -71.20983900
1.86800000 -71.46700300
1.86900000 -71.71836100
1.87000000 -71.98190300
1.87100000 -72.23774000
1.87200000 -72.48871600
1.87300000 -72.73963200
1.87400000 -73.00266300
1.87500000 -73.25365400
1.87600000 -73.51381700
1.87700000 -73.76732600
1.87800000 -74.02319300
1.87900000 -74.27524600
1.88000000 -74.52996800
1.88100000 -74.78710900
1.88200000 -75.04531100
1.88300000 -75.29167200
1.88400000 -75.55373400
1.88500000 -75.81004300
1.88600000 -76.05687700
1.88700000 -76.30825000
1.88800000 -76.56298800
1.88900000 -76.81741300
1.89000000 -77.06978600
1.89100000 -77.33086400
1.89200000 -77.58902700
1.89300000 -77.84687000
1.89400000 -78.09173600
1.89500000 -78.35771200
1.89600000 -78.60330200
1.89700000 -78.86412800
1.89800000 -79.11862900
1.89900000 -79.36323500
1.90000000 -79.62569400
1.90100000 -79.87843300
1.90200000 -80.13288100
1.90300000 -80.38330100
1.90400000 -80.63802300
1.90500000 -80.89394400
1.90600000 -81.15300000
1.90700000 -81.40127600
1.90800000 -81.66265900
1.90900000 -81.91066700
1.91000000 -82.17466000
1.91100000 -82.42215000
1.91200000 -82.67761200
1.91300000 -82.92940500
1.91400000 -83.18412000
1.91500000 -83.44069700
1.91600000 -83.69944800
1.91700000 -83.94667800
1.91800000 -84.19731900
1.91900000 -84.45068400
1.92000000 -84.71417200
1.92100000 -84.96109000
1.92200000 -85.21136500
1.92300000 -85.47552500
1.92400000 -85.72523500
1.92500000 -85.98163600
1.92600000 -86.23911300
1.92700000 -86.49326300
1.92800000 -86.74447600
1.92900000 -87.00447800
1.93000000 -87.24985500
1.93100000 -87.50275400
1.93200000 -87.75906400
1.93300000 -88.01712800
1.93400000 -88.27715300
1.93500000 -88.52187300
1.93600000 -88.78278400
1.93700000 -89.03133400
1.93800000 -89.28076200
1.93900000 -89.53556800
1.94000000 -89.79050400
1.94100000 -90.05155900
1.94200000 -90.30313900
1.94300000 -90.55049100
1.94400000 -90.81192000
1.94500000 -91.06646000
1.94600000 -91.31520800
1.94700000 -91.56661200
1.94800000 -91.82071700
1.94900000 -92.07884200
1.95000000 -92.33167300
1.95100000 -92.59046900
1.95200000 -92.84523000
1.95300000 -93.09637500
1.95400000 -93.34874700
1.95500000 -93.60105100
1.95600000 -93.85672800
1.95700000 -94.11271700
1.95800000 -94.36911000
1.95900000 -94.62690000
1.96000000 -94.87259700
1.96100000 -95.12867700
1.96200000 -95.38767200
1.96300000 -95.63430800
1.96400000 -95.88954900
1.96500000 -96.14628600
1.96600000 -96.40144300
1.96700000 -96.65242800
1.96800000 -96.90750900
1.96900000 -97.16384900
1.97000000 -97.41909800
1.97100000 -97.66916700
1.97200000 -97.92775000
1.97300000 -98.17855100
1.97400000 -98.42896300
1.97500000 -98.68462400
1.97600000 -98.93952900
1.97700000 -99.19905900
1.97800000 -99.45124100
1.97900000 -99.70698500
1.98000000 -99.95948000
1.98100000 -100.20742000
1.98200000 -100.46101000
1.98300000 -100.72492000
1.98400000 -100.96954000
1.98500000 -101.22949000
1.98600000 -101.49092000
1.98700000 -101.73470000
1.98800000 -101.98627000
1.98900000 -102.24287000
1.99000000 -102.50371000
1.99100000 -102.75626000
1.99200000 -103.00751000
1.99300000 -103.25180000
1.99400000 -103.51537000
1.99500000 -103.77589000
1.99600000 -104.03544000
1.99700000 -104.28217000
1.99800000 -104.53294000
1.99900000 -104.79166000
2.00000000 -105.04761000
2.00100000 -105.30206000
2.00200000 -105.55794000
2.00300000 -105.80757000
2.00400000 -106.06100000
2.00500000 -106.32222000
2.00600000 -106.57671000
2.00700000 -106.82336000
2.00800000 -107.09110000
2.00900000 -107.33820000
2.01000000 -107.59021000
2.01100000 -107.84659000
2.01200000 -108.10544000
2.01300000 -108.35551000
2.01400000 -108.61900000
2.01500000 -108.87011000
2.01600000 -109.12715000
2.01700000 -109.37704000
2.01800000 -109.63449000
2.01900000 -109.88162000
2.02000000 -110.14680000
2.02100000 -110.39705000
2.02200000 -110.65656000
2.02300000 -110.90965000
2.02400000 -111.16064000
2.02500000 -111.41910000
2.02600000 -111.67339000
2.02700000 -111.93442000
2.02800000 -112.18445000
2.02900000 -112.44554000
2.03000000 -112.69636000
2.03100000 -112.95290000
2.03200000 -113.20934000
2.03300000 -113.46149000
2.03400000 -113.71747000
2.03500000 -113.97081000
2.03600000 -114.22019000
2.03700000 -114.48801000
2.03800000 -114.74049000
2.03900000 -114.99390000
2.04000000 -115.25005000
2.04100000 -115.50935000
2.04200000 -115.76781000
2.04300000 -116.02312000
2.04400000 -116.27888000
2.04500000 -116.53104000
2.04600000 -116.78626000
2.04700000 -117.03886000
2.04800000 -117.30296000
2.04900000 -117.55621000
2.05000000 -117.81302000
2.05100000 -118.07120000
2.05200000 -118.32275000
2.05300000 -118.58364000
2.05400000 -118.84405000
2.05500000 -119.09823000
2.05600000 -119.34766000
2.05700000 -119.59866000
2.05800000 -119.85780000
2.05900000 -120.11419000
2.06000000 -120.37295000
2.06100000 -120.63258000
2.06200000 -120.88296000
2.06300000 -121.14262000
2.06400000 -121.40276000
2.06500000 -121.65679000
2.06600000 -121.91155000
2.06700000 -122.16956000
2.06800000 -122.42699000
2.06900000 -122.67622000
2.07000000 -122.94598000
2.07100000 -123.19466000
2.07200000 -123.44955000
2.07300000 -123.71276000
2.07400000 -123.96918000
2.07500000 -124.22996000
2.07600000 -124.47355000
2.07700000 -124.74158000
2.07800000 -124.99316000
2.07900000 -125.25338000
2.08000000 -125.50403000
2.08100000 -125.76785000
2.08200000 -126.01299000
2.08300000 -126.28557000
2.08400000 -126.53621000
2.08500000 -126.79263000
2.08600000 -127.06152000
2.08700000 -127.30862000
2.08800000 -127.56599000
2.08900000 -127.82220000
2.09000000 -128.07663000
2.09100000 -128.33780000
2.09200000 -128.60568000
2.09300000 -128.85794000
2.09400000 -129.11574000
2.09500000 -129.37283000
2.09600000 -129.62628000
2.09700000 -129.89085000
2.09800000 -130.14090000
2.09900000 -130.40567000
2.10000000 -130.65472000
2.10100000 -130.91762000
2.10200000 -131.17374000
2.10300000 -131.43721000
2.10400000 -131.69118000
2.10500000 -131.94661000
2.10600000 -132.21217000
2.10700000 -132.46555000
2.10800000 -132.71988000
2.10900000 -132.97978000
2.11000000 -133.24142000
2.11100000 -133.50290000
2.11200000 -133.74409000
2.11300000 -134.01126000
2.11400000 -134.27888000
2.11500000 -134.53064000
2.11600000 -134.78300000
2.11700000 -135.05042000
2.11800000 -135.30112000
2.11900000 -135.56192000
2.12000000 -135.82030000
2.12100000 -136.08168000
2.12200000 -136.33383000
2.12300000 -136.58902000
2.12400000 -136.85135000
2.12500000 -137.11490000
2.12600000 -137.36795000
2.12700000 -137.62837000
2.12800000 -137.88869000
2.12900000 -138.14572000
2.13000000 -138.40613000
2.13100000 -138.66846000
2.13200000 -138.92508000
2.13300000 -139.18626000
2.13400000 -139.44331000
2.13500000 -139.70131000
2.13600000 -139.95886000
2.13700000 -140.21342000
2.13800000 -140.47969000
2.13900000 -140.74162000
2.14000000 -140.99420000
2.14100000 -141.25050000
2.14200000 -141.51494000
2.14300000 -141.77660000
2.14400000 -142.03210000
2.14500000 -142.29155000
2.14600000 -142.55391000
2.14700000 -142.80917000
2.14800000 -143.07629000
2.14900000 -143.32666000
2.15000000 -143.59518000
2.15100000 -143.85019000
2.15200000 -144.10654000
2.15300000 -144.37361000
2.15400000 -144.61795000
2.15500000 -144.88649000
2.15600000 -145.15414000
2.15700000 -145.41028000
2.15800000 -145.66782000
2.15900000 -145.92316000
2.16000000 -146.18520000
2.16100000 -146.44362000
2.16200000 -146.70491000
2.16300000 -146.95963000
2.16400000 -147.21906000
2.16500000 -147.47543000
2.16600000 -147.73878000
2.16700000 -148.00894000
2.16800000 -148.26263000
2.16900000 -148.51784000
2.17000000 -148.78606000
2.17100000 -149.04173000
2.17200000 -149.30624000
2.17300000 -149.56653000
2.17400000 -149.82185000
2.17500000 -150.07947000
2.17600000 -150.34207000
2.17700000 -150.59949000
2.17800000 -150.86502000
2.17900000 -151.12216000
2.18000000 -151.38835000
2.18100000 -151.63699000
2.18200000 -151.90181000
2.18300000 -152.15799000
2.18400000 -152.42204000
2.18500000 -152.68225000
2.18600000 -152.93835000
2.18700000 -153.19986000
2.18800000 -153.45909000
2.18900000 -153.71683000
2.19000000 -153.97781000
2.19100000 -154.24110000
2.19200000 -154.49950000
2.19300000 -154.75761000
2.19400000 -155.01306000
2.19500000 -155.27888000
2.19600000 -155.54497000
2.19700000 -155.79691000
2.19800000 -156.05536000
2.19900000 -156.31744000
2.20000000 -156.57573000
2.20100000 -156.84077000
2.20200000 -157.10687000
2.20300000 -157.36583000
2.20400000 -157.62041000
2.20500000 -157.87906000
2.20600000 -158.14325000
2.20700000 -158.40364000
2.20800000 -158.66391000
2.20900000 -158.92442000
2.21000000 -159.18062000
2.21100000 -159.44676000
2.21200000 -159.70726000
2.21300000 -159.96860000
2.21400000 -160.22495000
2.21500000 -160.47855000
2.21600000 -160.74190000
2.21700000 -161.00464000
2.21800000 -161.26352000
2.21900000 -161.51991000
2.22000000 -161.79205000
2.22100000 -162.03996000
2.22200000 -162.30775000
2.22300000 -162.56508000
2.22400000 -162.82631000
2.22500000 -163.09032000
2.22600000 -163.34201000
2.22700000 -163.60619000
2.22800000 -163.86290000
2.22900000 -164.12749000
2.23000000 -164.38445000
2.23100000 -164.65041000
2.23200000 -164.90689000
2.23300000 -165.17139000
2.23400000 -165.42619000
2.23500000 -165.68985000
2.23600000 -165.94928000
2.23700000 -166.21320000
2.23800000 -166.46812000
2.23900000 -166.72913000
2.24000000 -166.98996000
2.24100000 -167.25430000
2.24200000 -167.51305000
2.24300000 -167.77068000
2.24400000 -168.02768000
2.24500000 -168.29561000
2.24600000 -168.55310000
2.24700000 -168.80959000
2.24800000 -169.07216000
2.24900000 -169.32442000
2.25000000 -169.59235000
2.25100000 -169.84995000
2.25200000 -170.11821000
2.25300000 -170.37883000
2.25400000 -170.63144000
2.25500000 -170.89584000
2.25600000 -171.15402000
2.25700000 -171.41573000
2.25800000 -171.67969000
2.25900000 -171.93347000
2.26000000 -172.19441000
2.26100000 -172.45528000
2.26200000 -172.71680000
2.26300000 -172.97151000
2.26400000 -173.23181000
2.26500000 -173.49057000
2.26600000 -173.74698000
2.26700000 -174.01466000
2.26800000 -174.26968000
2.26900000 -174.52826000
2.27000000 -174.79820000
2.27100000 -175.05469000
2.27200000 -175.31715000
2.27300000 -175.57707000
2.27400000 -175.83290000
2.27500000 -176.09465000
2.27600000 -176.35887000
2.27700000 -176.61510000
2.27800000 -176.87332000
2.27900000 -177.12593000
2.28000000 -177.38721000
2.28100000 -177.65164000
2.28200000 -177.91496000
2.28300000 -178.17351000
2.28400000 -178.43954000
2.28500000 -178.69646000
2.28600000 -178.95999000
2.28700000 -179.21519000
2.28800000 -179.47620000
2.28900000 -179.72519000
2.29000000 -179.98650000
2.29100000 179.75327000
2.29200000 179.49048000
2.29300000 179.22984000
2.29400000 178.96548000
2.29500000 178.70880000
2.29600000 178.44957000
2.29700000 178.18382000
2.29800000 177.92670000
2.29900000 177.66797000
2.30000000 177.40363000
2.30100000 177.15105000
2.30200000 176.89345000
2.30300000 176.62993000
2.30400000 176.37300000
2.30500000 176.11679000
2.30600000 175.84311000
2.30700000 175.58888000
2.30800000 175.32990000
2.30900000 175.06656000
2.31000000 174.81026000
2.31100000 174.55334000
2.31200000 174.28821000
2.31300000 174.02719000
2.31400000 173.77217000
2.31500000 173.50754000
2.31600000 173.25375000
2.31700000 172.99055000
2.31800000 172.72656000
2.31900000 172.47212000
2.32000000 172.21320000
2.32100000 171.95050000
2.32200000 171.69406000
2.32300000 171.43295000
2.32400000 171.18059000
2.32500000 170.91849000
2.32600000 170.66138000
2.32700000 170.39973000
2.32800000 170.13736000
2.32900000 169.87943000
2.33000000 169.61903000
2.33100000 169.36064000
2.33200000 169.09958000
2.33300000 168.84473000
2.33400000 168.58929000
2.33500000 168.32619000
2.33600000 168.06450000
2.33700000 167.80087000
2.33800000 167.55357000
2.33900000 167.28337000
2.34000000 167.03038000
2.34100000 166.77086000
2.34200000 166.51224000
2.34300000 166.25284000
2.34400000 166.00310000
2.34500000 165.73604000
2.34600000 165.46922000
2.34700000 165.22241000
2.34800000 164.95479000
2.34900000 164.70221000
2.35000000 164.43858000
2.35100000 164.18590000
2.35200000 163.93137000
2.35300000 163.66893000
2.35400000 163.40808000
2.35500000 163.14676000
2.35600000 162.88556000
2.35700000 162.63269000
2.35800000 162.36702000
2.35900000 162.11600000
2.36000000 161.86299000
2.36100000 161.59676000
2.36200000 161.33871000
2.36300000 161.08510000
2.36400000 160.81703000
2.36500000 160.55566000
2.36600000 160.30740000
2.36700000 160.04942000
2.36800000 159.78679000
2.36900000 159.53120000
2.37000000 159.27293000
2.37100000 159.01064000
2.37200000 158.75882000
2.37300000 158.49443000
2.37400000 158.23932000
2.37500000 157.97826000
2.37600000 157.72002000
2.37700000 157.45515000
2.37800000 157.21046000
2.37900000 156.94829000
2.38000000 156.68001000
2.38100000 156.43242000
2.38200000 156.16705000
2.38300000 155.91705000
2.38400000 155.65451000
2.38500000 155.40123000
2.38600000 155.14166000
2.38700000 154.88451000
2.38800000 154.62781000
2.38900000 154.37823000
2.39000000 154.11313000
2.39100000 153.84807000
2.39200000 153.59299000
2.39300000 153.34012000
2.39400000 153.07991000
2.39500000 152.82933000
2.39600000 152.56526000
2.39700000 152.31300000
2.39800000 152.05978000
2.39900000 151.79376000
2.40000000 151.54402000
2.40100000 151.27959000
2.40200000 151.02556000
2.40300000 150.76909000
2.40400000 150.51578000
2.40500000 150.25606000
2.40600000 149.99646000
2.40700000 149.73677000
2.40800000 149.48984000
2.40900000 149.22546000
2.41000000 148.97113000
2.41100000 148.71672000
2.41200000 148.45941000
2.41300000 148.20552000
2.41400000 147.94203000
2.41500000 147.69116000
2.41600000 147.43434000
2.41700000 147.17261000
2.41800000 146.92117000
2.41900000 146.66890000
2.42000000 146.40875000
2.42100000 146.15367000
2.42200000 145.89478000
2.42300000 145.63406000
2.42400000 145.37682000
2.42500000 145.12755000
2.42600000 144.86870000
2.42700000 144.61395000
2.42800000 144.36407000
2.42900000 144.10167000
2.43000000 143.84840000
2.43100000 143.58858000
2.43200000 143.33279000
2.43300000 143.08586000
2.43400000 142.83182000
2.43500000 142.57047000
2.43600000 142.31525000
2.43700000 142.05577000
2.43800000 141.80910000
2.43900000 141.54912000
2.44000000 141.29172000
2.44100000 141.03041000
2.44200000 140.77716000
2.44300000 140.52213000
2.44400000 140.27286000
2.44500000 140.01901000
2.44600000 139.76764000
2.44700000 139.51096000
2.44800000 139.24803000
2.44900000 139.00090000
2.45000000 138.74716000
2.45100000 138.47974000
2.45200000 138.23161000
2.45300000 137.98073000
2.45400000 137.71242000
2.45500000 137.46973000
2.45600000 137.21632000
2.45700000 136.95851000
2.45800000 136.69981000
2.45900000 136.44621000
2.46000000 136.19708000
2.46100000 135.93344000
2.46200000 135.68701000
2.46300000 135.43295000
2.46400000 135.17705000
2.46500000 134.91954000
2.46600000 134.66194000
2.46700000 134.41760000
2.46800000 134.16138000
2.46900000 133.91138000
2.47000000 133.66147000
2.47100000 133.40103000
2.47200000 133.14619000
2.47300000 132.89241000
2.47400000 132.64523000
2.47500000 132.39232000
2.47600000 132.13332000
2.47700000 131.87636000
2.47800000 131.62801000
2.47900000 131.36197000
2.48000000 131.11975000
2.48100000 130.86633000
2.48200000 130.60538000
2.48300000 130.35802000
2.48400000 130.10706000
2.48500000 129.85342000
2.48600000 129.60152000
2.48700000 129.34325000
2.48800000 129.09221000
2.48900000 128.83432000
2.49000000 128.59145000
2.49100000 128.33383000
2.49200000 128.06851000
2.49300000 127.82548000
2.49400000 127.57418000
2.49500000 127.32092000
2.49600000 127.06058000
2.49700000 126.81241000
2.49800000 126.55544000
2.49900000 126.29763000
2.50000000 126.04930000
2.50100000 125.79531000
2.50200000 125.54007000
2.50300000 125.29707000
2.50400000 125.04168000
2.50500000 124.78664000
2.50600000 124.53457000
2.50700000 124.28051000
2.50800000 124.02513000
2.50900000 123.77295000
2.51000000 123.52468000
2.51100000 123.26662000
2.51200000 123.01420000
2.51300000 122.76682000
2.51400000 122.51167000
2.51500000 122.25272000
2.51600000 122.00364000
2.51700000 121.75666000
2.51800000 121.50101000
2.51900000 121.24371000
2.52000000 120.99720000
2.52100000 120.74825000
2.52200000 120.48809000
2.52300000 120.24080000
2.52400000 119.98740000
2.52500000 119.73270000
2.52600000 119.48262000
2.52700000 119.22951000
2.52800000 118.97732000
2.52900000 118.71983000
2.53000000 118.47631000
2.53100000 118.21910000
2.53200000 117.97117000
2.53300000 117.71564000
2.53400000 117.47507000
2.53500000 117.21432000
2.53600000 116.96856000
2.53700000 116.71493000
2.53800000 116.45988000
2.53900000 116.22257000
2.54000000 115.96645000
2.54100000 115.70127000
2.54200000 115.45752000
2.54300000 115.20066000
2.54400000 114.95978000
2.54500000 114.70057000
2.54600000 114.44597000
2.54700000 114.19644000
2.54800000 113.95071000
2.54900000 113.69328000
2.55000000 113.44888000
2.55100000 113.19749000
2.55200000 112.94813000
2.55300000 112.69498000
2.55400000 112.44187000
2.55500000 112.19501000
2.55600000 111.94344000
2.55700000 111.69869000
2.55800000 111.43780000
2.55900000 111.18515000
2.56000000 110.93010000
2.56100000 110.68263000
2.56200000 110.43427000
2.56300000 110.18514000
2.56400000 109.94011000
2.56500000 109.68683000
2.56600000 109.43198000
2.56700000 109.18106000
2.56800000 108.92523000
2.56900000 108.68717000
2.57000000 108.43027000
2.57100000 108.17654000
2.57200000 107.92822000
2.57300000 107.67551000
2.57400000 107.42966000
2.57500000 107.18263000
2.57600000 106.92617000
2.57700000 106.67007000
2.57800000 106.42488000
2.57900000 106.17385000
2.58000000 105.92748000
2.58100000 105.67400000
2.58200000 105.41933000
2.58300000 105.17262000
2.58400000 104.92467000
2.58500000 104.67390000
2.58600000 104.43376000
2.58700000 104.17686000
2.58800000 103.92170000
2.58900000 103.67461000
2.59000000 103.42165000
2.59100000 103.18523000
2.59200000 102.92930000
2.59300000 102.67709000
2.59400000 102.43620000
2.59500000 102.18607000
2.59600000 101.92579000
2.59700000 101.68070000
2.59800000 101.43020000
2.59900000 101.18542000
2.60000000 100.93449000
2.60100000 100.68727000
2.60200000 100.44176000
2.60300000 100.18798000
2.60400000 99.93863700
2.60500000 99.68755300
2.60600000 99.44843300
2.60700000 99.18897200
2.60800000 98.94783800
2.60900000 98.69571700
2.61000000 98.45516200
2.61100000 98.19504500
2.61200000 97.95273600
2.61300000 97.70702400
2.61400000 97.45961000
2.61500000 97.20805400
2.61600000 96.95528400
2.61700000 96.70047000
2.61800000 96.46443200
2.61900000 96.20245400
2.62000000 95.96258500
2.62100000 95.71672800
2.62200000 95.46328000
2.62300000 95.21622500
2.62400000 94.97300000
2.62500000 94.71363800
2.62600000 94.47424300
2.62700000 94.22751600
2.62800000 93.96855900
2.62900000 93.73246800
2.63000000 93.47806500
2.63100000 93.23950200
2.63200000 92.98810600
2.63300000 92.73725900
2.63400000 92.48816700
2.63500000 92.23445100
2.63600000 91.98744200
2.63700000 91.74447600
2.63800000 91.49526200
2.63900000 91.24148600
2.64000000 90.99842800
2.64100000 90.75135000
2.64200000 90.49978600
2.64300000 90.25331100
2.64400000 90.00614200
2.64500000 89.76501500
2.64600000 89.52259800
2.64700000 89.26995800
2.64800000 89.02368900
2.64900000 88.77644300
2.65000000 88.52687100
2.65100000 88.27518500
2.65200000 88.03198200
2.65300000 87.78422500
2.65400000 87.54679900
2.65500000 87.29325100
2.65600000 87.04235100
2.65700000 86.80846400
2.65800000 86.55438200
2.65900000 86.30613700
2.66000000 86.05961600
2.66100000 85.81217200
2.66200000 85.56370500
2.66300000 85.32328000
2.66400000 85.07600400
2.66500000 84.82781200
2.66600000 84.58356500
2.66700000 84.33273300
2.66800000 84.08915700
2.66900000 83.83773000
2.67000000 83.59658800
2.67100000 83.35554500
2.67200000 83.10887100
2.67300000 82.85662100
2.67400000 82.60435500
2.67500000 82.36413600
2.67600000 82.11664600
2.67700000 81.86859900
2.67800000 81.62814300
2.67900000 81.37477900
2.68000000 81.13317100
2.68100000 80.88839000
2.68200000 80.64191400
2.68300000 80.39682000
2.68400000 80.14815500
2.68500000 79.90238200
2.68600000 79.66044600
2.68700000 79.41215500
2.68800000 79.17162300
2.68900000 78.91553500
2.69000000 78.67172200
2.69100000 78.42992400
2.69200000 78.18595900
2.69300000 77.93672200
2.69400000 77.69251300
2.69500000 77.43827800
2.69600000 77.20021100
2.69700000 76.95420800
2.69800000 76.70611600
2.69900000 76.45729100
2.70000000 76.21540800
2.70100000 75.97029900
2.70200000 75.72311400
2.70300000 75.47566200
2.70400000 75.22825600
2.70500000 74.98796100
2.70600000 74.73304700
2.70700000 74.49373600
2.70800000 74.25876600
2.70900000 74.00450900
2.71000000 73.76384700
2.71100000 73.51168800
2.71200000 73.26730300
2.71300000 73.02130100
2.71400000 72.77980000
2.71500000 72.53172300
2.71600000 72.29097700
2.71700000 72.04133600
2.71800000 71.80098700
2.71900000 71.55062100
2.72000000 71.31120300
2.72100000 71.06234000
2.72200000 70.81874800
2.72300000 70.57229600
2.72400000 70.31697100
2.72500000 70.07931500
2.72600000 69.83751700
2.72700000 69.59432200
2.72800000 69.34896900
2.72900000 69.10191300
2.73000000 68.84713000
2.73100000 68.61369300
2.73200000 68.36238900
2.73300000 68.12999700
2.73400000 67.88417800
2.73500000 67.62332200
2.73600000 67.38971700
2.73700000 67.14099900
2.73800000 66.89918500
2.73900000 66.65837900
2.74000000 66.41627500
2.74100000 66.16233800
2.74200000 65.91884600
2.74300000 65.67069200
2.74400000 65.43199900
2.74500000 65.18992600
2.74600000 64.93994900
2.74700000 64.69654100
2.74800000 64.44940900
2.74900000 64.21035800
2.75000000 63.96700300
2.75100000 63.71305800
2.75200000 63.47524300
2.75300000 63.22545600
2.75400000 62.97809600
2.75500000 62.73914700
2.75600000 62.49721500
2.75700000 62.25170900
2.75800000 62.00082400
2.75900000 61.75815600
2.76000000 61.51747100
2.76100000 61.27483700
2.76200000 61.02469600
2.76300000 60.79485700
2.76400000 60.53141800
2.76500000 60.29649400
2.76600000 60.04972100
2.76700000 59.80770500
2.76800000 59.55463400
2.76900000 59.32240700
2.77000000 59.07568700
2.77100000 58.83151200
2.77200000 58.58657100
2.77300000 58.34545900
2.77400000 58.10760100
2.77500000 57.85047900
2.77600000 57.61067200
2.77700000 57.35927200
2.77800000 57.12780400
2.77900000 56.87949800
2.78000000 56.64053000
2.78100000 56.38579600
2.78200000 56.15108100
2.78300000 55.90215700
2.78400000 55.66073600
2.78500000 55.41178900
2.78600000 55.17984400
2.78700000 54.93134700
2.78800000 54.68851100
2.78900000 54.44662100
2.79000000 54.19750200
2.79100000 53.95693600
2.79200000 53.71755200
2.79300000 53.47104600
2.79400000 53.23348200
2.79500000 52.98635100
2.79600000 52.74000200
2.79700000 52.50499700
2.79800000 52.26190900
2.79900000 52.01915700
2.80000000 51.76998500
2.80100000 51.53392400
2.80200000 51.28077300
2.80300000 51.03927200
2.80400000 50.79317500
2.80500000 50.56073000
2.80600000 50.31141700
2.80700000 50.07768200
2.80800000 49.83184100
2.80900000 49.58445400
2.81000000 49.34017200
2.81100000 49.10045600
2.81200000 48.85711300
2.81300000 48.61324700
2.81400000 48.37062100
2.81500000 48.13305300
2.81600000 47.88583400
2.81700000 47.64223900
2.81800000 47.40448800
2.81900000 47.16138500
2.82000000 46.91428000
2.82100000 46.66364300
2.82200000 46.42972200
2.82300000 46.18308300
2.82400000 45.94205500
2.82500000 45.70307900
2.82600000 45.46065500
2.82700000 45.20860700
2.82800000 44.97873300
2.82900000 44.73313900
2.83000000 44.49467500
2.83100000 44.24511700
2.83200000 44.00448600
2.83300000 43.77083600
2.83400000 43.52136600
2.83500000 43.28069700
2.83600000 43.03766600
2.83700000 42.79077500
2.83800000 42.55228000
2.83900000 42.31518200
2.84000000 42.07327700
2.84100000 41.82946000
2.84200000 41.58352700
2.84300000 41.34140800
2.84400000 41.10078400
2.84500000 40.86460500
2.84600000 40.62177300
2.84700000 40.37566400
2.84800000 40.13814500
2.84900000 39.89672900
2.85000000 39.64870800
2.85100000 39.41178900
2.85200000 39.17423200
2.85300000 38.93186600
2.85400000 38.68619200
2.85500000 38.45447500
2.85600000 38.20712700
2.85700000 37.96277200
2.85800000 37.72717300
2.85900000 37.48648500
2.86000000 37.24631100
2.86100000 37.00297500
2.86200000 36.75989200
2.86300000 36.53089900
2.86400000 36.28451500
2.86500000 36.02999900
2.86600000 35.80219700
2.86700000 35.55694600
2.86800000 35.31550600
2.86900000 35.07982600
2.87000000 34.83725400
2.87100000 34.58903500
2.87200000 34.34676400
2.87300000 34.11743900
2.87400000 33.87192500
2.87500000 33.62882600
2.87600000 33.38806900
2.87700000 33.15050500
2.87800000 32.90255400
2.87900000 32.67305400
2.88000000 32.42198200
2.88100000 32.18164400
2.88200000 31.93922200
2.88300000 31.70572100
2.88400000 31.46298000
2.88500000 31.21847500
2.88600000 30.97853900
2.88700000 30.74117900
2.88800000 30.49535800
2.88900000 30.26263600
2.89000000 30.01487700
2.89100000 29.77872300
2.89200000 29.53808200
2.89300000 29.29909300
2.89400000 29.05177300
2.89500000 28.81686200
2.89600000 28.57226000
2.89700000 28.33012000
2.89800000 28.08973300
2.89900000 27.85443100
2.90000000 27.61405600
2.90100000 27.37129000
2.90200000 27.12788600
2.90300000 26.89657000
2.90400000 26.65202100
2.90500000 26.42016400
2.90600000 26.17730900
2.90700000 25.93664200
2.90800000 25.69299500
2.90900000 25.45731000
2.91000000 25.21097800
2.91100000 24.98061200
2.91200000 24.73218300
2.91300000 24.49988400
2.91400000 24.25712400
2.91500000 24.02926100
2.91600000 23.77790800
2.91700000 23.54200000
2.91800000 23.30908000
2.91900000 23.06502700
2.92000000 22.82589900
2.92100000 22.58238800
2.92200000 22.33937600
2.92300000 22.11163300
2.92400000 21.86288800
2.92500000 21.63162600
2.92600000 21.39703400
2.92700000 21.14438100
2.92800000 20.90887600
2.92900000 20.67152600
2.93000000 20.43078800
2.93100000 20.19510800
2.93200000 19.95530700
2.93300000 19.72161300
2.93400000 19.46837400
2.93500000 19.24081400
2.93600000 18.98939700
2.93700000 18.75492900
2.93800000 18.52092600
2.93900000 18.27299700
2.94000000 18.03915200
2.94100000 17.80796800
2.94200000 17.55569500
2.94300000 17.32531700
2.94400000 17.08091900
2.94500000 16.84320400
2.94600000 16.60552600
2.94700000 16.36039900
2.94800000 16.11768500
2.94900000 15.89014100
2.95000000 15.64357400
2.95100000 15.40297300
2.95200000 15.17416600
2.95300000 14.92379100
2.95400000 14.68689400
2.95500000 14.44697200
2.95600000 14.20626100
2.95700000 13.96655400
2.95800000 13.73074600
2.95900000 13.49184600
2.96000000 13.24888400
2.96100000 13.00672000
2.96200000 12.77732700
2.96300000 12.52827900
2.96400000 12.28806700
2.96500000 12.05197000
2.96600000 11.80933100
2.96700000 11.57059300
2.96800000 11.33006000
2.96900000 11.09924200
2.97000000 10.85229200
2.97100000 10.62001900
2.97200000 10.37971800
2.97300000 10.13521600
2.97400000 9.90409370
2.97500000 9.66181470
2.97600000 9.42579170
2.97700000 9.19100670
2.97800000 8.94944670
2.97900000 8.71578120
2.98000000 8.46707150
2.98100000 8.23510460
2.98200000 7.99750850
2.98300000 7.74920650
2.98400000 7.51657200
2.98500000 7.28503230
2.98600000 7.04877900
2.98700000 6.80626110
2.98800000 6.57232480
2.98900000 6.32863330
2.99000000 6.09634830
2.99100000 5.85886430
2.99200000 5.62365060
2.99300000 5.38949160
2.99400000 5.14748100
2.99500000 4.90314770
2.99600000 4.66718440
2.99700000 4.44491050
2.99800000 4.19779680
2.99900000 3.95299720
3.00000000 3.72498300
3.00100000 3.48870160
3.00200000 3.25513860
3.00300000 3.00918170
3.00400000 2.76855110
3.00500000 2.54061700
3.00600000 2.29968980
3.00700000 2.05503340
3.00800000 1.81882610
3.00900000 1.58657480
3.01000000 1.34189160
3.01100000 1.10725000
3.01200000 0.88087887
3.01300000 0.63747698
3.01400000 0.39775530
3.01500000 0.15834410
3.01600000 -0.07562733
3.01700000 -0.32190654
3.01800000 -0.54777282
3.01900000 -0.79161972
3.02000000 -1.02391280
3.02100000 -1.26197760
3.02200000 -1.50379970
3.02300000 -1.74202920
3.02400000 -1.97375690
3.02500000 -2.22154070
3.02600000 -2.45487690
3.02700000 -2.68475060
3.02800000 -2.92066690
3.02900000 -3.15893670
3.03000000 -3.40219430
3.03100000 -3.63978820
3.03200000 -3.87617850
3.03300000 -4.11345100
3.03400000 -4.34288550
3.03500000 -4.58265160
3.03600000 -4.82237480
3.03700000 -5.06016160
3.03800000 -5.29977610
3.03900000 -5.53437570
3.04000000 -5.77301410
3.04100000 -6.01058390
3.04200000 -6.22868920
3.04300000 -6.48147680
3.04400000 -6.70918130
3.04500000 -6.94658660
3.04600000 -7.18003420
3.04700000 -7.42730760
3.04800000 -7.65102620
3.04900000 -7.89523600
3.05000000 -8.12625030
3.05100000 -8.36091610
3.05200000 -8.59563920
3.05300000 -8.83269980
3.05400000 -9.06121640
3.05500000 -9.30231860
3.05600000 -9.53793140
3.05700000 -9.77335830
3.05800000 -10.00472800
3.05900000 -10.24906100
3.06000000 -10.48068000
3.06100000 -10.72411400
3.06200000 -10.95011900
3.06300000 -11.17699300
3.06400000 -11.41789900
3.06500000 -11.64817600
3.06600000 -11.88939600
3.06700000 -12.12662800
3.06800000 -12.36273800
3.06900000 -12.59351500
3.07000000 -12.82676600
3.07100000 -13.06707000
3.07200000 -13.29215000
3.07300000 -13.52671800
3.07400000 -13.76674900
3.07500000 -14.00049900
3.07600000 -14.23273900
3.07700000 -14.46351300
3.07800000 -14.70192100
3.07900000 -14.94230300
3.08000000 -15.16707200
3.08100000 -15.40257200
3.08200000 -15.64217200
3.08300000 -15.87579200
3.08400000 -16.10725800
3.08500000 -16.34301200
3.08600000 -16.57658400
3.08700000 -16.81717300
3.08800000 -17.05600200
3.08900000 -17.27717200
3.09000000 -17.52292100
3.09100000 -17.75317800
3.09200000 -17.98093400
3.09300000 -18.21897300
3.09400000 -18.45087400
3.09500000 -18.69021000
3.09600000 -18.91614900
3.09700000 -19.15962200
3.09800000 -19.38765900
3.09900000 -19.62275100
3.10000000 -19.85981800
3.10100000 -20.09150700
3.10200000 -20.32685500
3.10300000 -20.55724900
3.10400000 -20.79236800
3.10500000 -21.02915800
3.10600000 -21.25980600
3.10700000 -21.49585000
3.10800000 -21.72884900
3.10900000 -21.95846900
3.11000000 -22.19123500
3.11100000 -22.43538300
3.11200000 -22.66686200
3.11300000 -22.90172200
3.11400000 -23.13748600
3.11500000 -23.36745500
3.11600000 -23.59577900
3.11700000 -23.83722300
3.11800000 -24.06370000
3.11900000 -24.30475400
3.12000000 -24.53664600
3.12100000 -24.77411100
3.12200000 -25.00688000
3.12300000 -25.23326300
3.12400000 -25.47236400
3.12500000 -25.70794500
3.12600000 -25.93815200
3.12700000 -26.16848600
3.12800000 -26.40611300
3.12900000 -26.64017500
3.13000000 -26.87225300
3.13100000 -27.10530300
3.13200000 -27.32834200
3.13300000 -27.58026700
3.13400000 -27.81013900
3.13500000 -28.03933000
3.13600000 -28.27062200
3.13700000 -28.50793300
3.13800000 -28.73081600
3.13900000 -28.97201900
3.14000000 -29.20785900
3.14100000 -29.43886400
3.14200000 -29.66591300
3.14300000 -29.89038300
3.14400000 -30.12922500
3.14500000 -30.36722400
3.14600000 -30.60898000
3.14700000 -30.83789100
3.14800000 -31.06634700
3.14900000 -31.29381400
3.15000000 -31.53836400
3.15100000 -31.75622700
3.15200000 -32.00083200
3.15300000 -32.23061400
3.15400000 -32.45848100
3.15500000 -32.69389000
3.15600000 -32.92560200
3.15700000 -33.15905400
3.15800000 -33.39186500
3.15900000 -33.62460700
3.16000000 -33.85359600
3.16100000 -34.08697900
3.16200000 -34.31647100
3.16300000 -34.54915600
3.16400000 -34.78441600
3.16500000 -35.01589600
3.16600000 -35.24667400
3.16700000 -35.47496400
3.16800000 -35.70922500
3.16900000 -35.94484300
3.17000000 -36.17483100
3.17100000 -36.40538000
3.17200000 -36.64176900
3.17300000 -36.87477900
3.17400000 -37.10113500
3.17500000 -37.33454500
3.17600000 -37.56509000
3.17700000 -37.79877500
3.17800000 -38.02699700
3.17900000 -38.26021200
3.18000000 -38.49051300
3.18100000 -38.72382400
3.18200000 -38.94909300
3.18300000 -39.18065600
3.18400000 -39.41442500
3.18500000 -39.64584400
3.18600000 -39.88753500
3.18700000 -40.11029800
3.18800000 -40.34136600
3.18900000 -40.57422300
3.19000000 -40.79864100
3.19100000 -41.03278400
3.19200000 -41.26524400
3.19300000 -41.49598300
3.19400000 -41.72865700
3.19500000 -41.95648200
3.19600000 -42.18791200
3.19700000 -42.42308400
3.19800000 -42.65673400
3.19900000 -42.88412100
3.20000000 -43.11793100
