Frequency(GHz) s31_v1
1.20000000 -4.89119580
1.20100000 -4.88598630
1.20200000 -4.88120170
1.20300000 -4.87845370
1.20400000 -4.87361150
1.20500000 -4.86949250
1.20600000 -4.86500450
1.20700000 -4.86125660
1.20800000 -4.85712960
1.20900000 -4.85278510
1.21000000 -4.84865470
1.21100000 -4.84138680
1.21200000 -4.83832600
1.21300000 -4.83641100
1.21400000 -4.83068420
1.21500000 -4.82584290
1.21600000 -4.82344530
1.21700000 -4.81750300
1.21800000 -4.81249190
1.21900000 -4.80878310
1.22000000 -4.80493740
1.22100000 -4.80089190
1.22200000 -4.79590650
1.22300000 -4.79228350
1.22400000 -4.78748560
1.22500000 -4.78396460
1.22600000 -4.77966400
1.22700000 -4.77540870
1.22800000 -4.77144910
1.22900000 -4.76652570
1.23000000 -4.76297330
1.23100000 -4.75926020
1.23200000 -4.75405690
1.23300000 -4.75114060
1.23400000 -4.74588920
1.23500000 -4.74318220
1.23600000 -4.73793980
1.23700000 -4.73389010
1.23800000 -4.72998290
1.23900000 -4.72637410
1.24000000 -4.72068310
1.24100000 -4.71744490
1.24200000 -4.71269370
1.24300000 -4.70753480
1.24400000 -4.70476340
1.24500000 -4.70163730
1.24600000 -4.69775490
1.24700000 -4.69387960
1.24800000 -4.68893580
1.24900000 -4.68637800
1.25000000 -4.68112610
1.25100000 -4.67800050
1.25200000 -4.67535110
1.25300000 -4.66933920
1.25400000 -4.66652390
1.25500000 -4.66232820
1.25600000 -4.65703010
1.25700000 -4.65425440
1.25800000 -4.65059280
1.25900000 -4.64545820
1.26000000 -4.64295340
1.26100000 -4.63893030
1.26200000 -4.63510660
1.26300000 -4.63103390
1.26400000 -4.62802550
1.26500000 -4.62321040
1.26600000 -4.62029310
1.26700000 -4.61558250
1.26800000 -4.61150220
1.26900000 -4.60896870
1.27000000 -4.60433670
1.27100000 -4.60165120
1.27200000 -4.59718610
1.27300000 -4.59360650
1.27400000 -4.59035110
1.27500000 -4.58748720
1.27600000 -4.58374210
1.27700000 -4.57948730
1.27800000 -4.57576700
1.27900000 -4.57197900
1.28000000 -4.56759600
1.28100000 -4.56456040
1.28200000 -4.56182340
1.28300000 -4.55751510
1.28400000 -4.55456300
1.28500000 -4.55057860
1.28600000 -4.54625560
1.28700000 -4.54313140
1.28800000 -4.54009010
1.28900000 -4.53729150
1.29000000 -4.53220370
1.29100000 -4.52965310
1.29200000 -4.52549410
1.29300000 -4.52220490
1.29400000 -4.51969620
1.29500000 -4.51589920
1.29600000 -4.51325750
1.29700000 -4.51026390
1.29800000 -4.50554700
1.29900000 -4.50314430
1.30000000 -4.49923750
1.30100000 -4.49559740
1.30200000 -4.49479100
1.30300000 -4.49194770
1.30400000 -4.48825740
1.30500000 -4.48304130
1.30600000 -4.48053030
1.30700000 -4.47722580
1.30800000 -4.47431280
1.30900000 -4.47159240
1.31000000 -4.46909760
1.31100000 -4.46598240
1.31200000 -4.46184020
1.31300000 -4.45908160
1.31400000 -4.45691250
1.31500000 -4.45282130
1.31600000 -4.45012190
1.31700000 -4.44642310
1.31800000 -4.44452620
1.31900000 -4.44074770
1.32000000 -4.43748570
1.32100000 -4.43481160
1.32200000 -4.43176170
1.32300000 -4.42961070
1.32400000 -4.42624760
1.32500000 -4.42441270
1.32600000 -4.42090700
1.32700000 -4.41894530
1.32800000 -4.41483690
1.32900000 -4.41141180
1.33000000 -4.40861850
1.33100000 -4.40671350
1.33200000 -4.40436460
1.33300000 -4.40280490
1.33400000 -4.39866690
1.33500000 -4.39520650
1.33600000 -4.39384510
1.33700000 -4.39004230
1.33800000 -4.38719270
1.33900000 -4.38517090
1.34000000 -4.38227370
1.34100000 -4.37970880
1.34200000 -4.37723060
1.34300000 -4.37461760
1.34400000 -4.37309600
1.34500000 -4.37065320
1.34600000 -4.36647180
1.34700000 -4.36517140
1.34800000 -4.36324690
1.34900000 -4.35972880
1.35000000 -4.35727880
1.35100000 -4.35566140
1.35200000 -4.35230210
1.35300000 -4.34972100
1.35400000 -4.34789130
1.35500000 -4.34591440
1.35600000 -4.34206680
1.35700000 -4.34084610
1.35800000 -4.33774660
1.35900000 -4.33518740
1.36000000 -4.33222680
1.36100000 -4.33054070
1.36200000 -4.32865670
1.36300000 -4.32619290
1.36400000 -4.32439090
1.36500000 -4.32281210
1.36600000 -4.32140870
1.36700000 -4.31616020
1.36800000 -4.31805990
1.36900000 -4.31277370
1.37000000 -4.31159780
1.37100000 -4.30939870
1.37200000 -4.30696820
1.37300000 -4.30475810
1.37400000 -4.30293230
1.37500000 -4.30107310
1.37600000 -4.29901120
1.37700000 -4.29771570
1.37800000 -4.29531150
1.37900000 -4.29220060
1.38000000 -4.29109570
1.38100000 -4.28930230
1.38200000 -4.28807880
1.38300000 -4.28668400
1.38400000 -4.28274680
1.38500000 -4.28224040
1.38600000 -4.27934600
1.38700000 -4.27937220
1.38800000 -4.27625940
1.38900000 -4.27378460
1.39000000 -4.27295490
1.39100000 -4.27090880
1.39200000 -4.26978540
1.39300000 -4.26605460
1.39400000 -4.26526830
1.39500000 -4.26331000
1.39600000 -4.26165870
1.39700000 -4.26065020
1.39800000 -4.25860450
1.39900000 -4.25734660
1.40000000 -4.25487850
1.40100000 -4.25262690
1.40200000 -4.25112390
1.40300000 -4.25054360
1.40400000 -4.24766680
1.40500000 -4.24751380
1.40600000 -4.24450110
1.40700000 -4.24439950
1.40800000 -4.24276490
1.40900000 -4.24121760
1.41000000 -4.23883250
1.41100000 -4.23798560
1.41200000 -4.23574350
1.41300000 -4.23548130
1.41400000 -4.23321390
1.41500000 -4.23263220
1.41600000 -4.22977780
1.41700000 -4.22912550
1.41800000 -4.22835970
1.41900000 -4.22582290
1.42000000 -4.22596220
1.42100000 -4.22437140
1.42200000 -4.22126050
1.42300000 -4.22002650
1.42400000 -4.21914100
1.42500000 -4.21739630
1.42600000 -4.21634910
1.42700000 -4.21582560
1.42800000 -4.21346860
1.42900000 -4.21178580
1.43000000 -4.21114300
1.43100000 -4.20914980
1.43200000 -4.20827250
1.43300000 -4.20728680
1.43400000 -4.20580050
1.43500000 -4.20423700
1.43600000 -4.20439910
1.43700000 -4.20252040
1.43800000 -4.20152850
1.43900000 -4.20010660
1.44000000 -4.19819120
1.44100000 -4.19744590
1.44200000 -4.19698100
1.44300000 -4.19664430
1.44400000 -4.19491240
1.44500000 -4.19346950
1.44600000 -4.19271560
1.44700000 -4.19140390
1.44800000 -4.19111730
1.44900000 -4.18922850
1.45000000 -4.18872980
1.45100000 -4.18854480
1.45200000 -4.18704510
1.45300000 -4.18557790
1.45400000 -4.18527980
1.45500000 -4.18369910
1.45600000 -4.18258090
1.45700000 -4.18046280
1.45800000 -4.18084190
1.45900000 -4.17892170
1.46000000 -4.17968510
1.46100000 -4.17774820
1.46200000 -4.17755220
1.46300000 -4.17589520
1.46400000 -4.17477750
1.46500000 -4.17458060
1.46600000 -4.17355970
1.46700000 -4.17372800
1.46800000 -4.17242430
1.46900000 -4.17149310
1.47000000 -4.17175870
1.47100000 -4.16967820
1.47200000 -4.16983080
1.47300000 -4.16870740
1.47400000 -4.16781520
1.47500000 -4.16772030
1.47600000 -4.16729930
1.47700000 -4.16697650
1.47800000 -4.16582010
1.47900000 -4.16536810
1.48000000 -4.16326480
1.48100000 -4.16300060
1.48200000 -4.16371490
1.48300000 -4.16244360
1.48400000 -4.16174460
1.48500000 -4.16101410
1.48600000 -4.16095780
1.48700000 -4.16021060
1.48800000 -4.15893790
1.48900000 -4.15940000
1.49000000 -4.15782070
1.49100000 -4.15837860
1.49200000 -4.15724560
1.49300000 -4.15633680
1.49400000 -4.15707730
1.49500000 -4.15791460
1.49600000 -4.15623620
1.49700000 -4.15651560
1.49800000 -4.15621140
1.49900000 -4.15502600
1.50000000 -4.15555520
1.50100000 -4.15253640
1.50200000 -4.15335510
1.50300000 -4.15161230
1.50400000 -4.15168570
1.50500000 -4.15142150
1.50600000 -4.15088320
1.50700000 -4.15084650
1.50800000 -4.14952420
1.50900000 -4.14904210
1.51000000 -4.15007160
1.51100000 -4.14865680
1.51200000 -4.14856720
1.51300000 -4.14923240
1.51400000 -4.14975880
1.51500000 -4.14792820
1.51600000 -4.14813140
1.51700000 -4.14719200
1.51800000 -4.14727930
1.51900000 -4.14683960
1.52000000 -4.14688830
1.52100000 -4.14598080
1.52200000 -4.14612290
1.52300000 -4.14643430
1.52400000 -4.14584830
1.52500000 -4.14626690
1.52600000 -4.14544150
1.52700000 -4.14562700
1.52800000 -4.14497760
1.52900000 -4.14385800
1.53000000 -4.14421750
1.53100000 -4.14543870
1.53200000 -4.14466380
1.53300000 -4.14388610
1.53400000 -4.14349600
1.53500000 -4.14342210
1.53600000 -4.14346030
1.53700000 -4.14340590
1.53800000 -4.14318610
1.53900000 -4.14321570
1.54000000 -4.14391990
1.54100000 -4.14299630
1.54200000 -4.14203880
1.54300000 -4.14300440
1.54400000 -4.14344930
1.54500000 -4.14313980
1.54600000 -4.14288710
1.54700000 -4.14270070
1.54800000 -4.14223910
1.54900000 -4.14303400
1.55000000 -4.14328100
1.55100000 -4.14273880
1.55200000 -4.14303590
1.55300000 -4.14212660
1.55400000 -4.14346270
1.55500000 -4.14368530
1.55600000 -4.14286900
1.55700000 -4.14288470
1.55800000 -4.14271640
1.55900000 -4.14303830
1.56000000 -4.14489790
1.56100000 -4.14351320
1.56200000 -4.14384890
1.56300000 -4.14362140
1.56400000 -4.14370820
1.56500000 -4.14352130
1.56600000 -4.14465240
1.56700000 -4.14461710
1.56800000 -4.14424710
1.56900000 -4.14458470
1.57000000 -4.14494090
1.57100000 -4.14480260
1.57200000 -4.14464040
1.57300000 -4.14497040
1.57400000 -4.14466760
1.57500000 -4.14499430
1.57600000 -4.14631460
1.57700000 -4.14583210
1.57800000 -4.14558360
1.57900000 -4.14495940
1.58000000 -4.14648200
1.58100000 -4.14657970
1.58200000 -4.14688970
1.58300000 -4.14630560
1.58400000 -4.14758110
1.58500000 -4.14659400
1.58600000 -4.14740610
1.58700000 -4.14788010
1.58800000 -4.14856620
1.58900000 -4.14782480
1.59000000 -4.14875750
1.59100000 -4.14873700
1.59200000 -4.14916850
1.59300000 -4.14948270
1.59400000 -4.14937450
1.59500000 -4.15079550
1.59600000 -4.15122600
1.59700000 -4.15220450
1.59800000 -4.15043930
1.59900000 -4.15105960
1.60000000 -4.15120790
1.60100000 -4.15153600
1.60200000 -4.15230940
1.60300000 -4.15253930
1.60400000 -4.15222550
1.60500000 -4.15265510
1.60600000 -4.15414050
1.60700000 -4.15313290
1.60800000 -4.15404180
1.60900000 -4.15407090
1.61000000 -4.15479330
1.61100000 -4.15471080
1.61200000 -4.15597340
1.61300000 -4.15560670
1.61400000 -4.15558390
1.61500000 -4.15614220
1.61600000 -4.15699050
1.61700000 -4.15631870
1.61800000 -4.15699390
1.61900000 -4.15676310
1.62000000 -4.15825080
1.62100000 -4.15771530
1.62200000 -4.15973380
1.62300000 -4.15953780
1.62400000 -4.15886210
1.62500000 -4.16077230
1.62600000 -4.16014810
1.62700000 -4.16040850
1.62800000 -4.16103980
1.62900000 -4.16082430
1.63000000 -4.16235920
1.63100000 -4.16263150
1.63200000 -4.16321850
1.63300000 -4.16352460
1.63400000 -4.16419320
1.63500000 -4.16545150
1.63600000 -4.16462470
1.63700000 -4.16442110
1.63800000 -4.16596790
1.63900000 -4.16664030
1.64000000 -4.16728690
1.64100000 -4.16786190
1.64200000 -4.16806600
1.64300000 -4.16840600
1.64400000 -4.16782050
1.64500000 -4.16983130
1.64600000 -4.16967630
1.64700000 -4.16980270
1.64800000 -4.17064050
1.64900000 -4.17052600
1.65000000 -4.17198940
1.65100000 -4.17260650
1.65200000 -4.17325540
1.65300000 -4.17353630
1.65400000 -4.17533300
1.65500000 -4.17445710
1.65600000 -4.17519330
1.65700000 -4.17594770
1.65800000 -4.17588280
1.65900000 -4.17794800
1.66000000 -4.17702010
1.66100000 -4.17818210
1.66200000 -4.17823030
1.66300000 -4.17933270
1.66400000 -4.18028310
1.66500000 -4.17992500
1.66600000 -4.18214800
1.66700000 -4.18192770
1.66800000 -4.18261100
1.66900000 -4.18414160
1.67000000 -4.18358760
1.67100000 -4.18406920
1.67200000 -4.18447160
1.67300000 -4.18568710
1.67400000 -4.18618150
1.67500000 -4.18618060
1.67600000 -4.18804840
1.67700000 -4.18818520
1.67800000 -4.18927380
1.67900000 -4.19057560
1.68000000 -4.19055800
1.68100000 -4.19111820
1.68200000 -4.19160800
1.68300000 -4.19289730
1.68400000 -4.19279910
1.68500000 -4.19379280
1.68600000 -4.19439080
1.68700000 -4.19485470
1.68800000 -4.19594960
1.68900000 -4.19821550
1.69000000 -4.19838520
1.69100000 -4.19784120
1.69200000 -4.19868230
1.69300000 -4.20068600
1.69400000 -4.20158910
1.69500000 -4.20198440
1.69600000 -4.20242400
1.69700000 -4.20364760
1.69800000 -4.20414540
1.69900000 -4.20438530
1.70000000 -4.20532180
1.70100000 -4.20586300
1.70200000 -4.20703700
1.70300000 -4.20772310
1.70400000 -4.20887090
1.70500000 -4.20957090
1.70600000 -4.21144530
1.70700000 -4.21170520
1.70800000 -4.21235040
1.70900000 -4.21293930
1.71000000 -4.21435170
1.71100000 -4.21459250
1.71200000 -4.21516130
1.71300000 -4.21557860
1.71400000 -4.21656890
1.71500000 -4.21835610
1.71600000 -4.21917490
1.71700000 -4.21949290
1.71800000 -4.21947860
1.71900000 -4.22126200
1.72000000 -4.22333810
1.72100000 -4.22333000
1.72200000 -4.22379160
1.72300000 -4.22428700
1.72400000 -4.22565510
1.72500000 -4.22724200
1.72600000 -4.22903250
1.72700000 -4.22879120
1.72800000 -4.23111870
1.72900000 -4.23035000
1.73000000 -4.23138050
1.73100000 -4.23171810
1.73200000 -4.23275660
1.73300000 -4.23454000
1.73400000 -4.23577310
1.73500000 -4.23572160
1.73600000 -4.23682590
1.73700000 -4.23884300
1.73800000 -4.24083950
1.73900000 -4.24072930
1.74000000 -4.24336240
1.74100000 -4.24265430
1.74200000 -4.24370290
1.74300000 -4.24521400
1.74400000 -4.24534080
1.74500000 -4.24730870
1.74600000 -4.24766920
1.74700000 -4.24896810
1.74800000 -4.24887560
1.74900000 -4.25156120
1.75000000 -4.25312570
1.75100000 -4.25300030
1.75200000 -4.25499150
1.75300000 -4.25461820
1.75400000 -4.25654600
1.75500000 -4.25668190
1.75600000 -4.25956150
1.75700000 -4.26015760
1.75800000 -4.26121850
1.75900000 -4.26225850
1.76000000 -4.26280740
1.76100000 -4.26397560
1.76200000 -4.26482730
1.76300000 -4.26552010
1.76400000 -4.26877740
1.76500000 -4.26909350
1.76600000 -4.26952600
1.76700000 -4.27073050
1.76800000 -4.27385330
1.76900000 -4.27413370
1.77000000 -4.27473640
1.77100000 -4.27568530
1.77200000 -4.27789880
1.77300000 -4.27897740
1.77400000 -4.27987530
1.77500000 -4.28166480
1.77600000 -4.28312640
1.77700000 -4.28410430
1.77800000 -4.28540750
1.77900000 -4.28640840
1.78000000 -4.28778790
1.78100000 -4.28885410
1.78200000 -4.29027650
1.78300000 -4.29183200
1.78400000 -4.29251910
1.78500000 -4.29356810
1.78600000 -4.29586700
1.78700000 -4.29809900
1.78800000 -4.29837610
1.78900000 -4.30090430
1.79000000 -4.30144070
1.79100000 -4.30204390
1.79200000 -4.30368380
1.79300000 -4.30554200
1.79400000 -4.30607700
1.79500000 -4.30722860
1.79600000 -4.30971430
1.79700000 -4.31054210
1.79800000 -4.31201360
1.79900000 -4.31288620
1.80000000 -4.31457380
1.80100000 -4.31710910
1.80200000 -4.31814240
1.80300000 -4.31908700
1.80400000 -4.31961350
1.80500000 -4.32133960
1.80600000 -4.32382870
1.80700000 -4.32535410
1.80800000 -4.32669450
1.80900000 -4.32858660
1.81000000 -4.32993270
1.81100000 -4.33089640
1.81200000 -4.33249860
1.81300000 -4.33419700
1.81400000 -4.33669660
1.81500000 -4.33729550
1.81600000 -4.33888910
1.81700000 -4.34040780
1.81800000 -4.34252070
1.81900000 -4.34514050
1.82000000 -4.34484770
1.82100000 -4.34596010
1.82200000 -4.34877400
1.82300000 -4.34984250
1.82400000 -4.35094210
1.82500000 -4.35294290
1.82600000 -4.35497760
1.82700000 -4.35712240
1.82800000 -4.35876660
1.82900000 -4.36032770
1.83000000 -4.36110780
1.83100000 -4.36284400
1.83200000 -4.36566260
1.83300000 -4.36607270
1.83400000 -4.36738350
1.83500000 -4.36919590
1.83600000 -4.37140270
1.83700000 -4.37291240
1.83800000 -4.37493750
1.83900000 -4.37643910
1.84000000 -4.37809750
1.84100000 -4.38006210
1.84200000 -4.38160370
1.84300000 -4.38435790
1.84400000 -4.38514520
1.84500000 -4.38797040
1.84600000 -4.38925030
1.84700000 -4.39095880
1.84800000 -4.39320370
1.84900000 -4.39459660
1.85000000 -4.39695020
1.85100000 -4.39681670
1.85200000 -4.40002010
1.85300000 -4.40151120
1.85400000 -4.40339660
1.85500000 -4.40507890
1.85600000 -4.40702770
1.85700000 -4.40869190
1.85800000 -4.41211180
1.85900000 -4.41229920
1.86000000 -4.41448450
1.86100000 -4.41639800
1.86200000 -4.41905550
1.86300000 -4.42077260
1.86400000 -4.42284770
1.86500000 -4.42391540
1.86600000 -4.42672200
1.86700000 -4.42726420
1.86800000 -4.43019060
1.86900000 -4.43190100
1.87000000 -4.43519310
1.87100000 -4.43638420
1.87200000 -4.43907360
1.87300000 -4.44069190
1.87400000 -4.44216680
1.87500000 -4.44450000
1.87600000 -4.44610500
1.87700000 -4.44864510
1.87800000 -4.45057770
1.87900000 -4.45185950
1.88000000 -4.45435480
1.88100000 -4.45671270
1.88200000 -4.45732120
1.88300000 -4.46177720
1.88400000 -4.46352010
1.88500000 -4.46533780
1.88600000 -4.46593280
1.88700000 -4.46870990
1.88800000 -4.47087620
1.88900000 -4.47414540
1.89000000 -4.47557690
1.89100000 -4.47754760
1.89200000 -4.48003290
1.89300000 -4.48255440
1.89400000 -4.48473070
1.89500000 -4.48679690
1.89600000 -4.48891930
1.89700000 -4.49034170
1.89800000 -4.49378540
1.89900000 -4.49603030
1.90000000 -4.49717620
1.90100000 -4.49948500
1.90200000 -4.50212480
1.90300000 -4.50391010
1.90400000 -4.50721600
1.90500000 -4.50975280
1.90600000 -4.51081510
1.90700000 -4.51248600
1.90800000 -4.51520540
1.90900000 -4.51874970
1.91000000 -4.52024980
1.91100000 -4.52185630
1.91200000 -4.52568100
1.91300000 -4.52732560
1.91400000 -4.52946900
1.91500000 -4.53312920
1.91600000 -4.53459170
1.91700000 -4.53621150
1.91800000 -4.53965710
1.91900000 -4.54192590
1.92000000 -4.54523560
1.92100000 -4.54625130
1.92200000 -4.54817490
1.92300000 -4.55062440
1.92400000 -4.55341820
1.92500000 -4.55561730
1.92600000 -4.55912300
1.92700000 -4.56126880
1.92800000 -4.56374220
1.92900000 -4.56573680
1.93000000 -4.56910090
1.93100000 -4.57149410
1.93200000 -4.57300810
1.93300000 -4.57622150
1.93400000 -4.57957980
1.93500000 -4.58130980
1.93600000 -4.58350940
1.93700000 -4.58647870
1.93800000 -4.58873270
1.93900000 -4.59143880
1.94000000 -4.59338670
1.94100000 -4.59591440
1.94200000 -4.59987880
1.94300000 -4.60129310
1.94400000 -4.60486270
1.94500000 -4.60741760
1.94600000 -4.61020040
1.94700000 -4.61203340
1.94800000 -4.61439660
1.94900000 -4.61720990
1.95000000 -4.61973290
1.95100000 -4.62311740
1.95200000 -4.62624170
1.95300000 -4.62831590
1.95400000 -4.62992670
1.95500000 -4.63316920
1.95600000 -4.63469410
1.95700000 -4.63814450
1.95800000 -4.64047770
1.95900000 -4.64483400
1.96000000 -4.64697360
1.96100000 -4.64946990
1.96200000 -4.65128040
1.96300000 -4.65400510
1.96400000 -4.65765570
1.96500000 -4.66095690
1.96600000 -4.66313790
1.96700000 -4.66634650
1.96800000 -4.66835780
1.96900000 -4.67154500
1.97000000 -4.67408700
1.97100000 -4.67801860
1.97200000 -4.67867140
1.97300000 -4.68275830
1.97400000 -4.68651340
1.97500000 -4.68687730
1.97600000 -4.69040200
1.97700000 -4.69346380
1.97800000 -4.69688080
1.97900000 -4.70020060
1.98000000 -4.70166250
1.98100000 -4.70591400
1.98200000 -4.70803790
1.98300000 -4.70993610
1.98400000 -4.71418330
1.98500000 -4.71725420
1.98600000 -4.71914670
1.98700000 -4.72254900
1.98800000 -4.72497030
1.98900000 -4.72866110
1.99000000 -4.73048450
1.99100000 -4.73456480
1.99200000 -4.73759170
1.99300000 -4.73996020
1.99400000 -4.74364190
1.99500000 -4.74637220
1.99600000 -4.74958560
1.99700000 -4.75203700
1.99800000 -4.75545260
1.99900000 -4.75826930
2.00000000 -4.76149420
2.00100000 -4.76502660
2.00200000 -4.76743980
2.00300000 -4.77090640
2.00400000 -4.77347420
2.00500000 -4.77713870
2.00600000 -4.78120090
2.00700000 -4.78207110
2.00800000 -4.78573510
2.00900000 -4.78882030
2.01000000 -4.79194780
2.01100000 -4.79543830
2.01200000 -4.79922490
2.01300000 -4.80133440
2.01400000 -4.80486060
2.01500000 -4.80796430
2.01600000 -4.81138560
2.01700000 -4.81456800
2.01800000 -4.81650640
2.01900000 -4.81962250
2.02000000 -4.82421830
2.02100000 -4.82744880
2.02200000 -4.82883120
2.02300000 -4.83236930
2.02400000 -4.83640050
2.02500000 -4.83983950
2.02600000 -4.84253030
2.02700000 -4.84493450
2.02800000 -4.84887700
2.02900000 -4.85205080
2.03000000 -4.85598710
2.03100000 -4.85818860
2.03200000 -4.86171440
2.03300000 -4.86528250
2.03400000 -4.86701920
2.03500000 -4.87018630
2.03600000 -4.87361430
2.03700000 -4.87692980
2.03800000 -4.88083120
2.03900000 -4.88486720
2.04000000 -4.88546850
2.04100000 -4.88959460
2.04200000 -4.89210410
2.04300000 -4.89721060
2.04400000 -4.89996340
2.04500000 -4.90372420
2.04600000 -4.90650420
2.04700000 -4.91006660
2.04800000 -4.91192820
2.04900000 -4.91641760
2.05000000 -4.92027810
2.05100000 -4.92298080
2.05200000 -4.92637870
2.05300000 -4.92963650
2.05400000 -4.93344120
2.05500000 -4.93616200
2.05600000 -4.93912220
2.05700000 -4.94179150
2.05800000 -4.94739390
2.05900000 -4.94959740
2.06000000 -4.95202060
2.06100000 -4.95537140
2.06200000 -4.95896770
2.06300000 -4.96280190
2.06400000 -4.96621750
2.06500000 -4.96914390
2.06600000 -4.97406440
2.06700000 -4.97632550
2.06800000 -4.98029470
2.06900000 -4.98349000
2.07000000 -4.98737140
2.07100000 -4.98960920
2.07200000 -4.99376960
2.07300000 -4.99756480
2.07400000 -5.00027230
2.07500000 -5.00368360
2.07600000 -5.00720210
2.07700000 -5.01191000
2.07800000 -5.01460120
2.07900000 -5.01839260
2.08000000 -5.02165790
2.08100000 -5.02464910
2.08200000 -5.02857490
2.08300000 -5.03213360
2.08400000 -5.03688760
2.08500000 -5.03933910
2.08600000 -5.04182290
2.08700000 -5.04591800
2.08800000 -5.05010940
2.08900000 -5.05382110
2.09000000 -5.05659480
2.09100000 -5.06032130
2.09200000 -5.06354480
2.09300000 -5.06697650
2.09400000 -5.07017610
2.09500000 -5.07347820
2.09600000 -5.07834430
2.09700000 -5.08021550
2.09800000 -5.08467340
2.09900000 -5.08804940
2.10000000 -5.09272530
2.10100000 -5.09528210
2.10200000 -5.09867670
2.10300000 -5.10212470
2.10400000 -5.10607390
2.10500000 -5.10951190
2.10600000 -5.11389400
2.10700000 -5.11709210
2.10800000 -5.12045760
2.10900000 -5.12422900
2.11000000 -5.12668180
2.11100000 -5.13057710
2.11200000 -5.13400890
2.11300000 -5.13755660
2.11400000 -5.14190580
2.11500000 -5.14453790
2.11600000 -5.14939360
2.11700000 -5.15217690
2.11800000 -5.15571830
2.11900000 -5.15922310
2.12000000 -5.16373920
2.12100000 -5.16677190
2.12200000 -5.17119790
2.12300000 -5.17389540
2.12400000 -5.17872670
2.12500000 -5.18249890
2.12600000 -5.18585350
2.12700000 -5.18884800
2.12800000 -5.19195220
2.12900000 -5.19688270
2.13000000 -5.19990830
2.13100000 -5.20296760
2.13200000 -5.20757820
2.13300000 -5.21147680
2.13400000 -5.21509270
2.13500000 -5.21897320
2.13600000 -5.22249790
2.13700000 -5.22604850
2.13800000 -5.22908540
2.13900000 -5.23384760
2.14000000 -5.23741340
2.14100000 -5.24107980
2.14200000 -5.24315550
2.14300000 -5.24841400
2.14400000 -5.25178430
2.14500000 -5.25626090
2.14600000 -5.26040600
2.14700000 -5.26350310
2.14800000 -5.26836350
2.14900000 -5.27103660
2.15000000 -5.27533820
2.15100000 -5.27981090
2.15200000 -5.28327270
2.15300000 -5.28653960
2.15400000 -5.28893230
2.15500000 -5.29483030
2.15600000 -5.29733750
2.15700000 -5.30047610
2.15800000 -5.30524160
2.15900000 -5.30964420
2.16000000 -5.31228730
2.16100000 -5.31692220
2.16200000 -5.32009890
2.16300000 -5.32564260
2.16400000 -5.32913450
2.16500000 -5.33202360
2.16600000 -5.33684870
2.16700000 -5.33997770
2.16800000 -5.34410620
2.16900000 -5.34754370
2.17000000 -5.35168310
2.17100000 -5.35634800
2.17200000 -5.35911610
2.17300000 -5.36327120
2.17400000 -5.36600300
2.17500000 -5.37083390
2.17600000 -5.37475730
2.17700000 -5.37864880
2.17800000 -5.38227510
2.17900000 -5.38710880
2.18000000 -5.38953070
2.18100000 -5.39478640
2.18200000 -5.39795020
2.18300000 -5.40238330
2.18400000 -5.40590720
2.18500000 -5.41084720
2.18600000 -5.41347120
2.18700000 -5.41861060
2.18800000 -5.42166230
2.18900000 -5.42460060
2.19000000 -5.43090820
2.19100000 -5.43354180
2.19200000 -5.43877220
2.19300000 -5.44099860
2.19400000 -5.44539740
2.19500000 -5.44917870
2.19600000 -5.45323710
2.19700000 -5.45763640
2.19800000 -5.46054270
2.19900000 -5.46489240
2.20000000 -5.46819310
2.20100000 -5.47254610
2.20200000 -5.47718190
2.20300000 -5.48089460
2.20400000 -5.48596950
2.20500000 -5.48903130
2.20600000 -5.49276730
2.20700000 -5.49641180
2.20800000 -5.49991270
2.20900000 -5.50540490
2.21000000 -5.50947380
2.21100000 -5.51232620
2.21200000 -5.51794530
2.21300000 -5.52129410
2.21400000 -5.52483940
2.21500000 -5.52705670
2.21600000 -5.53251220
2.21700000 -5.53758810
2.21800000 -5.54115770
2.21900000 -5.54559610
2.22000000 -5.54888770
2.22100000 -5.55336760
2.22200000 -5.55839250
2.22300000 -5.56134990
2.22400000 -5.56567910
2.22500000 -5.57067010
2.22600000 -5.57348970
2.22700000 -5.57761380
2.22800000 -5.58213190
2.22900000 -5.58587270
2.23000000 -5.59024950
2.23100000 -5.59327840
2.23200000 -5.59701200
2.23300000 -5.60077430
2.23400000 -5.60624790
2.23500000 -5.61044030
2.23600000 -5.61460160
2.23700000 -5.61851070
2.23800000 -5.62166790
2.23900000 -5.62605480
2.24000000 -5.63037820
2.24100000 -5.63408040
2.24200000 -5.63873100
2.24300000 -5.64310070
2.24400000 -5.64688350
2.24500000 -5.64965110
2.24600000 -5.65468030
2.24700000 -5.65905810
2.24800000 -5.66360620
2.24900000 -5.66692920
2.25000000 -5.67233560
2.25100000 -5.67641500
2.25200000 -5.67964080
2.25300000 -5.68258000
2.25400000 -5.68712230
2.25500000 -5.69122890
2.25600000 -5.69712880
2.25700000 -5.70002130
2.25800000 -5.70395950
2.25900000 -5.70942880
2.26000000 -5.71187350
2.26100000 -5.71583220
2.26200000 -5.72034360
2.26300000 -5.72534800
2.26400000 -5.72891040
2.26500000 -5.73364160
2.26600000 -5.73702720
2.26700000 -5.74144940
2.26800000 -5.74652000
2.26900000 -5.74988030
2.27000000 -5.75443840
2.27100000 -5.75806330
2.27200000 -5.76227520
2.27300000 -5.76561830
2.27400000 -5.77074000
2.27500000 -5.77459760
2.27600000 -5.77803420
2.27700000 -5.78315970
2.27800000 -5.78709940
2.27900000 -5.79021980
2.28000000 -5.79583260
2.28100000 -5.79946800
2.28200000 -5.80340480
2.28300000 -5.80806830
2.28400000 -5.81272320
2.28500000 -5.81735850
2.28600000 -5.82107880
2.28700000 -5.82392220
2.28800000 -5.82900290
2.28900000 -5.83289100
2.29000000 -5.83744140
2.29100000 -5.84072780
2.29200000 -5.84592530
2.29300000 -5.84901140
2.29400000 -5.85321660
2.29500000 -5.85742240
2.29600000 -5.86167380
2.29700000 -5.86581420
2.29800000 -5.87005710
2.29900000 -5.87427000
2.30000000 -5.87815140
2.30100000 -5.88241100
2.30200000 -5.88660000
2.30300000 -5.89246560
2.30400000 -5.89611580
2.30500000 -5.89980940
2.30600000 -5.90451050
2.30700000 -5.90814640
2.30800000 -5.91127440
2.30900000 -5.91520600
2.31000000 -5.92030330
2.31100000 -5.92468980
2.31200000 -5.92749400
2.31300000 -5.93315790
2.31400000 -5.93715760
2.31500000 -5.94105530
2.31600000 -5.94559480
2.31700000 -5.94816060
2.31800000 -5.95434140
2.31900000 -5.95859770
2.32000000 -5.96222020
2.32100000 -5.96737340
2.32200000 -5.97111510
2.32300000 -5.97544910
2.32400000 -5.97887090
2.32500000 -5.98431110
2.32600000 -5.98768760
2.32700000 -5.99309210
2.32800000 -5.99693010
2.32900000 -6.00078250
2.33000000 -6.00555610
2.33100000 -6.00983190
2.33200000 -6.01371770
2.33300000 -6.01743170
2.33400000 -6.02297740
2.33500000 -6.02658750
2.33600000 -6.03027630
2.33700000 -6.03445670
2.33800000 -6.03880120
2.33900000 -6.04313950
2.34000000 -6.04922530
2.34100000 -6.05266330
2.34200000 -6.05630110
2.34300000 -6.06188390
2.34400000 -6.06582360
2.34500000 -6.06888580
2.34600000 -6.07300470
2.34700000 -6.07714220
2.34800000 -6.08193060
2.34900000 -6.08672710
2.35000000 -6.09057330
2.35100000 -6.09438470
2.35200000 -6.09996320
2.35300000 -6.10275550
2.35400000 -6.10786630
2.35500000 -6.11288600
2.35600000 -6.11530110
2.35700000 -6.12007620
2.35800000 -6.12432000
2.35900000 -6.12973210
2.36000000 -6.13405280
2.36100000 -6.13801910
2.36200000 -6.14226150
2.36300000 -6.14655210
2.36400000 -6.15035010
2.36500000 -6.15505890
2.36600000 -6.15892840
2.36700000 -6.16350750
2.36800000 -6.16858010
2.36900000 -6.17092420
2.37000000 -6.17642020
2.37100000 -6.18002940
2.37200000 -6.18513200
2.37300000 -6.19029000
2.37400000 -6.19442890
2.37500000 -6.19934370
2.37600000 -6.20346980
2.37700000 -6.20662550
2.37800000 -6.21313290
2.37900000 -6.21410660
2.38000000 -6.22050760
2.38100000 -6.22425270
2.38200000 -6.22914600
2.38300000 -6.23173480
2.38400000 -6.23795510
2.38500000 -6.24308590
2.38600000 -6.24691720
2.38700000 -6.25087790
2.38800000 -6.25478170
2.38900000 -6.26027150
2.39000000 -6.26411820
2.39100000 -6.26912160
2.39200000 -6.27348760
2.39300000 -6.27792600
2.39400000 -6.28337430
2.39500000 -6.28665300
2.39600000 -6.29117110
2.39700000 -6.29475400
2.39800000 -6.29989190
2.39900000 -6.30396270
2.40000000 -6.31005570
2.40100000 -6.31288620
2.40200000 -6.31864740
2.40300000 -6.32214450
2.40400000 -6.32636400
2.40500000 -6.33112860
2.40600000 -6.33587930
2.40700000 -6.34023190
2.40800000 -6.34526210
2.40900000 -6.34892750
2.41000000 -6.35266450
2.41100000 -6.35832640
2.41200000 -6.36105200
2.41300000 -6.36573510
2.41400000 -6.37078330
2.41500000 -6.37482260
2.41600000 -6.37966350
2.41700000 -6.38455720
2.41800000 -6.38867710
2.41900000 -6.39396760
2.42000000 -6.39773180
2.42100000 -6.40319400
2.42200000 -6.40732240
2.42300000 -6.41062260
2.42400000 -6.41346170
2.42500000 -6.41896820
2.42600000 -6.42401030
2.42700000 -6.42779590
2.42800000 -6.43272500
2.42900000 -6.43779990
2.43000000 -6.44100620
2.43100000 -6.44583420
2.43200000 -6.45044470
2.43300000 -6.45503760
2.43400000 -6.46106580
2.43500000 -6.46287440
2.43600000 -6.46743870
2.43700000 -6.47276970
2.43800000 -6.47736690
2.43900000 -6.48091550
2.44000000 -6.48572250
2.44100000 -6.49020580
2.44200000 -6.49471570
2.44300000 -6.49937150
2.44400000 -6.50454280
2.44500000 -6.50955200
2.44600000 -6.51201580
2.44700000 -6.51726580
2.44800000 -6.52127310
2.44900000 -6.52694610
2.45000000 -6.53046890
2.45100000 -6.53562260
2.45200000 -6.53845020
2.45300000 -6.54408930
2.45400000 -6.54867220
2.45500000 -6.55270860
2.45600000 -6.55859420
2.45700000 -6.56223250
2.45800000 -6.56693320
2.45900000 -6.57095340
2.46000000 -6.57655190
2.46100000 -6.57963370
2.46200000 -6.58499000
2.46300000 -6.58835650
2.46400000 -6.59342910
2.46500000 -6.59760520
2.46600000 -6.60335300
2.46700000 -6.60819960
2.46800000 -6.61284780
2.46900000 -6.61516950
2.47000000 -6.62056020
2.47100000 -6.62609000
2.47200000 -6.62849860
2.47300000 -6.63357400
2.47400000 -6.63675790
2.47500000 -6.64283610
2.47600000 -6.64646010
2.47700000 -6.65128470
2.47800000 -6.65640740
2.47900000 -6.65977570
2.48000000 -6.66517310
2.48100000 -6.66891960
2.48200000 -6.67328930
2.48300000 -6.67703680
2.48400000 -6.68124820
2.48500000 -6.68570280
2.48600000 -6.69102950
2.48700000 -6.69573350
2.48800000 -6.69958020
2.48900000 -6.70354460
2.49000000 -6.70892330
2.49100000 -6.71417620
2.49200000 -6.71751020
2.49300000 -6.72249650
2.49400000 -6.72653440
2.49500000 -6.73097520
2.49600000 -6.73367640
2.49700000 -6.73957680
2.49800000 -6.74452350
2.49900000 -6.74762390
2.50000000 -6.75196930
2.50100000 -6.75547650
2.50200000 -6.76112790
2.50300000 -6.76626250
2.50400000 -6.77023120
2.50500000 -6.77530960
2.50600000 -6.77866460
2.50700000 -6.78350590
2.50800000 -6.78830390
2.50900000 -6.79230210
2.51000000 -6.79678440
2.51100000 -6.80183460
2.51200000 -6.80737970
2.51300000 -6.81093360
2.51400000 -6.81393810
2.51500000 -6.81861780
2.51600000 -6.82468320
2.51700000 -6.82816120
2.51800000 -6.83267880
2.51900000 -6.83720730
2.52000000 -6.84224990
2.52100000 -6.84651900
2.52200000 -6.85055020
2.52300000 -6.85523460
2.52400000 -6.85997100
2.52500000 -6.86467460
2.52600000 -6.86952780
2.52700000 -6.87363530
2.52800000 -6.87728360
2.52900000 -6.88296750
2.53000000 -6.88734010
2.53100000 -6.89059830
2.53200000 -6.89617160
2.53300000 -6.90156080
2.53400000 -6.90531020
2.53500000 -6.90936230
2.53600000 -6.91520830
2.53700000 -6.91867210
2.53800000 -6.92303660
2.53900000 -6.92901180
2.54000000 -6.93133500
2.54100000 -6.93749710
2.54200000 -6.94155410
2.54300000 -6.94679550
2.54400000 -6.95109220
2.54500000 -6.95445060
2.54600000 -6.95948550
2.54700000 -6.96321010
2.54800000 -6.96776680
2.54900000 -6.97157100
2.55000000 -6.97788140
2.55100000 -6.98168330
2.55200000 -6.98744920
2.55300000 -6.99063970
2.55400000 -6.99482540
2.55500000 -6.99917840
2.55600000 -7.00495000
2.55700000 -7.00864360
2.55800000 -7.01302240
2.55900000 -7.01717620
2.56000000 -7.02090790
2.56100000 -7.02618980
2.56200000 -7.03055620
2.56300000 -7.03560920
2.56400000 -7.03943540
2.56500000 -7.04442120
2.56600000 -7.04906030
2.56700000 -7.05343390
2.56800000 -7.05777740
2.56900000 -7.06305220
2.57000000 -7.06643250
2.57100000 -7.07086610
2.57200000 -7.07601400
2.57300000 -7.08042480
2.57400000 -7.08474540
2.57500000 -7.08873510
2.57600000 -7.09243150
2.57700000 -7.09849980
2.57800000 -7.10278180
2.57900000 -7.10746100
2.58000000 -7.11180310
2.58100000 -7.11661150
2.58200000 -7.12060830
2.58300000 -7.12558890
2.58400000 -7.12890050
2.58500000 -7.13331560
2.58600000 -7.13845540
2.58700000 -7.14362570
2.58800000 -7.14869020
2.58900000 -7.15221070
2.59000000 -7.15886210
2.59100000 -7.16263870
2.59200000 -7.16682000
2.59300000 -7.17223220
2.59400000 -7.17567350
2.59500000 -7.18031220
2.59600000 -7.18394040
2.59700000 -7.18863820
2.59800000 -7.19395640
2.59900000 -7.19794180
2.60000000 -7.20242830
2.60100000 -7.20732210
2.60200000 -7.21151590
2.60300000 -7.21642020
2.60400000 -7.22154810
2.60500000 -7.22519490
2.60600000 -7.23039290
2.60700000 -7.23403450
2.60800000 -7.23945380
2.60900000 -7.24436760
2.61000000 -7.24857710
2.61100000 -7.25400450
2.61200000 -7.25755740
2.61300000 -7.26300140
2.61400000 -7.26738930
2.61500000 -7.27025460
2.61600000 -7.27545400
2.61700000 -7.27942470
2.61800000 -7.28447530
2.61900000 -7.28845930
2.62000000 -7.29358480
2.62100000 -7.29803900
2.62200000 -7.30178070
2.62300000 -7.30692580
2.62400000 -7.31245330
2.62500000 -7.31525140
2.62600000 -7.32099580
2.62700000 -7.32425070
2.62800000 -7.32972480
2.62900000 -7.33471870
2.63000000 -7.33742670
2.63100000 -7.34273910
2.63200000 -7.34821320
2.63300000 -7.35253050
2.63400000 -7.35595230
2.63500000 -7.36171480
2.63600000 -7.36553810
2.63700000 -7.37060980
2.63800000 -7.37598370
2.63900000 -7.37924190
2.64000000 -7.38518240
2.64100000 -7.38832810
2.64200000 -7.39322330
2.64300000 -7.39854150
2.64400000 -7.40397980
2.64500000 -7.40692850
2.64600000 -7.41187910
2.64700000 -7.41612240
2.64800000 -7.42060420
2.64900000 -7.42447190
2.65000000 -7.42980720
2.65100000 -7.43408390
2.65200000 -7.43917230
2.65300000 -7.44425820
2.65400000 -7.44763140
2.65500000 -7.45304350
2.65600000 -7.45850990
2.65700000 -7.46087930
2.65800000 -7.46603820
2.65900000 -7.47061590
2.66000000 -7.47545100
2.66100000 -7.48004250
2.66200000 -7.48420330
2.66300000 -7.48957060
2.66400000 -7.49413780
2.66500000 -7.49717570
2.66600000 -7.50142960
2.66700000 -7.50572590
2.66800000 -7.51037360
2.66900000 -7.51553680
2.67000000 -7.51937960
2.67100000 -7.52436920
2.67200000 -7.52924540
2.67300000 -7.53368090
2.67400000 -7.53799630
2.67500000 -7.54212620
2.67600000 -7.54692410
2.67700000 -7.55094620
2.67800000 -7.55491350
2.67900000 -7.55984070
2.68000000 -7.56536870
2.68100000 -7.56755020
2.68200000 -7.57375620
2.68300000 -7.57742310
2.68400000 -7.58156250
2.68500000 -7.58552980
2.68600000 -7.59069490
2.68700000 -7.59434840
2.68800000 -7.59850690
2.68900000 -7.60334590
2.69000000 -7.60797020
2.69100000 -7.61324310
2.69200000 -7.61611080
2.69300000 -7.62049770
2.69400000 -7.62533190
2.69500000 -7.62953280
2.69600000 -7.63297510
2.69700000 -7.63735870
2.69800000 -7.64277650
2.69900000 -7.64742280
2.70000000 -7.65199570
2.70100000 -7.65581940
2.70200000 -7.66082570
2.70300000 -7.66508100
2.70400000 -7.66978690
2.70500000 -7.67487340
2.70600000 -7.67916680
2.70700000 -7.68217090
2.70800000 -7.68688920
2.70900000 -7.69084790
2.71000000 -7.69455860
2.71100000 -7.69926070
2.71200000 -7.70392890
2.71300000 -7.70997290
2.71400000 -7.71258450
2.71500000 -7.71638440
2.71600000 -7.72188140
2.71700000 -7.72536130
2.71800000 -7.72944120
2.71900000 -7.73639730
2.72000000 -7.73956730
2.72100000 -7.74438050
2.72200000 -7.74701790
2.72300000 -7.75254680
2.72400000 -7.75440030
2.72500000 -7.76080510
2.72600000 -7.76419830
2.72700000 -7.76895050
2.72800000 -7.77463870
2.72900000 -7.77706910
2.73000000 -7.78248170
2.73100000 -7.78647420
2.73200000 -7.79049160
2.73300000 -7.79522180
2.73400000 -7.79973460
2.73500000 -7.80407330
2.73600000 -7.80785420
2.73700000 -7.81143430
2.73800000 -7.81701040
2.73900000 -7.82108120
2.74000000 -7.82400320
2.74100000 -7.82977630
2.74200000 -7.83387570
2.74300000 -7.83744430
2.74400000 -7.84133960
2.74500000 -7.84697010
2.74600000 -7.85061930
2.74700000 -7.85509540
2.74800000 -7.85922430
2.74900000 -7.86435650
2.75000000 -7.86811210
2.75100000 -7.87127260
2.75200000 -7.87615730
2.75300000 -7.88105200
2.75400000 -7.88506080
2.75500000 -7.88925270
2.75600000 -7.89194350
2.75700000 -7.89704130
2.75800000 -7.90133620
2.75900000 -7.90619990
2.76000000 -7.90968660
2.76100000 -7.91567090
2.76200000 -7.91839170
2.76300000 -7.92254970
2.76400000 -7.92754510
2.76500000 -7.93286660
2.76600000 -7.93552970
2.76700000 -7.93938830
2.76800000 -7.94459250
2.76900000 -7.94855260
2.77000000 -7.95304680
2.77100000 -7.95801260
2.77200000 -7.96086740
2.77300000 -7.96679210
2.77400000 -7.97170690
2.77500000 -7.97573900
2.77600000 -7.97919890
2.77700000 -7.98272090
2.77800000 -7.98808000
2.77900000 -7.99159000
2.78000000 -7.99636510
2.78100000 -8.00109480
2.78200000 -8.00498680
2.78300000 -8.00897220
2.78400000 -8.01485440
2.78500000 -8.01654340
2.78600000 -8.02115440
2.78700000 -8.02688220
2.78800000 -8.03163910
2.78900000 -8.03590300
2.79000000 -8.03864570
2.79100000 -8.04340080
2.79200000 -8.04839320
2.79300000 -8.05306430
2.79400000 -8.05620670
2.79500000 -8.06058880
2.79600000 -8.06576730
2.79700000 -8.06874080
2.79800000 -8.07324600
2.79900000 -8.07688140
2.80000000 -8.08074760
2.80100000 -8.08599090
2.80200000 -8.09003070
2.80300000 -8.09218500
2.80400000 -8.09797480
2.80500000 -8.10343650
2.80600000 -8.10575390
2.80700000 -8.11285310
2.80800000 -8.11468120
2.80900000 -8.11826420
2.81000000 -8.12400340
2.81100000 -8.12800690
2.81200000 -8.13059520
2.81300000 -8.13507840
2.81400000 -8.14025590
2.81500000 -8.14431860
2.81600000 -8.14827250
2.81700000 -8.15366550
2.81800000 -8.15742680
2.81900000 -8.16139220
2.82000000 -8.16520310
2.82100000 -8.16975780
2.82200000 -8.17380140
2.82300000 -8.17867660
2.82400000 -8.18231580
2.82500000 -8.18498130
2.82600000 -8.19015980
2.82700000 -8.19521330
2.82800000 -8.19893740
2.82900000 -8.20444110
2.83000000 -8.20752050
2.83100000 -8.21123310
2.83200000 -8.21550660
2.83300000 -8.22090820
2.83400000 -8.22324370
2.83500000 -8.22846890
2.83600000 -8.23172090
2.83700000 -8.23768620
2.83800000 -8.24114130
2.83900000 -8.24547290
2.84000000 -8.24940200
2.84100000 -8.25376420
2.84200000 -8.25850770
2.84300000 -8.26324270
2.84400000 -8.26702210
2.84500000 -8.27040580
2.84600000 -8.27390580
2.84700000 -8.27907090
2.84800000 -8.28279880
2.84900000 -8.28708650
2.85000000 -8.29076960
2.85100000 -8.29615400
2.85200000 -8.29990010
2.85300000 -8.30375100
2.85400000 -8.30707550
2.85500000 -8.31120400
2.85600000 -8.31561470
2.85700000 -8.32032300
2.85800000 -8.32332990
2.85900000 -8.32715800
2.86000000 -8.33286000
2.86100000 -8.33593080
2.86200000 -8.34210210
2.86300000 -8.34494590
2.86400000 -8.34880730
2.86500000 -8.35304930
2.86600000 -8.35695550
2.86700000 -8.36008550
2.86800000 -8.36484620
2.86900000 -8.36906620
2.87000000 -8.37223340
2.87100000 -8.37695500
2.87200000 -8.38059710
2.87300000 -8.38476940
2.87400000 -8.38998130
2.87500000 -8.39258860
2.87600000 -8.39727880
2.87700000 -8.39969540
2.87800000 -8.40445040
2.87900000 -8.40725040
2.88000000 -8.41094680
2.88100000 -8.41583540
2.88200000 -8.42165090
2.88300000 -8.42433640
2.88400000 -8.42786500
2.88500000 -8.43205550
2.88600000 -8.43687340
2.88700000 -8.44017410
2.88800000 -8.44481280
2.88900000 -8.44905850
2.89000000 -8.45135310
2.89100000 -8.45556070
2.89200000 -8.45910930
2.89300000 -8.46433070
2.89400000 -8.46765040
2.89500000 -8.47095490
2.89600000 -8.47624210
2.89700000 -8.47858910
2.89800000 -8.48155780
2.89900000 -8.48648260
2.90000000 -8.48973460
2.90100000 -8.49475480
2.90200000 -8.49850080
2.90300000 -8.50258450
2.90400000 -8.50691700
2.90500000 -8.51043990
2.90600000 -8.51368710
2.90700000 -8.51960470
2.90800000 -8.52307420
2.90900000 -8.52683070
2.91000000 -8.53010850
2.91100000 -8.53516670
2.91200000 -8.53798390
2.91300000 -8.54193690
2.91400000 -8.54526900
2.91500000 -8.54965690
2.91600000 -8.55274200
2.91700000 -8.55613230
2.91800000 -8.56107140
2.91900000 -8.56345650
2.92000000 -8.56919570
2.92100000 -8.57237240
2.92200000 -8.57536510
2.92300000 -8.57976060
2.92400000 -8.58229260
2.92500000 -8.58461000
2.92600000 -8.59033970
2.92700000 -8.59404950
2.92800000 -8.59781360
2.92900000 -8.60117240
2.93000000 -8.60479070
2.93100000 -8.60837080
2.93200000 -8.61124420
2.93300000 -8.61542130
2.93400000 -8.61938100
2.93500000 -8.62155060
2.93600000 -8.62625220
2.93700000 -8.62897680
2.93800000 -8.63317390
2.93900000 -8.63756850
2.94000000 -8.63969990
2.94100000 -8.64469430
2.94200000 -8.64713000
2.94300000 -8.65059570
2.94400000 -8.65421300
2.94500000 -8.65798570
2.94600000 -8.66076180
2.94700000 -8.66399770
2.94800000 -8.66852860
2.94900000 -8.67236900
2.95000000 -8.67617230
2.95100000 -8.67941570
2.95200000 -8.68264680
2.95300000 -8.68559930
2.95400000 -8.68997190
2.95500000 -8.69352630
2.95600000 -8.69702050
2.95700000 -8.70081420
2.95800000 -8.70293240
2.95900000 -8.70689870
2.96000000 -8.71093940
2.96100000 -8.71446700
2.96200000 -8.71732900
2.96300000 -8.71983050
2.96400000 -8.72423270
2.96500000 -8.72745510
2.96600000 -8.73235610
2.96700000 -8.73654370
2.96800000 -8.73919770
2.96900000 -8.74181940
2.97000000 -8.74716000
2.97100000 -8.75006290
2.97200000 -8.75387570
2.97300000 -8.75754930
2.97400000 -8.76185320
2.97500000 -8.76472570
2.97600000 -8.76810360
2.97700000 -8.77262590
2.97800000 -8.77575490
2.97900000 -8.77862170
2.98000000 -8.78306770
2.98100000 -8.78632070
2.98200000 -8.78987410
2.98300000 -8.79427240
2.98400000 -8.79746340
2.98500000 -8.80007840
2.98600000 -8.80433080
2.98700000 -8.80716230
2.98800000 -8.81156640
2.98900000 -8.81333640
2.99000000 -8.81783770
2.99100000 -8.82163620
2.99200000 -8.82383540
2.99300000 -8.82875060
2.99400000 -8.83094790
2.99500000 -8.83633040
2.99600000 -8.83803460
2.99700000 -8.84217740
2.99800000 -8.84642890
2.99900000 -8.84849550
3.00000000 -8.85286430
3.00100000 -8.85655780
3.00200000 -8.85942750
3.00300000 -8.86245060
3.00400000 -8.86707400
3.00500000 -8.87026120
3.00600000 -8.87205220
3.00700000 -8.87502190
3.00800000 -8.87810990
3.00900000 -8.88101290
3.01000000 -8.88535120
3.01100000 -8.88900280
3.01200000 -8.89178660
3.01300000 -8.89439390
3.01400000 -8.89811040
3.01500000 -8.90276050
3.01600000 -8.90669350
3.01700000 -8.90840630
3.01800000 -8.91062160
3.01900000 -8.91522690
3.02000000 -8.91614530
3.02100000 -8.92124370
3.02200000 -8.92491440
3.02300000 -8.92865660
3.02400000 -8.92968270
3.02500000 -8.93274400
3.02600000 -8.93765640
3.02700000 -8.94112970
3.02800000 -8.94416140
3.02900000 -8.94766620
3.03000000 -8.95090960
3.03100000 -8.95409870
3.03200000 -8.95648100
3.03300000 -8.96156310
3.03400000 -8.96529010
3.03500000 -8.96767430
3.03600000 -8.97175030
3.03700000 -8.97395520
3.03800000 -8.97817610
3.03900000 -8.98074050
3.04000000 -8.98441890
3.04100000 -8.98776250
3.04200000 -8.98971750
3.04300000 -8.99418740
3.04400000 -8.99693010
3.04500000 -9.00096800
3.04600000 -9.00461200
3.04700000 -9.00684740
3.04800000 -9.01017860
3.04900000 -9.01287560
3.05000000 -9.01767640
3.05100000 -9.01982590
3.05200000 -9.02339170
3.05300000 -9.02694420
3.05400000 -9.03139970
3.05500000 -9.03472520
3.05600000 -9.03737740
3.05700000 -9.03967190
3.05800000 -9.04275230
3.05900000 -9.04536250
3.06000000 -9.04856680
3.06100000 -9.05299570
3.06200000 -9.05569650
3.06300000 -9.05903150
3.06400000 -9.06158730
3.06500000 -9.06349280
3.06600000 -9.06699750
3.06700000 -9.07115550
3.06800000 -9.07500360
3.06900000 -9.07641700
3.07000000 -9.08024220
3.07100000 -9.08170700
3.07200000 -9.08474830
3.07300000 -9.08797170
3.07400000 -9.09137250
3.07500000 -9.09335900
3.07600000 -9.09690190
3.07700000 -9.09971620
3.07800000 -9.10298250
3.07900000 -9.10576250
3.08000000 -9.10753060
3.08100000 -9.11152270
3.08200000 -9.11475280
3.08300000 -9.11630820
3.08400000 -9.11990640
3.08500000 -9.12191870
3.08600000 -9.12573050
3.08700000 -9.12799170
3.08800000 -9.13240430
3.08900000 -9.13509940
3.09000000 -9.13720890
3.09100000 -9.13971900
3.09200000 -9.14200690
3.09300000 -9.14485070
3.09400000 -9.14781950
3.09500000 -9.15099050
3.09600000 -9.15225600
3.09700000 -9.15602210
3.09800000 -9.15827370
3.09900000 -9.16122530
3.10000000 -9.16433620
3.10100000 -9.16642000
3.10200000 -9.16975590
3.10300000 -9.17244150
3.10400000 -9.17601200
3.10500000 -9.17684270
3.10600000 -9.18055340
3.10700000 -9.18267350
3.10800000 -9.18530270
3.10900000 -9.18771360
3.11000000 -9.18998050
3.11100000 -9.19192030
3.11200000 -9.19598580
3.11300000 -9.19937420
3.11400000 -9.20187760
3.11500000 -9.20436100
3.11600000 -9.20563220
3.11700000 -9.20899770
3.11800000 -9.21340470
3.11900000 -9.21384050
3.12000000 -9.21953390
3.12100000 -9.21877100
3.12200000 -9.22295280
3.12300000 -9.22423740
3.12400000 -9.22729300
3.12500000 -9.22961140
3.12600000 -9.23156260
3.12700000 -9.23523620
3.12800000 -9.23732950
3.12900000 -9.23987290
3.13000000 -9.24336050
3.13100000 -9.24591730
3.13200000 -9.24741080
3.13300000 -9.25057320
3.13400000 -9.25220300
3.13500000 -9.25567530
3.13600000 -9.25819400
3.13700000 -9.26075650
3.13800000 -9.26336290
3.13900000 -9.26619150
3.14000000 -9.26725100
3.14100000 -9.26968960
3.14200000 -9.27200030
3.14300000 -9.27480130
3.14400000 -9.27684210
3.14500000 -9.27929690
3.14600000 -9.28338240
3.14700000 -9.28293610
3.14800000 -9.28738400
3.14900000 -9.28938290
3.15000000 -9.29274940
3.15100000 -9.29453850
3.15200000 -9.29600050
3.15300000 -9.29910280
3.15400000 -9.29957200
3.15500000 -9.30374340
3.15600000 -9.30532260
3.15700000 -9.30847740
3.15800000 -9.31134130
3.15900000 -9.31194690
3.16000000 -9.31426620
3.16100000 -9.31723590
3.16200000 -9.31931590
3.16300000 -9.32127000
3.16400000 -9.32409480
3.16500000 -9.32664490
3.16600000 -9.33032130
3.16700000 -9.33063890
3.16800000 -9.33314510
3.16900000 -9.33553220
3.17000000 -9.33820440
3.17100000 -9.33985040
3.17200000 -9.34224890
3.17300000 -9.34464450
3.17400000 -9.34633640
3.17500000 -9.34808060
3.17600000 -9.35171990
3.17700000 -9.35379700
3.17800000 -9.35464000
3.17900000 -9.35789970
3.18000000 -9.35971070
3.18100000 -9.36307810
3.18200000 -9.36458020
3.18300000 -9.36642460
3.18400000 -9.36958410
3.18500000 -9.36938760
3.18600000 -9.37312030
3.18700000 -9.37413980
3.18800000 -9.37811470
3.18900000 -9.37864210
3.19000000 -9.38063240
3.19100000 -9.38302140
3.19200000 -9.38446900
3.19300000 -9.38694760
3.19400000 -9.38985730
3.19500000 -9.39158730
3.19600000 -9.39393140
3.19700000 -9.39586260
3.19800000 -9.39579200
3.19900000 -9.39853190
3.20000000 -9.40090080
