Frequency phase_difference
1.20000000 41.90622594
1.20200000 42.08357413
1.20400000 42.26148456
1.20600000 42.43995629
1.20800000 42.61898830
1.21000000 42.79857949
1.21200000 42.97872864
1.21400000 43.15943446
1.21600000 43.34069556
1.21800000 43.52251043
1.22000000 43.70487750
1.22200000 43.88779508
1.22400000 44.07126136
1.22600000 44.25527447
1.22800000 44.43983241
1.23000000 44.62493307
1.23200000 44.81057425
1.23400000 44.99675364
1.23600000 45.18346881
1.23800000 45.37071724
1.24000000 45.55849628
1.24200000 45.74680319
1.24400000 45.93563508
1.24600000 46.12498899
1.24800000 46.31486182
1.25000000 46.50525035
1.25200000 46.69615127
1.25400000 46.88756111
1.25600000 47.07947632
1.25800000 47.27189322
1.26000000 47.46480798
1.26200000 47.65821669
1.26400000 47.85211530
1.26600000 48.04649962
1.26800000 48.24136537
1.27000000 48.43670811
1.27200000 48.63252331
1.27400000 48.82880628
1.27600000 49.02555222
1.27800000 49.22275620
1.28000000 49.42041317
1.28200000 49.61851794
1.28400000 49.81706520
1.28600000 50.01604950
1.28800000 50.21546527
1.29000000 50.41530681
1.29200000 50.61556829
1.29400000 50.81624374
1.29600000 51.01732708
1.29800000 51.21881207
1.30000000 51.42069236
1.30200000 51.62296148
1.30400000 51.82561281
1.30600000 52.02863960
1.30800000 52.23203498
1.31000000 52.43579195
1.31200000 52.63990337
1.31400000 52.84436199
1.31600000 53.04916041
1.31800000 53.25429112
1.32000000 53.45974646
1.32200000 53.66551868
1.32400000 53.87159986
1.32600000 54.07798200
1.32800000 54.28465693
1.33000000 54.49161639
1.33200000 54.69885199
1.33400000 54.90635520
1.33600000 55.11411740
1.33800000 55.32212982
1.34000000 55.53038360
1.34200000 55.73886974
1.34400000 55.94757913
1.34600000 56.15650255
1.34800000 56.36563067
1.35000000 56.57495405
1.35200000 56.78446312
1.35400000 56.99414822
1.35600000 57.20399959
1.35800000 57.41400735
1.36000000 57.62416153
1.36200000 57.83445203
1.36400000 58.04486869
1.36600000 58.25540123
1.36800000 58.46603928
1.37000000 58.67677238
1.37200000 58.88758997
1.37400000 59.09848141
1.37600000 59.30943598
1.37800000 59.52044285
1.38000000 59.73149115
1.38200000 59.94256989
1.38400000 60.15366802
1.38600000 60.36477442
1.38800000 60.57587790
1.39000000 60.78696718
1.39200000 60.99803095
1.39400000 61.20905780
1.39600000 61.42003628
1.39800000 61.63095487
1.40000000 61.84180201
1.40200000 62.05256608
1.40400000 62.26323540
1.40600000 62.47379825
1.40800000 62.68424288
1.41000000 62.89455749
1.41200000 63.10473022
1.41400000 63.31474921
1.41600000 63.52460256
1.41800000 63.73427831
1.42000000 63.94376452
1.42200000 64.15304920
1.42400000 64.36212035
1.42600000 64.57096594
1.42800000 64.77957395
1.43000000 64.98793232
1.43200000 65.19602901
1.43400000 65.40385196
1.43600000 65.61138912
1.43800000 65.81862843
1.44000000 66.02555785
1.44200000 66.23216534
1.44400000 66.43843886
1.44600000 66.64436640
1.44800000 66.84993597
1.45000000 67.05513560
1.45200000 67.25995332
1.45400000 67.46437722
1.45600000 67.66839540
1.45800000 67.87199599
1.46000000 68.07516718
1.46200000 68.27789717
1.46400000 68.48017421
1.46600000 68.68198660
1.46800000 68.88332269
1.47000000 69.08417087
1.47200000 69.28451960
1.47400000 69.48435736
1.47600000 69.68367272
1.47800000 69.88245430
1.48000000 70.08069080
1.48200000 70.27837095
1.48400000 70.47548358
1.48600000 70.67201758
1.48800000 70.86796191
1.49000000 71.06330560
1.49200000 71.25803779
1.49400000 71.45214766
1.49600000 71.64562450
1.49800000 71.83845766
1.50000000 72.03063661
1.50200000 72.22215087
1.50400000 72.41299009
1.50600000 72.60314399
1.50800000 72.79260239
1.51000000 72.98135520
1.51200000 73.16939243
1.51400000 73.35670421
1.51600000 73.54328075
1.51800000 73.72911236
1.52000000 73.91418948
1.52200000 74.09850264
1.52400000 74.28204248
1.52600000 74.46479974
1.52800000 74.64676530
1.53000000 74.82793011
1.53200000 75.00828528
1.53400000 75.18782199
1.53600000 75.36653158
1.53800000 75.54440546
1.54000000 75.72143520
1.54200000 75.89761247
1.54400000 76.07292906
1.54600000 76.24737687
1.54800000 76.42094795
1.55000000 76.59363444
1.55200000 76.76542864
1.55400000 76.93632293
1.55600000 77.10630986
1.55800000 77.27538206
1.56000000 77.44353232
1.56200000 77.61075354
1.56400000 77.77703875
1.56600000 77.94238111
1.56800000 78.10677389
1.57000000 78.27021053
1.57200000 78.43268454
1.57400000 78.59418960
1.57600000 78.75471951
1.57800000 78.91426818
1.58000000 79.07282967
1.58200000 79.23039816
1.58400000 79.38696796
1.58600000 79.54253351
1.58800000 79.69708937
1.59000000 79.85063024
1.59200000 80.00315094
1.59400000 80.15464642
1.59600000 80.30511176
1.59800000 80.45454217
1.60000000 80.60293298
1.60200000 80.75027967
1.60400000 80.89657781
1.60600000 81.04182313
1.60800000 81.18601147
1.61000000 81.32913881
1.61200000 81.47120123
1.61400000 81.61219497
1.61600000 81.75211637
1.61800000 81.89096190
1.62000000 82.02872818
1.62200000 82.16541191
1.62400000 82.30100995
1.62600000 82.43551927
1.62800000 82.56893696
1.63000000 82.70126024
1.63200000 82.83248646
1.63400000 82.96261306
1.63600000 83.09163764
1.63800000 83.21955790
1.64000000 83.34637166
1.64200000 83.47207687
1.64400000 83.59667159
1.64600000 83.72015400
1.64800000 83.84252240
1.65000000 83.96377522
1.65200000 84.08391099
1.65400000 84.20292836
1.65600000 84.32082611
1.65800000 84.43760311
1.66000000 84.55325838
1.66200000 84.66779102
1.66400000 84.78120027
1.66600000 84.89348547
1.66800000 85.00464608
1.67000000 85.11468168
1.67200000 85.22359193
1.67400000 85.33137665
1.67600000 85.43803573
1.67800000 85.54356920
1.68000000 85.64797718
1.68200000 85.75125991
1.68400000 85.85341773
1.68600000 85.95445110
1.68800000 86.05436059
1.69000000 86.15314687
1.69200000 86.25081071
1.69400000 86.34735301
1.69600000 86.44277476
1.69800000 86.53707705
1.70000000 86.63026109
1.70200000 86.72232819
1.70400000 86.81327976
1.70600000 86.90311733
1.70800000 86.99184250
1.71000000 87.07945702
1.71200000 87.16596269
1.71400000 87.25136146
1.71600000 87.33565535
1.71800000 87.41884650
1.72000000 87.50093714
1.72200000 87.58192960
1.72400000 87.66182631
1.72600000 87.74062981
1.72800000 87.81834273
1.73000000 87.89496780
1.73200000 87.97050785
1.73400000 88.04496579
1.73600000 88.11834467
1.73800000 88.19064758
1.74000000 88.26187775
1.74200000 88.33203849
1.74400000 88.40113320
1.74600000 88.46916539
1.74800000 88.53613864
1.75000000 88.60205665
1.75200000 88.66692320
1.75400000 88.73074216
1.75600000 88.79351750
1.75800000 88.85525328
1.76000000 88.91595364
1.76200000 88.97562282
1.76400000 89.03426516
1.76600000 89.09188508
1.76800000 89.14848708
1.77000000 89.20407577
1.77200000 89.25865582
1.77400000 89.31223201
1.77600000 89.36480921
1.77800000 89.41639235
1.78000000 89.46698647
1.78200000 89.51659670
1.78400000 89.56522822
1.78600000 89.61288634
1.78800000 89.65957642
1.79000000 89.70530391
1.79200000 89.75007435
1.79400000 89.79389336
1.79600000 89.83676665
1.79800000 89.87869998
1.80000000 89.91969922
1.80200000 89.95977031
1.80400000 89.99891927
1.80600000 90.03715219
1.80800000 90.07447526
1.81000000 90.11089471
1.81200000 90.14641688
1.81400000 90.18104818
1.81600000 90.21479507
1.81800000 90.24766411
1.82000000 90.27966193
1.82200000 90.31079522
1.82400000 90.34107076
1.82600000 90.37049538
1.82800000 90.39907600
1.83000000 90.42681960
1.83200000 90.45373324
1.83400000 90.47982402
1.83600000 90.50509915
1.83800000 90.52956587
1.84000000 90.55323150
1.84200000 90.57610343
1.84400000 90.59818912
1.84600000 90.61949607
1.84800000 90.64003187
1.85000000 90.65980415
1.85200000 90.67882062
1.85400000 90.69708903
1.85600000 90.71461722
1.85800000 90.73141306
1.86000000 90.74748449
1.86200000 90.76283951
1.86400000 90.77748617
1.86600000 90.79143258
1.86800000 90.80468690
1.87000000 90.81725737
1.87200000 90.82915223
1.87400000 90.84037982
1.87600000 90.85094852
1.87800000 90.86086675
1.88000000 90.87014298
1.88200000 90.87878574
1.88400000 90.88680360
1.88600000 90.89420518
1.88800000 90.90099914
1.89000000 90.90719420
1.89200000 90.91279911
1.89400000 90.91782266
1.89600000 90.92227370
1.89800000 90.92616111
1.90000000 90.92949381
1.90200000 90.93228076
1.90400000 90.93453096
1.90600000 90.93625346
1.90800000 90.93745732
1.91000000 90.93815166
1.91200000 90.93834562
1.91400000 90.93804837
1.91600000 90.93726915
1.91800000 90.93601717
1.92000000 90.93430173
1.92200000 90.93213213
1.92400000 90.92951769
1.92600000 90.92646779
1.92800000 90.92299180
1.93000000 90.91909914
1.93200000 90.91479926
1.93400000 90.91010161
1.93600000 90.90501568
1.93800000 90.89955098
1.94000000 90.89371704
1.94200000 90.88752339
1.94400000 90.88097961
1.94600000 90.87409529
1.94800000 90.86688001
1.95000000 90.85934340
1.95200000 90.85149509
1.95400000 90.84334472
1.95600000 90.83490194
1.95800000 90.82617643
1.96000000 90.81717785
1.96200000 90.80791589
1.96400000 90.79840024
1.96600000 90.78864061
1.96800000 90.77864670
1.97000000 90.76842822
1.97200000 90.75799487
1.97400000 90.74735639
1.97600000 90.73652247
1.97800000 90.72550284
1.98000000 90.71430721
1.98200000 90.70294529
1.98400000 90.69142679
1.98600000 90.67976142
1.98800000 90.66795887
1.99000000 90.65602883
1.99200000 90.64398099
1.99400000 90.63182502
1.99600000 90.61957058
1.99800000 90.60722732
2.00000000 90.59480487
2.00200000 90.58231287
2.00400000 90.56976092
2.00600000 90.55715862
2.00800000 90.54451552
2.01000000 90.53184120
2.01200000 90.51914518
2.01400000 90.50643699
2.01600000 90.49372609
2.01800000 90.48102198
2.02000000 90.46833408
2.02200000 90.45567181
2.02400000 90.44304457
2.02600000 90.43046170
2.02800000 90.41793254
2.03000000 90.40546639
2.03200000 90.39307252
2.03400000 90.38076014
2.03600000 90.36853847
2.03800000 90.35641667
2.04000000 90.34440385
2.04200000 90.33250911
2.04400000 90.32074149
2.04600000 90.30911000
2.04800000 90.29762360
2.05000000 90.28629120
2.05200000 90.27512169
2.05400000 90.26412390
2.05600000 90.25330660
2.05800000 90.24267854
2.06000000 90.23224839
2.06200000 90.22202480
2.06400000 90.21201635
2.06600000 90.20223157
2.06800000 90.19267893
2.07000000 90.18336686
2.07200000 90.17430373
2.07400000 90.16549784
2.07600000 90.15695744
2.07800000 90.14869072
2.08000000 90.14070582
2.08200000 90.13301079
2.08400000 90.12561366
2.08600000 90.11852235
2.08800000 90.11174475
2.09000000 90.10528866
2.09200000 90.09916183
2.09400000 90.09337194
2.09600000 90.08792658
2.09800000 90.08283330
2.10000000 90.07809956
2.10200000 90.07373275
2.10400000 90.06974020
2.10600000 90.06612915
2.10800000 90.06290676
2.11000000 90.06008015
2.11200000 90.05765632
2.11400000 90.05564221
2.11600000 90.05404469
2.11800000 90.05287055
2.12000000 90.05212648
2.12200000 90.05181910
2.12400000 90.05195497
2.12600000 90.05254054
2.12800000 90.05358218
2.13000000 90.05508619
2.13200000 90.05705876
2.13400000 90.05950604
2.13600000 90.06243404
2.13800000 90.06584873
2.14000000 90.06975596
2.14200000 90.07416151
2.14400000 90.07907106
2.14600000 90.08449022
2.14800000 90.09042448
2.15000000 90.09687928
2.15200000 90.10385993
2.15400000 90.11137168
2.15600000 90.11941966
2.15800000 90.12800894
2.16000000 90.13714448
2.16200000 90.14683114
2.16400000 90.15707371
2.16600000 90.16787686
2.16800000 90.17924519
2.17000000 90.19118319
2.17200000 90.20369527
2.17400000 90.21678573
2.17600000 90.23045880
2.17800000 90.24471858
2.18000000 90.25956910
2.18200000 90.27501430
2.18400000 90.29105800
2.18600000 90.30770395
2.18800000 90.32495579
2.19000000 90.34281708
2.19200000 90.36129126
2.19400000 90.38038169
2.19600000 90.40009164
2.19800000 90.42042427
2.20000000 90.44138267
2.20200000 90.46296980
2.20400000 90.48518855
2.20600000 90.50804171
2.20800000 90.53153198
2.21000000 90.55566194
2.21200000 90.58043412
2.21400000 90.60585091
2.21600000 90.63191463
2.21800000 90.65862751
2.22000000 90.68599168
2.22200000 90.71400917
2.22400000 90.74268193
2.22600000 90.77201181
2.22800000 90.80200057
2.23000000 90.83264986
2.23200000 90.86396128
2.23400000 90.89593631
2.23600000 90.92857633
2.23800000 90.96188266
2.24000000 90.99585650
2.24200000 91.03049898
2.24400000 91.06581113
2.24600000 91.10179391
2.24800000 91.13844817
2.25000000 91.17577468
2.25200000 91.21377412
2.25400000 91.25244710
2.25600000 91.29179412
2.25800000 91.33181561
2.26000000 91.37251191
2.26200000 91.41388328
2.26400000 91.45592990
2.26600000 91.49865184
2.26800000 91.54204912
2.27000000 91.58612166
2.27200000 91.63086932
2.27400000 91.67629184
2.27600000 91.72238891
2.27800000 91.76916014
2.28000000 91.81660505
2.28200000 91.86472309
2.28400000 91.91351362
2.28600000 91.96297594
2.28800000 92.01310926
2.29000000 92.06391272
2.29200000 92.11538539
2.29400000 92.16752626
2.29600000 92.22033423
2.29800000 92.27380817
2.30000000 92.32794683
2.30200000 92.38274892
2.30400000 92.43821307
2.30600000 92.49433784
2.30800000 92.55112171
2.31000000 92.60856311
2.31200000 92.66666039
2.31400000 92.72541184
2.31600000 92.78481566
2.31800000 92.84487003
2.32000000 92.90557302
2.32200000 92.96692266
2.32400000 93.02891690
2.32600000 93.09155365
2.32800000 93.15483073
2.33000000 93.21874592
2.33200000 93.28329693
2.33400000 93.34848141
2.33600000 93.41429695
2.33800000 93.48074109
2.34000000 93.54781129
2.34200000 93.61550499
2.34400000 93.68381952
2.34600000 93.75275221
2.34800000 93.82230029
2.35000000 93.89246097
2.35200000 93.96323138
2.35400000 94.03460862
2.35600000 94.10658971
2.35800000 94.17917163
2.36000000 94.25235134
2.36200000 94.32612569
2.36400000 94.40049153
2.36600000 94.47544564
2.36800000 94.55098476
2.37000000 94.62710557
2.37200000 94.70380471
2.37400000 94.78107878
2.37600000 94.85892432
2.37800000 94.93733785
2.38000000 95.01631582
2.38200000 95.09585465
2.38400000 95.17595072
2.38600000 95.25660035
2.38800000 95.33779984
2.39000000 95.41954545
2.39200000 95.50183337
2.39400000 95.58465979
2.39600000 95.66802083
2.39800000 95.75191260
2.40000000 95.83633114
2.40200000 95.92127249
2.40400000 96.00673263
2.40600000 96.09270752
2.40800000 96.17919306
2.41000000 96.26618514
2.41200000 96.35367961
2.41400000 96.44167230
2.41600000 96.53015898
2.41800000 96.61913542
2.42000000 96.70859734
2.42200000 96.79854043
2.42400000 96.88896036
2.42600000 96.97985278
2.42800000 97.07121329
2.43000000 97.16303747
2.43200000 97.25532090
2.43400000 97.34805909
2.43600000 97.44124756
2.43800000 97.53488179
2.44000000 97.62895724
2.44200000 97.72346936
2.44400000 97.81841355
2.44600000 97.91378522
2.44800000 98.00957973
2.45000000 98.10579245
2.45200000 98.20241870
2.45400000 98.29945381
2.45600000 98.39689306
2.45800000 98.49473175
2.46000000 98.59296513
2.46200000 98.69158846
2.46400000 98.79059697
2.46600000 98.88998588
2.46800000 98.98975039
2.47000000 99.08988570
2.47200000 99.19038698
2.47400000 99.29124941
2.47600000 99.39246813
2.47800000 99.49403830
2.48000000 99.59595504
2.48200000 99.69821350
2.48400000 99.80080878
2.48600000 99.90373600
2.48800000 100.00699026
2.49000000 100.11056666
2.49200000 100.21446029
2.49400000 100.31866623
2.49600000 100.42317957
2.49800000 100.52799538
2.50000000 100.63310875
2.50200000 100.73851473
2.50400000 100.84420841
2.50600000 100.95018484
2.50800000 101.05643911
2.51000000 101.16296627
2.51200000 101.26976140
2.51400000 101.37681957
2.51600000 101.48413584
2.51800000 101.59170530
2.52000000 101.69952303
2.52200000 101.80758410
2.52400000 101.91588360
2.52600000 102.02441662
2.52800000 102.13317827
2.53000000 102.24216364
2.53200000 102.35136785
2.53400000 102.46078601
2.53600000 102.57041325
2.53800000 102.68024471
2.54000000 102.79027553
2.54200000 102.90050087
2.54400000 103.01091588
2.54600000 103.12151575
2.54800000 103.23229567
2.55000000 103.34325082
2.55200000 103.45437644
2.55400000 103.56566773
2.55600000 103.67711994
2.55800000 103.78872833
2.56000000 103.90048817
2.56200000 104.01239473
2.56400000 104.12444332
2.56600000 104.23662925
2.56800000 104.34894787
2.57000000 104.46139451
2.57200000 104.57396456
2.57400000 104.68665339
2.57600000 104.79945641
2.57800000 104.91236906
2.58000000 105.02538677
2.58200000 105.13850502
2.58400000 105.25171928
2.58600000 105.36502508
2.58800000 105.47841793
2.59000000 105.59189340
2.59200000 105.70544705
2.59400000 105.81907449
2.59600000 105.93277133
2.59800000 106.04653323
2.60000000 106.16035585
2.60200000 106.27423489
2.60400000 106.38816606
2.60600000 106.50214511
2.60800000 106.61616781
2.61000000 106.73022995
2.61200000 106.84432737
2.61400000 106.95845590
2.61600000 107.07261143
2.61800000 107.18678986
2.62000000 107.30098712
2.62200000 107.41519917
2.62400000 107.52942200
2.62600000 107.64365163
2.62800000 107.75788410
2.63000000 107.87211549
2.63200000 107.98634190
2.63400000 108.10055946
2.63600000 108.21476435
2.63800000 108.32895275
2.64000000 108.44312088
2.64200000 108.55726502
2.64400000 108.67138143
2.64600000 108.78546645
2.64800000 108.89951641
2.65000000 109.01352769
2.65200000 109.12749672
2.65400000 109.24141993
2.65600000 109.35529380
2.65800000 109.46911483
2.66000000 109.58287958
2.66200000 109.69658460
2.66400000 109.81022650
2.66600000 109.92380193
2.66800000 110.03730756
2.67000000 110.15074008
2.67200000 110.26409623
2.67400000 110.37737279
2.67600000 110.49056656
2.67800000 110.60367436
2.68000000 110.71669309
2.68200000 110.82961963
2.68400000 110.94245092
2.68600000 111.05518394
2.68800000 111.16781569
2.69000000 111.28034320
2.69200000 111.39276355
2.69400000 111.50507384
2.69600000 111.61727121
2.69800000 111.72935284
2.70000000 111.84131592
2.70200000 111.95315771
2.70400000 112.06487547
2.70600000 112.17646651
2.70800000 112.28792817
2.71000000 112.39925783
2.71200000 112.51045289
2.71400000 112.62151080
2.71600000 112.73242903
2.71800000 112.84320509
2.72000000 112.95383652
2.72200000 113.06432090
2.72400000 113.17465584
2.72600000 113.28483897
2.72800000 113.39486798
2.73000000 113.50474057
2.73200000 113.61445448
2.73400000 113.72400749
2.73600000 113.83339740
2.73800000 113.94262205
2.74000000 114.05167932
2.74200000 114.16056710
2.74400000 114.26928334
2.74600000 114.37782599
2.74800000 114.48619308
2.75000000 114.59438261
2.75200000 114.70239267
2.75400000 114.81022133
2.75600000 114.91786674
2.75800000 115.02532705
2.76000000 115.13260045
2.76200000 115.23968516
2.76400000 115.34657943
2.76600000 115.45328155
2.76800000 115.55978982
2.77000000 115.66610259
2.77200000 115.77221823
2.77400000 115.87813514
2.77600000 115.98385176
2.77800000 116.08936656
2.78000000 116.19467801
2.78200000 116.29978465
2.78400000 116.40468502
2.78600000 116.50937770
2.78800000 116.61386130
2.79000000 116.71813446
2.79200000 116.82219584
2.79400000 116.92604414
2.79600000 117.02967806
2.79800000 117.13309637
2.80000000 117.23629784
2.80200000 117.33928126
2.80400000 117.44204548
2.80600000 117.54458934
2.80800000 117.64691173
2.81000000 117.74901156
2.81200000 117.85088777
2.81400000 117.95253932
2.81600000 118.05396519
2.81800000 118.15516440
2.82000000 118.25613598
2.82200000 118.35687901
2.82400000 118.45739256
2.82600000 118.55767576
2.82800000 118.65772774
2.83000000 118.75754766
2.83200000 118.85713471
2.83400000 118.95648810
2.83600000 119.05560705
2.83800000 119.15449084
2.84000000 119.25313873
2.84200000 119.35155003
2.84400000 119.44972406
2.84600000 119.54766018
2.84800000 119.64535774
2.85000000 119.74281615
2.85200000 119.84003482
2.85400000 119.93701318
2.85600000 120.03375069
2.85800000 120.13024682
2.86000000 120.22650107
2.86200000 120.32251297
2.86400000 120.41828204
2.86600000 120.51380786
2.86800000 120.60909000
2.87000000 120.70412806
2.87200000 120.79892165
2.87400000 120.89347042
2.87600000 120.98777402
2.87800000 121.08183213
2.88000000 121.17564444
2.88200000 121.26921067
2.88400000 121.36253054
2.88600000 121.45560381
2.88800000 121.54843024
2.89000000 121.64100962
2.89200000 121.73334174
2.89400000 121.82542643
2.89600000 121.91726352
2.89800000 122.00885287
2.90000000 122.10019434
2.90200000 122.19128782
2.90400000 122.28213321
2.90600000 122.37273043
2.90800000 122.46307940
2.91000000 122.55318009
2.91200000 122.64303244
2.91400000 122.73263645
2.91600000 122.82199210
2.91800000 122.91109940
2.92000000 122.99995837
2.92200000 123.08856906
2.92400000 123.17693150
2.92600000 123.26504578
2.92800000 123.35291195
2.93000000 123.44053013
2.93200000 123.52790041
2.93400000 123.61502290
2.93600000 123.70189775
2.93800000 123.78852509
2.94000000 123.87490509
2.94200000 123.96103790
2.94400000 124.04692372
2.94600000 124.13256274
2.94800000 124.21795515
2.95000000 124.30310118
2.95200000 124.38800106
2.95400000 124.47265502
2.95600000 124.55706331
2.95800000 124.64122620
2.96000000 124.72514397
2.96200000 124.80881688
2.96400000 124.89224524
2.96600000 124.97542934
2.96800000 125.05836952
2.97000000 125.14106607
2.97200000 125.22351935
2.97400000 125.30572969
2.97600000 125.38769745
2.97800000 125.46942299
2.98000000 125.55090668
2.98200000 125.63214890
2.98400000 125.71315004
2.98600000 125.79391049
2.98800000 125.87443068
2.99000000 125.95471100
2.99200000 126.03475188
2.99400000 126.11455376
2.99600000 126.19411707
2.99800000 126.27344227
3.00000000 126.35252980
3.00200000 126.43138012
3.00400000 126.50999372
3.00600000 126.58837106
3.00800000 126.66651264
3.01000000 126.74441893
3.01200000 126.82209045
3.01400000 126.89952769
3.01600000 126.97673118
3.01800000 127.05370141
3.02000000 127.13043893
3.02200000 127.20694426
3.02400000 127.28321794
3.02600000 127.35926052
3.02800000 127.43507254
3.03000000 127.51065455
3.03200000 127.58600712
3.03400000 127.66113082
3.03600000 127.73602621
3.03800000 127.81069388
3.04000000 127.88513440
3.04200000 127.95934836
3.04400000 128.03333636
3.04600000 128.10709899
3.04800000 128.18063685
3.05000000 128.25395055
3.05200000 128.32704071
3.05400000 128.39990793
3.05600000 128.47255285
3.05800000 128.54497607
3.06000000 128.61717823
3.06200000 128.68915997
3.06400000 128.76092192
3.06600000 128.83246472
3.06800000 128.90378901
3.07000000 128.97489544
3.07200000 129.04578466
3.07400000 129.11645734
3.07600000 129.18691412
3.07800000 129.25715567
3.08000000 129.32718265
3.08200000 129.39699573
3.08400000 129.46659558
3.08600000 129.53598288
3.08800000 129.60515830
3.09000000 129.67412253
3.09200000 129.74287624
3.09400000 129.81142012
3.09600000 129.87975485
3.09800000 129.94788114
3.10000000 130.01579966
3.10200000 130.08351112
3.10400000 130.15101621
3.10600000 130.21831563
3.10800000 130.28541008
3.11000000 130.35230027
3.11200000 130.41898690
3.11400000 130.48547067
3.11600000 130.55175230
3.11800000 130.61783250
3.12000000 130.68371198
3.12200000 130.74939145
3.12400000 130.81487163
3.12600000 130.88015324
3.12800000 130.94523699
3.13000000 131.01012360
3.13200000 131.07481380
3.13400000 131.13930831
3.13600000 131.20360784
3.13800000 131.26771313
3.14000000 131.33162490
3.14200000 131.39534388
3.14400000 131.45887079
3.14600000 131.52220636
3.14800000 131.58535132
3.15000000 131.64830640
3.15200000 131.71107233
3.15400000 131.77364984
3.15600000 131.83603967
3.15800000 131.89824254
3.16000000 131.96025919
3.16200000 132.02209035
3.16400000 132.08373676
3.16600000 132.14519914
3.16800000 132.20647823
3.17000000 132.26757477
3.17200000 132.32848949
3.17400000 132.38922312
3.17600000 132.44977641
3.17800000 132.51015007
3.18000000 132.57034485
3.18200000 132.63036149
3.18400000 132.69020071
3.18600000 132.74986325
3.18800000 132.80934985
3.19000000 132.86866124
3.19200000 132.92779814
3.19400000 132.98676131
3.19600000 133.04555146
3.19800000 133.10416932
3.20000000 133.16261565
