Frequency directivity
1.2 2.292307729907
1.202 2.3006403860197997
1.204 2.3089962996553997
1.206 2.3173757155085006
1.208 2.325778879016001
1.21 2.334206036354
1.212 2.3426574344351003
1.214 2.3511333209048004
1.216 2.3596339441398992
1.218 2.3681595532447997
1.22 2.376710398050201
1.222 2.3852867291098994
1.224 2.3938887976997005
1.226 2.4025168558143006
1.228 2.4111711561666995
1.23 2.4198519521858994
1.232 2.4285594980155008
1.234 2.4372940485134
1.236 2.4460558592499995
1.238 2.4548451865074004
1.24 2.46366228728
1.242 2.472507419272799
1.244 2.4813808409025
1.246 2.4902828112975
1.248 2.4992135902983
1.25 2.508173438458001
1.252 2.5171626170446
1.254 2.5261813880411994
1.256 2.5352300141481994
1.258 2.5443087587857995
1.26 2.5534178860958994
1.262 2.562557660945301
1.264 2.5717283489284
1.266 2.5809302163715007
1.268 2.5901635303358006
1.27 2.5994285586228
1.272 2.608725569778101
1.274 2.6180548330975997
1.276 2.6274166186323002
1.278 2.6368111971951
1.28 2.6462388403670998
1.282 2.655699820504701
1.284 2.6651944107474
1.286 2.6747228850261004
1.288 2.6842855180715004
1.29 2.6938825854232
1.292 2.7035143634404006
1.294 2.7131811293113994
1.296 2.722883161064999
1.298 2.7326207375825993
1.3 2.7423941386094004
1.302 2.752203644768799
1.304 2.7620495375747005
1.306 2.7719320994470005
1.308 2.7818516137257996
1.31 2.791808364687399
1.312 2.801802637561299
1.314 2.811834718547
1.316 2.8219048948320005
1.318 2.8320134546112996
1.32 2.8421606871067002
1.322 2.852346882587299
1.324 2.8625723323911005
1.326 2.8728373289475
1.328 2.8831421658001
1.33 2.893487137631401
1.332 2.9038725402871997
1.334 2.9142986708034
1.336 2.924765827432699
1.338 2.9352743096725
1.34 2.945824418294399
1.342 2.9564164553738994
1.344 2.967050724322199
1.346 2.9777275299178
1.348 2.9884471783404996
1.35 2.999209977205801
1.352 3.010016235600501
1.354 3.0208662641197
1.356 3.0317603749048994
1.358 3.0426988816832994
1.36 3.0536820998085004
1.362 3.0647103463023004
1.364 3.075783939897401
1.366 3.0869032010826993
1.368 3.0980684521483006
1.37 3.1092800172331003
1.372 3.120538222373
1.374 3.1318433955509004
1.376 3.1431958667482993
1.378 3.1545959679978006
1.38 3.1660440334370996
1.382 3.1775403993652995
1.384 3.189085404299801
1.386 3.2006793890346996
1.388 3.212322696701899
1.39 3.2240156728321994
1.392 3.2357586654191
1.394 3.2475520249839995
1.396 3.2593961046423
1.398 3.2712912601725
1.4 3.2832378500856
1.402 3.2952362356969997
1.404 3.3072867811998004
1.406 3.319389853740101
1.408 3.3315458234933004
1.41 3.3437550637436004
1.412 3.3560179509633006
1.414 3.3683348648959006
1.416 3.3807061886394
1.418 3.3931323087321
1.42 3.405613615240499
1.422 3.4181505018489
1.424 3.430743365950099
1.426 3.4433926087390008
1.428 3.456098635307301
1.43 3.468861854741199
1.432 3.4816826802192997
1.434 3.4945615291139998
1.436 3.5074988230943003
1.438 3.5204949882296006
1.44 3.5335504550972994
1.442 3.5466656588909
1.444 3.55984103953
1.446 3.5730770417735007
1.448 3.586374115333501
1.45 3.5997327149920997
1.452 3.613153300719101
1.454 3.6266363377927
1.456 3.6401822969217994
1.458 3.6537916543700995
1.46 3.667464892082199
1.462 3.6812024978118005
1.464 3.6950049652520995
1.466 3.7088727941675
1.468 3.7228064905277005
1.47 3.7368065666434997
1.472 3.7508735413052996
1.474 3.765007939922101
1.476 3.7792102946635993
1.478 3.7934811446037005
1.48 3.8078210358661
1.482 3.8222305217715
1.484 3.8367101629871003
1.486 3.8512605276769003
1.488 3.8658821916553006
1.49 3.8805757385417996
1.492 3.8953417599165006
1.494 3.9101808554793003
1.496 3.9250936332092
1.498 3.9400807095260992
1.5 3.955142709454
1.502 3.9702802667860997
1.504 3.9854940242509
1.506 4.0007846336813
1.508 4.0161527561832004
1.51 4.031599062307199
1.512 4.0471242322218
1.514 4.062728955886599
1.516 4.078413933228799
1.518 4.094179874320299
1.52 4.110027499554799
1.522 4.125957539829101
1.524 4.141970736722901
1.526 4.1580678426816
1.528 4.174249621199699
1.53 4.1905168470045995
1.532 4.206870306243499
1.534 4.2233107966688
1.536 4.239839127827
1.538 4.2564561212464005
1.54 4.2731626106276
1.542 4.2899594420335
1.544 4.306847474080801
1.546 4.323827578132399
1.548 4.3409006384899
1.55 4.3580675525875
1.552 4.3753292311864
1.554 4.392686598569301
1.556 4.4101405927362
1.558 4.427692165600099
1.56 4.445342283183299
1.562 4.463091925815
1.564 4.4809420883275
1.566 4.4988937802544
1.568 4.5169480260286
1.57 4.535105865179499
1.572 4.5533683525326
1.574 4.5717365584066005
1.576 4.590211568813199
1.578 4.6087944856553005
1.58 4.6274864269253
1.582 4.6462885269046
1.584 4.665201936362
1.586 4.684227822752599
1.588 4.7033673704162995
1.59 4.7226217807761
1.592 4.741992272537099
1.594 4.761480081884599
1.596 4.781086462681901
1.598 4.800812686668699
1.6 4.8206600436586005
1.602 4.840629841736999
1.604 4.8607234074584005
1.606 4.8809420860432
1.608 4.9012872415757
1.61 4.9217602571996
1.612 4.942362535316099
1.614 4.963095497779199
1.616 4.983960586092801
1.618 5.004959261606899
1.62 5.026093005713399
1.622 5.0473633200426
1.624 5.0687717266593
1.626 5.090319768258699
1.628 5.112009008363101
1.63 5.133841031518
1.632 5.1558174434891
1.634 5.1779398714583
1.636 5.200209964222499
1.638 5.2226293923901
1.64 5.2451998485795
1.642 5.267923047618701
1.644 5.290800726744
1.646 5.313834645801201
1.648 5.3370265874467995
1.65 5.360378357350401
1.652 5.3838917843991
1.654 5.4075687209017
1.656 5.4314110427964
1.658 5.455420649858801
1.66 5.4795994659117
1.662 5.503949439038401
1.664 5.5284725417962
1.666 5.5531707714338
1.668 5.578046150111001
1.67 5.6031007251209
1.672 5.6283365691149
1.674 5.6537557803325
1.676 5.679360482832599
1.678 5.7051528267299005
1.68 5.731134988435399
1.682 5.7573091709003
1.684 5.7836776038656
1.686 5.810242544115801
1.688 5.837006275738199
1.69 5.8639711103879995
1.692 5.8911393875587
1.694 5.918513474858299
1.696 5.9460957682954
1.698 5.9738886925648
1.7 6.001894701351101
1.702 6.0301162776309
1.704 6.0585559339853
1.706 6.087216212923799
1.708 6.116099687215501
1.71 6.145208960231001
1.712 6.1745466662885
1.714 6.2041154710174995
1.716 6.2339180717299
1.718 6.2639571978051
1.72 6.2942356110803
1.722 6.3247561062608995
1.724 6.3555215113372
1.726 6.3865346880249
1.728 6.417798532203001
1.73 6.449315974385001
1.732 6.4810899801908
1.734 6.5131235508427
1.736 6.5454197236732
1.738 6.577981572656101
1.74 6.6108122089461006
1.742 6.6439147814483
1.744 6.6772924773976
1.746 6.7109485229626005
1.748 6.744886183870699
1.75 6.779108766051699
1.752 6.813619616310799
1.754 6.8484221230121
1.756 6.8835197168027
1.758 6.9189158713463
1.76 6.954614104095899
1.762 6.990617977083801
1.764 7.026931097744299
1.766 7.063557119763099
1.768 7.1004997439611
1.77 7.137762719202099
1.772 7.175349843338301
1.774 7.2132649641864
1.776 7.251511980541501
1.778 7.290094843220199
1.78 7.3290175561485
1.782 7.368284177483499
1.784 7.407898820772299
1.786 7.447865656157001
1.788 7.4881889116251
1.79 7.5288728742880995
1.792 7.569921891728601
1.794 7.6113403733731
1.796 7.6531327919293
1.798 7.6953036848636005
1.8 7.7378576559372005
1.802 7.7807993767962005
1.804 7.824133588611001
1.806 7.867865103785201
1.808 7.9119988077136005
1.81 7.9565396606126
1.812 8.0014926994078
1.814 8.046863039692798
1.816 8.092655877759
1.818 8.138876492693
1.82 8.1855302485522
1.822 8.2326225966212
1.824 8.2801590777438
1.826 8.328145324739001
1.828 8.376587064910801
1.83 8.425490122643101
1.832 8.4748604220859
1.834 8.5247039899501
1.836 8.575026958391799
1.838 8.6258355680107
1.84 8.677136170954899
1.842 8.728935234143101
1.844 8.7812393426006
1.846 8.834055202926901
1.848 8.8873896468874
1.85 8.9412496351387
1.852 8.9956422611013
1.854 9.0505747549718
1.856 9.1060544878894
1.858 9.162088976267398
1.86 9.218685886279701
1.862 9.275853038533299
1.864 9.333598412915801
1.866 9.391930153630101
1.868 9.4508565744373
1.87 9.510386164090999
1.872 9.570527592007199
1.874 9.6312897141461
1.876 9.6926815791366
1.878 9.7547124346532
1.88 9.8173917340529
1.882 9.880729143273399
1.884 9.9447345480408
1.886 10.009418061353799
1.888 10.074790031305099
1.89 10.140861049216
1.892 10.2076419581335
1.894 10.2751438616835
1.896 10.343378133318701
1.898 10.4123564259595
1.9 10.4820906820726
1.902 10.5525931441922
1.904 10.623876365914999
1.906 10.6959532233937
1.908 10.7688369273559
1.91 10.842541035681698
1.912 10.9170794665557
1.914 10.9924665122494
1.916 11.0687168535518
1.918 11.145845574884799
1.92 11.223868180159899
1.922 11.302800609399101
1.924 11.382659256180201
1.926 11.463460985942701
1.928 11.5452231552222
1.93 11.6279636318513
1.932 11.711700816203699
1.934 11.7964536635288
1.936 11.8822417074675
1.938 11.9690850847967
1.94 12.0570045615056
1.942 12.146021560277301
1.944 12.236158189468501
1.946 12.327437273691498
1.948 12.419882386099399
1.95 12.513517882499798
1.952 12.608368937404899
1.954 12.704461582171199
1.956 12.8018227453683
1.958 12.900480295522998
1.96 13.000463086432699
1.962 13.1018010052091
1.964 13.204525023279302
1.966 13.308667250534098
1.968 13.4142609928962
1.97 13.5213408135311
1.972 13.6299425980176
1.974 13.7401036237606
1.976 13.8518626340034
1.978 13.965259916791599
1.98 14.0803373893102
1.982 14.1971386880182
1.984 14.3157092650862
1.986 14.4360964916579
1.988 14.5583497685313
1.99 14.6825206449047
1.992 14.8086629459015
1.994 14.9368329096792
1.996 15.0670893349725
1.998 15.199493740063401
2.0 15.3341105342436
2.002 15.4710072029738
2.004 15.610254508061399
2.006 15.7519267043591
2.008 15.8961017746373
2.01 16.0428616844839
2.012 16.1922926593422
2.014 16.3444854859972
2.016 16.4995358411838
2.018 16.657544650266
2.02 16.8186184793757
2.022 16.9828699648072
2.024 17.150418284015302
2.026 17.3213896731339
2.028 17.4959179966495
2.03 17.6741453756663
2.032 17.8562228821323
2.034 18.042311307544498
2.036 18.2325820158903
2.038 18.4272178921927
2.04 18.626414399781
2.042 18.8303807616077
2.044 19.0393412835016
2.046 19.2535368403036
2.048 19.4732265495785
2.05 19.6986896620359
2.052 19.930227703224002
2.054 20.1681669076838
2.056 20.4128609948235
2.058 20.664694345752203
2.06 20.9240856526436
2.062 21.1914921275615
2.064 21.4674143769319
2.066 21.7524020721199
2.068 22.0470605774336
2.07 22.352058736312202
2.072 22.668138067398
2.074 22.996123688361703
2.076 23.336937372281
2.078 23.6916132565092
2.08 24.061316878127602
2.082 24.4473684188565
2.084 24.851271328301998
2.086 25.2747478915735
2.088 25.719783866478203
2.09 26.1886851152574
2.092 26.6841503191088
2.094 27.2093655877277
2.096 27.7681293845372
2.098 28.3650202265382
2.1 29.0056260329742
2.102 29.6968644888881
2.104 30.4474415255216
2.106 31.268526161204097
2.108 32.174777091806405
2.11 33.1859668674585
2.112 34.3296766272187
2.114 35.6460382137137
2.116 37.1967293519789
2.118 39.0838167479383
2.12 41.4950931161032
2.122 44.838667625583504
2.124 50.3226017718316
2.126 66.3933356095852
2.128 52.506274359788
2.13 45.9517066471462
2.132 42.251964519335395
2.134 39.6662119511603
2.136 37.6776194880203
2.138 36.0619667218191
2.14 34.7015402019147
2.142 33.5268292489892
2.144 32.493346919866696
2.146 31.5708974466814
2.148 30.738043554810602
2.15 29.979016161187097
2.152 29.2818770926093
2.154 28.6373706761052
2.156 28.0381757862074
2.158 27.478401659845698
2.16 26.9532379541541
2.162 26.4587056760599
2.164 25.9914759871374
2.166 25.5487358308502
2.168 25.128086574290602
2.17 24.7274663852257
2.172 24.345089972227598
2.174 23.979401226289497
2.176 23.629035585062397
2.178 23.2927898186996
2.18 22.9695975475802
2.182 22.6585092346345
2.184 22.358675705431402
2.186 22.0693344749731
2.188 21.7897983264546
2.19 21.5194457110612
2.192 21.2577126311554
2.194 21.004085740010698
2.196 20.7580964456716
2.198 20.5193158485371
2.2 20.2873503750847
2.202 20.0618379959428
2.204 19.8424449369089
2.206 19.6288628077599
2.208 19.4208060867672
2.21 19.2180099092884
2.212 19.0202281173999
2.214 18.8272315344143
2.216 18.6388064338928
2.218 18.4547531774219
2.22 18.2748849992986
2.222 18.099026919535497
2.224 17.9270147692468
2.226 17.7586943147706
2.228 17.5939204687488
2.23 17.4325565780253
2.232 17.2744737795443
2.234 17.119550416604202
2.236 16.9676715088234
2.238 16.8187282699674
2.24 16.6726176685723
2.242 16.5292420268657
2.244 16.3885086540605
2.246 16.250329510537703
2.248 16.1146208998635
2.25 15.981303185897499
2.252 15.8503005325966
2.254 15.721540664352002
2.256 15.594954644959
2.258 15.4704766734904
2.26 15.348043895563702
2.262 15.227596228620001
2.264 15.109076199987202
2.266 14.99242879662
2.268 14.8776013255259
2.27 14.764543283972799
2.272 14.653206238667401
2.274 14.543543713179101
2.276 14.435511082928699
2.278 14.3290654771537
2.28 14.224165687295798
2.282 14.120772081310799
2.284 14.018846523447401
2.286 13.9183522990898
2.288 13.819254044272
2.29 13.721517679527999
2.292 13.6251103477656
2.294 13.5300003558593
2.296 13.4361571197132
2.298 13.3435511125439
2.3 13.2521538161527
2.302 13.161937674997098
2.304 13.072876052852799
2.306 12.984943191910897
2.308 12.898114174132099
2.31 12.812364884719798
2.312 12.7276719775711
2.314 12.644012842576302
2.316 12.5613655746566
2.318 12.4797089444172
2.32 12.399022370332602
2.322 12.319285892352
2.324 12.2404801468506
2.326 12.162586342841001
2.328 12.0855862393677
2.33 12.009462124018299
2.332 11.9341967924788
2.334 11.859773529085901
2.336 11.7861760883
2.338 11.713388677065101
2.34 11.6413959379922
2.342 11.5701829333256
2.344 11.4997351296497
2.346 11.430038383291299
2.348 11.3610789263833
2.35 11.292843353555298
2.352 11.2253186092081
2.354 11.1584919753546
2.356 11.092351059992001
2.358 11.0268837859682
2.36 10.962078380332
2.362 10.8979233641342
2.364 10.8344075426569
2.366 10.7715199960525
2.368 10.709250070363
2.37 10.647587368919499
2.372 10.5865217440798
2.374 10.5260432893066
2.376 10.4661423315588
2.378 10.406809423986001
2.38 10.3480353389104
2.382 10.28981106108
2.384 10.2321277811883
2.386 10.1749768896357
2.388 10.118349970533
2.39 10.0622387959314
2.392 10.006635320264198
2.394 9.9515316750031
2.396 9.8969201635017
2.398 9.8427932560353
2.4 9.7891435850181
2.402 9.735963940393601
2.404 9.6832472651855
2.406 9.630986651215501
2.408 9.5791753349612
2.41 9.527806693568202
2.412 9.4768742409913
2.414 9.4263716242804
2.416 9.3762926199804
2.418 9.3266311306615
2.42 9.2773811815681
2.422 9.2285369173688
2.424 9.1800925990275
2.426 9.132042600770301
2.428 9.0843814071522
2.43 9.0371036102203
2.432 8.9902039067679
2.434 8.9436770956794
2.436 8.8975180753544
2.438 8.8517218412195
2.44 8.806283483311699
2.442 8.7611981839444
2.444 8.716461215438
2.446 8.6720679379271
2.448 8.6280137972315
2.45 8.584294322791001
2.452 8.540905125663
2.454 8.497841896586099
2.456 8.455100404091
2.458 8.4126764926736
2.46 8.370566081022
2.462 8.3287651602961
2.464 8.2872697924489
2.466 8.246076108610602
2.468 8.2051803075062
2.47 8.1645786539221
2.472 8.1242674772224
2.474 8.084243169897
2.476 8.0445021861562
2.478 8.0050410405657
2.48 7.9658563067154
2.482 7.926944615924199
2.484 7.8883026559878004
2.486 7.8499271699513
2.488 7.8118149549192
2.49 7.7739628608986
2.492 7.7363677896727
2.494 7.699026693699801
2.496 7.661936575049799
2.498 7.6250944843599004
2.5 7.5884975198230995
2.502 7.5521428262045
2.504 7.5160275938756005
2.506 7.480149057878199
2.508 7.444504497017201
2.51 7.4090912329641005
2.512 7.3739066293979
2.514 7.3389480911534
2.516 7.3042130634019005
2.518 7.2696990308464
2.52 7.2354035169396
2.522 7.201324083117401
2.524 7.1674583280587
2.526 7.133803886952199
2.528 7.1003584307928005
2.53 7.067119665685899
2.532 7.0340853321737
2.534 7.001253204574399
2.536 6.9686210903428
2.538 6.936186829436701
2.54 6.903948293706899
2.542 6.8719033862978
2.544 6.8400500410605005
2.546 6.8083862219841995
2.548 6.7769099226372
2.55 6.745619165619999
2.552 6.714512002036201
2.554 6.6835865109672
2.556 6.652840798968599
2.558 6.622272999569801
2.56 6.5918812727870995
2.562 6.561663804652701
2.564 6.531618806746899
2.566 6.5017445157467
2.568 6.4720391929786
2.57 6.4425011239869
2.572 6.413128618109
2.574 6.3839200080572995
2.576 6.3548736495155005
2.578 6.3259879207420004
2.58 6.297261222177401
2.582 6.268691976067299
2.584 6.240278626086301
2.586 6.212019636978499
2.588 6.183913494195499
2.59 6.155958703549199
2.592 6.128153790873901
2.594 6.1004973016833
2.596 6.072987800848701
2.598 6.045623872280499
2.6 6.0184041186038995
2.602 5.991327160863699
2.604 5.9643916382113
2.606 5.937596207617901
2.608 5.9109395435806
2.61 5.884420337841299
2.612 5.8580372991078
2.614 5.831789152780599
2.616 5.8056746406895
2.618 5.7796925208286
2.62 5.753841567103899
2.622 5.728120569079299
2.624 5.702528331729299
2.626 5.6770636752042
2.628 5.6517254345865
2.63 5.626512459661099
2.632 5.6014236146897005
2.634 5.5764577781863
2.636 5.551613842698
2.638 5.526890714591801
2.64 5.502287313842801
2.642 5.4778025738287
2.644 5.4534354411264
2.646 5.4291848753142995
2.648 5.4050498487766
2.65 5.3810293465119
2.652 5.3571223659462
2.654 5.3333279167479
2.656 5.309645020646999
2.658 5.286072711258099
2.66 5.2626100339057995
2.662 5.2392560454532004
2.664 5.216009814135
2.666 5.1928704193917
2.668 5.1698369517081
2.67 5.146908512453999
2.672 5.124084213728399
2.674 5.101363178206199
2.676 5.0787445389868004
2.678 5.0562274394474
2.68 5.033811033096501
2.682 5.011494483431799
2.684 4.9892769637997
2.686 4.9671576572575
2.688 4.9451357564381
2.69 4.9232104634166
2.692 4.901380989579899
2.694 4.879646555498001
2.696 4.858006390797401
2.698 4.836459734037501
2.7 4.8150058325881
2.702 4.7936439425095
2.704 4.772373328434499
2.706 4.7511932634527
2.708 4.7301030289959005
2.71 4.7091019147264
2.712 4.688189218426601
2.714 4.667364245890399
2.716 4.6466263108168
2.718 4.6259747347045
2.72 4.6054088467494
2.722 4.5849279837423
2.724 4.5645314899696
2.726 4.5442187171147
2.728 4.523989024161401
2.73 4.5038417772989
2.732 4.483776349828
2.734 4.463792122069199
2.736 4.443888481271401
2.738 4.4240648215238
2.74 4.404320543666801
2.742 4.3846550552066
2.744 4.365067770229301
2.746 4.3455581093176
2.748 4.326125499468101
2.75 4.306769374010201
2.752 4.2874891725260005
2.754 4.268284340771599
2.756 4.249154330599599
2.758 4.2300985998828
2.76 4.211116612438801
2.762 4.1922078379557
2.764 4.17337175192
2.766 4.1546078355436995
2.768 4.1359155756942005
2.77 4.117294464824099
2.772 4.098744000902601
2.774 4.080263687347999
2.776 4.061853032960699
2.778 4.043511551857599
2.78 4.0252387634072
2.782 4.0070341921658
2.784 3.9888973678145003
2.786 3.9708278250972002
2.788 3.952825103759799
2.79 3.934888748489099
2.792 3.9170183088543
2.794 3.8992133392476997
2.796 3.8814733988276
2.798 3.8637980514607992
2.8 3.846186865666599
2.802 3.8286394145617004
2.804 3.8111552758055005
2.806 3.793734031546
2.808 3.776375268367101
2.81 3.7590785772358
2.812 3.7418435534511003
2.814 3.7246697965923996
2.816 3.7075569104699007
2.818 3.6905045030743997
2.82 3.673512186529
2.822 3.6565795770403007
2.824 3.6397062948512
2.826 3.6228919641938004
2.828 3.6061362132428005
2.83 3.5894386740702
2.832 3.5727989825995996
2.834 3.5562167785624013
2.836 3.5396917054532
2.838 3.5232234104865006
2.84 3.5068115445543
2.842 3.4904557621831005
2.844 3.4741557214931005
2.846 3.4579110841561995
2.848 3.4417215153554004
2.85 3.4255866837452995
2.852 3.409506261411699
2.854 3.3934799238327997
2.856 3.3775073498405996
2.858 3.361588221582701
2.86 3.3457222244842004
2.862 3.3299090472112995
2.864 3.3141483816337995
2.866 3.298439922789
2.868 3.2827833688461006
2.87 3.2671784210704997
2.872 3.2516247837888006
2.874 3.2361221643544003
2.876 3.2206702731135
2.878 3.205268823370699
2.88 3.1899175313564996
2.882 3.1746161161941
2.884 3.1593642998663993
2.886 3.1441618071847
2.888 3.1290083657561
2.89 3.1139037059528993
2.892 3.098847560880899
2.894 3.0838396663492995
2.896 3.0688797608399003
2.898 3.0539675854778006
2.9 3.0391028840013004
2.902 3.0242854027327004
2.904 3.0095148905497995
2.906 2.994791098856899
2.908 2.9801137815566
2.91 2.9654826950223008
2.912 2.9508975980702
2.914 2.936358251932
2.916 2.921864420228099
2.918 2.9074158689413006
2.92 2.8930123663893994
2.922 2.8786536832003007
2.924 2.8643395922851997
2.926 2.8500698688142005
2.928 2.8358442901898
2.93 2.821662636023399
2.932 2.8075246881094005
2.934 2.7934302304016
2.936 2.7793790489887
2.938 2.765370932070799
2.94 2.7514056699355
2.942 2.7374830549348994
2.944 2.723602881462199
2.946 2.7097649459288
2.948 2.6959690467425004
2.95 2.6822149842842
2.952 2.6685025608863997
2.954 2.6548315808115
2.956 2.6412018502293
2.958 2.6276131771968005
2.96 2.6140653716361992
2.962 2.6005582453142004
2.964 2.5870916118215996
2.966 2.5736652865521004
2.968 2.560279086683101
2.97 2.5469328311545
2.972 2.5336263406498
2.974 2.5203594375757996
2.976 2.5071319460437005
2.978 2.4939436918493003
2.98 2.4807945024545006
2.982 2.4676842069682
2.984 2.4546126361278002
2.986 2.4415796222806003
2.988 2.4285849993659
2.99 2.4156286028964002
2.992 2.4027102699408998
2.994 2.3898298391061
2.996 2.3769871505196
2.998 2.3641820458123
3.0 2.3514143681008006
3.002 2.3386839619718005
3.004 2.3259906734637
3.006 2.3133343500508
3.008 2.3007148406270996
3.01 2.2881319954894
3.012 2.2755856663212004
3.014 2.2630757061774
3.016 2.2506019694679997
3.018 2.2381643119421
3.02 2.2257625906734004
3.022 2.2133966640439997
3.024 2.2010663917299
3.026 2.1887716346852004
3.028 2.1765122551280998
3.03 2.1642881165254995
3.032 2.1520990835789
3.034 2.1399450222098
3.036 2.1278257995451
3.038 2.1157412839038994
3.04 2.1036913447823
3.042 2.0916758528405994
3.044 2.0796946798888003
3.046 2.0677476988734
3.048 2.0558347838644
3.05 2.0439558100408997
3.052 2.032110653679
3.054 2.0202991921382
3.056 2.0085213038486005
3.058 1.9967768682980997
3.06 1.9850657660196998
3.062 1.9733878785794001
3.064 1.9617430885633
3.066 1.9501312795654
3.068 1.9385523361755004
3.07 1.9270061439673993
3.072 1.9154925894868002
3.074 1.9040115602393994
3.076 1.8925629446793
3.078 1.8811466321975994
3.08 1.8697625131106994
3.082 1.8584104786492999
3.084 1.8470904209470005
3.086 1.8358022330290007
3.088 1.8245458088013002
3.09 1.8133210430402
3.092 1.8021278313809006
3.094 1.7909660703069
3.096 1.7798356571403007
3.098 1.7687364900298999
3.1 1.7576684679424002
3.102 1.7466314906507998
3.104 1.7356254587255
3.106 1.7246502735232996
3.108 1.7137058371779004
3.11 1.7027920525900004
3.112 1.6919088234175996
3.114 1.6810560540666
3.116 1.6702336496805001
3.118 1.6594415161319995
3.12 1.648679560013
3.122 1.6379476886253004
3.124 1.6272458099718996
3.126 1.6165738327477994
3.128 1.6059316663307
3.13 1.5953192207724998
3.132 1.5847364067906007
3.134 1.5741831357587
3.136 1.5636593196986999
3.138 1.5531648712722
3.14 1.5426997037717003
3.142 1.5322637311124998
3.144 1.5218568678245
3.146 1.5114790290439997
3.148 1.5011301305056994
3.15 1.4908100885344995
3.152 1.4805188200378998
3.154 1.4702562424979995
3.156 1.4600222739634008
3.158 1.4498168330427
3.16 1.4396398388954994
3.162 1.4294912112259004
3.164 1.4193708702747
3.166 1.4092787368122996
3.168 1.3992147321312007
3.17 1.3891787780387004
3.172 1.3791707968505005
3.174 1.3691907113829993
3.176 1.3592384449463006
3.178 1.3493139213382
3.18 1.3394170648364998
3.182 1.3295478001924996
3.184 1.3197060526247997
3.186 1.3098917478122996
3.188 1.3001048118877998
3.19 1.2903451714316008
3.192 1.2806127534652
3.194 1.2709074854451003
3.196 1.2612292952562996
3.198 1.2515781112062996
3.2 1.2419538620195008
