Frequency insertion_loss
1.2 10.739791784307
1.202 10.739113553563
1.204 10.738328542353
1.206 10.737435693974
1.208 10.736433948145
1.21 10.735322241207
1.212 10.734099506325
1.214 10.732764673703
1.216 10.731316670791
1.218 10.729754422516
1.22 10.728076851501
1.222 10.726282878305
1.224 10.724371421657
1.226 10.722341398706
1.228 10.720191725268
1.23 10.717921316086
1.232 10.715529085089
1.234 10.713013945668
1.236 10.710374810943
1.238 10.707610594049
1.24 10.704720208422
1.242 10.70170256809
1.244 10.698556587972
1.246 10.695281184185
1.248 10.69187527435
1.25 10.68833777791
1.252 10.684667616453
1.254 10.680863714037
1.256 10.676924997523
1.258 10.672850396913
1.26 10.668638845697
1.262 10.664289281199
1.264 10.659800644929
1.266 10.65517188295
1.268 10.650401946235
1.27 10.64548979104
1.272 10.640434379279
1.274 10.635234678902
1.276 10.629889664277
1.278 10.624398316583
1.28 10.618759624198
1.282 10.612972583097
1.284 10.607036197252
1.286 10.60094947904
1.288 10.594711449648
1.29 10.588321139485
1.292 10.581777588597
1.294 10.575079847087
1.296 10.568226975536
1.298 10.561218045426
1.3 10.554052139566
1.302 10.546728352522
1.304 10.539245791049
1.306 10.53160357452
1.308 10.523800835366
1.31 10.515836719507
1.312 10.507710386793
1.314 10.49942101144
1.316 10.490967782468
1.318 10.482349904141
1.32 10.473566596408
1.322 10.46461709534
1.324 10.455500653568
1.326 10.446216540724
1.328 10.436764043874
1.33 10.427142467959
1.332 10.417351136223
1.334 10.407389390652
1.336 10.397256592397
1.338 10.386952122209
1.34 10.376475380858
1.342 10.365825789559
1.344 10.355002790389
1.346 10.3440058467
1.348 10.332834443534
1.35 10.321488088026
1.352 10.309966309807
1.354 10.298268661402
1.356 10.28639471862
1.358 10.274344080942
1.36 10.2621163719
1.362 10.249711239451
1.364 10.237128356346
1.366 10.224367420489
1.368 10.211428155292
1.37 10.198310310022
1.372 10.185013660138
1.374 10.171538007621
1.376 10.1578831813
1.378 10.14404903716
1.38 10.130035458655
1.382 10.115842356995
1.384 10.101469671437
1.386 10.086917369564
1.388 10.072185447546
1.39 10.057273930402
1.392 10.042182872241
1.394 10.026912356503
1.396 10.011462496181
1.398 9.9958334340327
1.4 9.9800253427875
1.402 9.9640384253333
1.404 9.947872914897
1.406 9.9315290752118
1.408 9.9150072006722
1.41 9.8983076164768
1.412 9.8814306787585
1.414 9.8643767747032
1.416 9.8471463226544
1.418 9.8297397722058
1.42 9.8121576042813
1.422 9.794400331201
1.424 9.7764684967352
1.426 9.7583626761441
1.428 9.7400834762055
1.43 9.7216315352279
1.432 9.7030075230514
1.434 9.6842121410343
1.436 9.6652461220269
1.438 9.6461102303317
1.44 9.62680526165
1.442 9.6073320430154
1.444 9.5876914327134
1.446 9.5678843201886
1.448 9.5479116259377
1.45 9.5277743013895
1.452 9.5074733287721
1.454 9.4870097209663
1.456 9.4663845213471
1.458 9.445598803611
1.46 9.4246536715917
1.462 9.403550259062
1.464 9.3822897295246
1.466 9.360873275989
1.468 9.3393021207376
1.47 9.3175775150782
1.472 9.2957007390865
1.474 9.2736731013349
1.476 9.2514959386115
1.478 9.2291706156266
1.48 9.2066985247089
1.482 9.1840810854902
1.484 9.1613197445797
1.486 9.1384159752282
1.488 9.1153712769813
1.49 9.0921871753237
1.492 9.0688652213124
1.494 9.0454069912022
1.496 9.0218140860602
1.498 8.9980881313729
1.5 8.9742307766437
1.502 8.9502436949822
1.504 8.9261285826857
1.506 8.9018871588127
1.508 8.8775211647486
1.51 8.8530323637647
1.512 8.8284225405697
1.514 8.8036935008549
1.516 8.7788470708328
1.518 8.75388509677
1.52 8.7288094445134
1.522 8.7036219990124
1.524 8.6783246638344
1.526 8.6529193606764
1.528 8.6274080288716
1.53 8.6017926248918
1.532 8.576075121846
1.534 8.5502575089745
1.536 8.5243417911411
1.538 8.4983299883203
1.54 8.4722241350836
1.542 8.4460262800814
1.544 8.4197384855241
1.546 8.3933628266605
1.548 8.3669013912547
1.55 8.3403562790616
1.552 8.3137296013009
1.554 8.287023480131
1.556 8.2602400481214
1.558 8.2333814477254
1.56 8.2064498307524
1.562 8.1794473578403
1.564 8.1523761979285
1.566 8.1252385277317
1.568 8.0980365312138
1.57 8.070772399064
1.572 8.0434483281737
1.574 8.0160665211146
1.576 7.9886291856193
1.578 7.9611385340639
1.58 7.9335967829517
1.582 7.9060061524011
1.584 7.8783688656346
1.586 7.8506871484713
1.588 7.8229632288226
1.59 7.7951993361902
1.592 7.7673977011689
1.594 7.7395605549514
1.596 7.7116901288376
1.598 7.6837886537481
1.6 7.6558583597411
1.602 7.6279014755335
1.604 7.5999202280267
1.606 7.5719168418367
1.608 7.5438935388289
1.61 7.5158525376571
1.612 7.4877960533085
1.614 7.4597262966524
1.616 7.4316454739947
1.618 7.4035557866378
1.62 7.3754594304453
1.622 7.3473585954123
1.624 7.3192554652416
1.626 7.2911522169249
1.628 7.2630510203302
1.63 7.2349540377948
1.632 7.2068634237244
1.634 7.1787813241976
1.636 7.1507098765771
1.638 7.1226512091267
1.64 7.0946074406343
1.642 7.0665806800417
1.644 7.0385730260799
1.646 7.0105865669115
1.648 6.982623379779
1.65 6.9546855306597
1.652 6.9267750739274
1.654 6.8988940520201
1.656 6.8710444951145
1.658 6.8432284208074
1.66 6.8154478338035
1.662 6.7877047256097
1.664 6.7600010742364
1.666 6.7323388439055
1.668 6.7047199847651
1.67 6.6771464326108
1.672 6.6496201086143
1.674 6.6221429190582
1.676 6.5947167550779
1.678 6.5673434924105
1.68 6.5400249911506
1.682 6.512763095512
1.684 6.4855596335979
1.686 6.4584164171761
1.688 6.431335241463
1.69 6.4043178849125
1.692 6.3773661090132
1.694 6.3504816580921
1.696 6.3236662591244
1.698 6.296921621551
1.7 6.2702494371027
1.702 6.2436513796305
1.704 6.2171291049435
1.706 6.1906842506532
1.708 6.1643184360245
1.71 6.1380332618334
1.712 6.1118303102318
1.714 6.0857111446182
1.716 6.0596773095159
1.718 6.0337303304572
1.72 6.0078717138746
1.722 5.9821029469982
1.724 5.9564254977597
1.726 5.9308408147032
1.728 5.9053503269023
1.73 5.8799554438832
1.732 5.8546575555546
1.734 5.8294580321441
1.736 5.8043582241405
1.738 5.7793594622422
1.74 5.7544630573124
1.742 5.7296703003401
1.744 5.7049824624069
1.746 5.6804007946605
1.748 5.6559265282936
1.75 5.631560874529
1.752 5.6073050246106
1.754 5.5831601498004
1.756 5.5591274013805
1.758 5.5352079106617
1.76 5.5114027889974
1.762 5.4877131278028
1.764 5.46413999858
1.766 5.4406844529483
1.768 5.4173475226799
1.77 5.394130219741
1.772 5.3710335363381
1.774 5.3480584449691
1.776 5.3252058984801
1.778 5.3024768301267
1.78 5.2798721536404
1.782 5.2573927632997
1.784 5.2350395340062
1.786 5.2128133213651
1.788 5.1907149617705
1.79 5.1687452724949
1.792 5.1469050517837
1.794 5.1251950789532
1.796 5.1036161144934
1.798 5.082168900175
1.8 5.0608541591599
1.802 5.0396725961163
1.804 5.0186248973372
1.806 4.9977117308628
1.808 4.9769337466068
1.81 4.9562915764857
1.812 4.9357858345523
1.814 4.9154171171319
1.816 4.8951860029623
1.818 4.8750930533366
1.82 4.8551388122492
1.822 4.8353238065448
1.824 4.8156485460703
1.826 4.7961135238292
1.828 4.7767192161389
1.83 4.7574660827908
1.832 4.7383545672119
1.834 4.7193850966299
1.836 4.7005580822397
1.838 4.6818739193725
1.84 4.6633329876666
1.842 4.64493565124
1.844 4.6266822588658
1.846 4.6085731441474
1.848 4.5906086256976
1.85 4.5727890073171
1.852 4.5551145781756
1.854 4.5375856129941
1.856 4.5202023722277
1.858 4.5029651022501
1.86 4.4858740355385
1.862 4.4689293908602
1.864 4.452131373459
1.866 4.4354801752426
1.868 4.4189759749707
1.87 4.4026189384437
1.872 4.3864092186908
1.874 4.3703469561593
1.876 4.3544322789039
1.878 4.3386653027754
1.88 4.3230461316098
1.882 4.3075748574177
1.884 4.2922515605721
1.886 4.2770763099974
1.888 4.2620491633565
1.89 4.2471701672389
1.892 4.2324393573463
1.894 4.2178567586795
1.896 4.2034223857227
1.898 4.1891362426281
1.9 4.1749983233988
1.902 4.1610086120713
1.904 4.1471670828959
1.906 4.1334737005168
1.908 4.1199284201504
1.91 4.1065311877623
1.912 4.0932819402426
1.914 4.08018060558
1.916 4.0672271030344
1.918 4.0544213433071
1.92 4.0417632287098
1.922 4.0292526533318
1.924 4.016889503205
1.926 4.0046736564672
1.928 3.992604983523
1.93 3.9806833472032
1.932 3.9689086029214
1.934 3.957280598829
1.936 3.9457991759673
1.938 3.9344641684182
1.94 3.9232754034513
1.942 3.9122327016699
1.944 3.9013358771534
1.946 3.8905847375983
1.948 3.8799790844556
1.95 3.869518713066
1.952 3.8592034127932
1.954 3.8490329671532
1.956 3.8390071539422
1.958 3.8291257453608
1.96 3.8193885081358
1.962 3.8097952036395
1.964 3.8003455880058
1.966 3.7910394122435
1.968 3.781876422347
1.97 3.7728563594037
1.972 3.7639789596991
1.974 3.755243954818
1.976 3.7466510717441
1.978 3.7382000329557
1.98 3.7298905565182
1.982 3.721722356175
1.984 3.7136951414339
1.986 3.7058086176512
1.988 3.6980624861132
1.99 3.690456444114
1.992 3.6829901850309
1.994 3.675663398396
1.996 3.6684757699663
1.998 3.6614269817889
2.0 3.6545167122652
2.002 3.6477446362106
2.004 3.6411104249121
2.006 3.6346137461828
2.008 3.6282542644135
2.01 3.622031640621
2.012 3.6159455324946
2.014 3.6099955944383
2.016 3.6041814776114
2.018 3.5985028299656
2.02 3.5929592962796
2.022 3.587550518191
2.024 3.582276134225
2.026 3.5771357798211
2.028 3.5721290873568
2.03 3.5672556861682
2.032 3.5625152025692
2.034 3.5579072598667
2.036 3.5534314783743
2.038 3.5490874754233
2.04 3.544874865371
2.042 3.5407932596064
2.044 3.5368422665546
2.046 3.5330214916776
2.048 3.5293305374734
2.05 3.525769003473
2.052 3.5223364862352
2.054 3.5190325793386
2.056 3.5158568733725
2.058 3.5128089559253
2.06 3.5098884115704
2.062 3.5070948218513
2.064 3.5044277652638
2.066 3.5018868172369
2.068 3.4994715501116
2.07 3.4971815331186
2.072 3.4950163323535
2.074 3.4929755107508
2.076 3.4910586280569
2.078 3.4892652408003
2.08 3.4875949022619
2.082 3.4860471624425
2.084 3.4846215680302
2.086 3.4833176623658
2.088 3.4821349854074
2.09 3.4810730736935
2.092 3.4801314603054
2.094 3.4793096748286
2.096 3.478607243313
2.098 3.4780236882322
2.1 3.4775585284428
2.102 3.4772112791416
2.104 3.4769814518232
2.106 3.476868554237
2.108 3.4768720903426
2.11 3.476991560266
2.112 3.4772264602549
2.114 3.4775762826328
2.116 3.4780405157547
2.118 3.4786186439608
2.12 3.4793101475307
2.122 3.480114502638
2.124 3.4810311813042
2.126 3.4820596513528
2.128 3.483199376364
2.13 3.4844498156287
2.132 3.4858104241035
2.134 3.4872806523657
2.136 3.4888599465689
2.138 3.4905477483986
2.14 3.4923434950285
2.142 3.4942466190778
2.144 3.4962565485683
2.146 3.4983727068831
2.148 3.500594512725
2.15 3.5029213800768
2.152 3.5053527181619
2.154 3.5078879314056
2.156 3.5105264193978
2.158 3.5132675768568
2.16 3.5161107935939
2.162 3.5190554544793
2.164 3.5221009394091
2.166 3.525246623274
2.168 3.5284918759287
2.17 3.5318360621631
2.172 3.5352785416748
2.174 3.5388186690432
2.176 3.5424557937048
2.178 3.5461892599307
2.18 3.5500184068049
2.182 3.5539425682051
2.184 3.5579610727846
2.186 3.5620732439564
2.188 3.5662783998787
2.19 3.5705758534427
2.192 3.5749649122621
2.194 3.5794448786641
2.196 3.5840150496834
2.198 3.5886747170571
2.2 3.5934231672223
2.202 3.5982596813156
2.204 3.6031835351748
2.206 3.6081939993426
2.208 3.6132903390726
2.21 3.6184718143372
2.212 3.6237376798384
2.214 3.6290871850201
2.216 3.6345195740832
2.218 3.6400340860027
2.22 3.6456299545472
2.222 3.6513064083009
2.224 3.657062670688
2.226 3.6628979599989
2.228 3.6688114894194
2.23 3.6748024670623
2.232 3.6808700960012
2.234 3.6870135743063
2.236 3.6932320950838
2.238 3.6995248465166
2.24 3.7058910119079
2.242 3.7123297697275
2.244 3.71884029366
2.246 3.7254217526562
2.248 3.7320733109857
2.25 3.7387941282937
2.252 3.7455833596587
2.254 3.7524401556534
2.256 3.7593636624078
2.258 3.7663530216751
2.26 3.7734073708992
2.262 3.7805258432855
2.264 3.7877075678737
2.266 3.7949516696127
2.268 3.8022572694382
2.27 3.8096234843527
2.272 3.8170494275075
2.274 3.8245342082871
2.276 3.8320769323961
2.278 3.8396767019482
2.28 3.8473326155569
2.282 3.8550437684294
2.284 3.8628092524619
2.286 3.8706281563373
2.288 3.8784995656249
2.29 3.886422562882
2.292 3.8943962277583
2.294 3.9024196371011
2.296 3.9104918650635
2.298 3.918611983214
2.3 3.926779060648
2.302 3.9349921641013
2.304 3.9432503580651
2.306 3.9515527049033
2.308 3.9598982649709
2.31 3.9682860967346
2.312 3.9767152568943
2.314 3.9851848005069
2.316 3.9936937811114
2.318 4.0022412508552
2.32 4.0108262606219
2.322 4.0194478601609
2.324 4.0281050982179
2.326 4.0367970226664
2.328 4.0455226806412
2.33 4.0542811186723
2.332 4.0630713828204
2.334 4.071892518813
2.336 4.080743572182
2.338 4.0896235884018
2.34 4.0985316130283
2.342 4.1074666918392
2.344 4.1164278709741
2.346 4.1254141970764
2.348 4.1344247174352
2.35 4.1434584801276
2.352 4.152514534162
2.354 4.1615919296218
2.356 4.1706897178088
2.358 4.179806951388
2.36 4.1889426845321
2.362 4.1980959730657
2.364 4.2072658746108
2.366 4.2164514487314
2.368 4.2256517570787
2.37 4.2348658635358
2.372 4.2440928343628
2.374 4.2533317383414
2.376 4.2625816469193
2.378 4.2718416343543
2.38 4.2811107778585
2.382 4.2903881577414
2.384 4.2996728575529
2.386 4.3089639642258
2.388 4.3182605682178
2.39 4.3275617636524
2.392 4.3368666484596
2.394 4.3461743245157
2.396 4.3554838977822
2.398 4.3647944784437
2.4 4.3741051810453
2.402 4.3834151246284
2.404 4.392723432866
2.406 4.402029234197
2.408 4.4113316619583
2.41 4.4206298545172
2.412 4.4299229554013
2.414 4.4392101134277
2.416 4.448490482831
2.418 4.4577632233891
2.42 4.4670275005486
2.422 4.4762824855477
2.424 4.4855273555382
2.426 4.494761293706
2.428 4.5039834893888
2.43 4.5131931381941
2.432 4.5223894421133
2.434 4.5315716096357
2.436 4.54073885586
2.438 4.5498904026037
2.44 4.5590254785111
2.442 4.5681433191592
2.444 4.5772431671615
2.446 4.58632427227
2.448 4.5953858914752
2.45 4.6044272891034
2.452 4.613447736913
2.454 4.6224465141878
2.456 4.6314229078282
2.458 4.640376212441
2.46 4.6493057304257
2.462 4.6582107720598
2.464 4.667090655581
2.466 4.6759447072675
2.468 4.6847722615162
2.47 4.6935726609175
2.472 4.7023452563294
2.474 4.7110894069478
2.476 4.7198044803751
2.478 4.7284898526864
2.48 4.7371449084929
2.482 4.7457690410033
2.484 4.7543616520827
2.486 4.7629221523088
2.488 4.7714499610257
2.49 4.7799445063954
2.492 4.788405225447
2.494 4.7968315641227
2.496 4.8052229773223
2.498 4.8135789289444
2.5 4.8218988919254
2.502 4.8301823482765
2.504 4.8384287891172
2.506 4.8466377147073
2.508 4.8548086344759
2.51 4.8629410670478
2.512 4.8710345402684
2.514 4.8790885912246
2.516 4.8871027662646
2.518 4.8950766210145
2.52 4.9030097203931
2.522 4.9109016386233
2.524 4.9187519592424
2.526 4.9265602751086
2.528 4.9343261884065
2.53 4.942049310649
2.532 4.949729262678
2.534 4.9573656746617
2.536 4.9649581860905
2.538 4.9725064457701
2.54 4.9800101118123
2.542 4.987468851624
2.544 4.9948823418936
2.546 5.002250268575
2.548 5.0095723268705
2.55 5.0168482212099
2.552 5.024077665229
2.554 5.0312603817452
2.556 5.038396102731
2.558 5.045484569286
2.56 5.0525255316065
2.562 5.0595187489527
2.564 5.0664639896155
2.566 5.073361030879
2.568 5.0802096589836
2.57 5.0870096690851
2.572 5.0937608652139
2.574 5.1004630602306
2.576 5.1071160757811
2.578 5.1137197422498
2.58 5.1202738987103
2.582 5.1267783928756
2.584 5.1332330810458
2.586 5.1396378280546
2.588 5.1459925072142
2.59 5.1522970002585
2.592 5.1585511972854
2.594 5.1647549966968
2.596 5.1709083051379
2.598 5.1770110374347
2.6 5.1830631165307
2.602 5.1890644734214
2.604 5.1950150470886
2.606 5.2009147844328
2.608 5.2067636402045
2.61 5.2125615769346
2.612 5.2183085648635
2.614 5.2240045818691
2.616 5.2296496133942
2.618 5.2352436523721
2.62 5.2407866991517
2.622 5.2462787614224
2.624 5.2517198541365
2.626 5.2571099994322
2.628 5.262449226555
2.63 5.267737571779
2.632 5.2729750783263
2.634 5.2781617962872
2.636 5.2832977825388
2.638 5.2883831006626
2.64 5.2934178208629
2.642 5.2984020198833
2.644 5.3033357809235
2.646 5.308219193555
2.648 5.3130523536369
2.65 5.3178353632309
2.652 5.3225683305162
2.654 5.3272513697039
2.656 5.331884600951
2.658 5.3364681502744
2.66 5.3410021494643
2.662 5.3454867359974
2.664 5.3499220529505
2.666 5.3543082489133
2.668 5.3586454779011
2.67 5.3629338992677
2.672 5.3671736776182
2.674 5.3713649827215
2.676 5.3755079894234
2.678 5.3796028775585
2.68 5.3836498318638
2.682 5.3876490418907
2.684 5.3916007019186
2.686 5.3955050108675
2.688 5.3993621722113
2.69 5.4031723938913
2.692 5.4069358882294
2.694 5.4106528718424
2.696 5.4143235655554
2.698 5.4179481943168
2.7 5.4215269871124
2.702 5.4250601768804
2.704 5.428548000427
2.706 5.4319906983415
2.708 5.4353885149126
2.71 5.4387416980448
2.712 5.4420504991751
2.714 5.4453151731902
2.716 5.4485359783445
2.718 5.4517131761779
2.72 5.4548470314346
2.722 5.4579378119823
2.724 5.4609857887319
2.726 5.4639912355577
2.728 5.4669544292179
2.73 5.4698756492766
2.732 5.472755178025
2.734 5.4755933004043
2.736 5.4783903039287
2.738 5.4811464786092
2.74 5.483862116878
2.742 5.4865375135132
2.744 5.4891729655648
2.746 5.491768772281
2.748 5.4943252350348
2.75 5.4968426572522
2.752 5.4993213443403
2.754 5.5017616036161
2.756 5.5041637442367
2.758 5.5065280771295
2.76 5.5088549149237
2.762 5.5111445718818
2.764 5.5133973638324
2.766 5.5156136081038
2.768 5.517793623458
2.77 5.5199377300254
2.772 5.5220462492408
2.774 5.5241195037796
2.776 5.5261578174948
2.778 5.5281615153552
2.78 5.530130923384
2.782 5.5320663685983
2.784 5.5339681789492
2.786 5.5358366832628
2.788 5.5376722111822
2.79 5.5394750931099
2.792 5.5412456601512
2.794 5.5429842440581
2.796 5.5446911771745
2.798 5.5463667923819
2.8 5.5480114230454
2.802 5.5496254029614
2.804 5.5512090663052
2.806 5.5527627475804
2.808 5.5542867815677
2.81 5.5557815032756
2.812 5.5572472478917
2.814 5.5586843507339
2.816 5.560093147204
2.818 5.56147397274
2.82 5.562827162771
2.822 5.564153052672
2.824 5.5654519777192
2.826 5.5667242730466
2.828 5.5679702736034
2.83 5.5691903141115
2.832 5.5703847290243
2.834 5.571553852486
2.836 5.5726980182918
2.838 5.5738175598485
2.84 5.5749128101363
2.842 5.5759841016707
2.844 5.5770317664658
2.846 5.5780561359978
2.848 5.5790575411691
2.85 5.5800363122738
2.852 5.5809927789631
2.854 5.5819272702118
2.856 5.5828401142855
2.858 5.583731638708
2.86 5.5846021702302
2.862 5.5854520347987
2.864 5.586281557526
2.866 5.5870910626603
2.868 5.587880873557
2.87 5.5886513126503
2.872 5.5894027014249
2.874 5.5901353603896
2.876 5.5908496090505
2.878 5.5915457658848
2.88 5.5922241483161
2.882 5.5928850726891
2.884 5.593528854246
2.886 5.5941558071024
2.888 5.5947662442248
2.89 5.595360477408
2.892 5.5959388172531
2.894 5.5965015731465
2.896 5.5970490532388
2.898 5.597581564425
2.9 5.5980994123245
2.902 5.5986029012618
2.904 5.5990923342482
2.906 5.5995680129637
2.908 5.6000302377388
2.91 5.6004793075381
2.912 5.6009155199429
2.914 5.6013391711358
2.916 5.6017505558843
2.918 5.602149967526
2.92 5.6025376979537
2.922 5.6029140376013
2.924 5.6032792754293
2.926 5.6036336989123
2.928 5.6039775940254
2.93 5.6043112452314
2.932 5.6046349354697
2.934 5.6049489461435
2.936 5.6052535571089
2.938 5.6055490466642
2.94 5.605835691539
2.942 5.6061137668846
2.944 5.6063835462635
2.946 5.6066453016407
2.948 5.6068993033745
2.95 5.6071458202077
2.952 5.6073851192595
2.954 5.6076174660175
2.956 5.6078431243304
2.958 5.6080623564003
2.96 5.608275422776
2.962 5.6084825823466
2.964 5.6086840923352
2.966 5.6088802082927
2.968 5.6090711840923
2.97 5.6092572719244
2.972 5.6094387222915
2.974 5.6096157840031
2.976 5.6097887041719
2.978 5.609957728209
2.98 5.6101230998207
2.982 5.6102850610042
2.984 5.6104438520449
2.986 5.6105997115128
2.988 5.6107528762601
2.99 5.6109035814184
2.992 5.6110520603965
2.994 5.6111985448782
2.996 5.6113432648207
2.998 5.6114864484528
3.0 5.6116283222734
3.002 5.611769111051
3.004 5.6119090378217
3.006 5.6120483238897
3.008 5.6121871888258
3.01 5.6123258504677
3.012 5.6124645249195
3.014 5.6126034265522
3.016 5.6127427680037
3.018 5.6128827601794
3.02 5.613023612253
3.022 5.6131655316669
3.024 5.6133087241337
3.026 5.6134533936372
3.028 5.6135997424339
3.03 5.6137479710543
3.032 5.6138982783046
3.034 5.614050861269
3.036 5.614205915311
3.038 5.6143636340764
3.04 5.6145242094946
3.042 5.6146878317821
3.044 5.6148546894442
3.046 5.6150249692784
3.048 5.6151988563769
3.05 5.6153765341295
3.052 5.6155581842272
3.054 5.615743986665
3.056 5.6159341197453
3.058 5.6161287600818
3.06 5.6163280826024
3.062 5.6165322605538
3.064 5.6167414655044
3.066 5.6169558673491
3.068 5.6171756343126
3.07 5.6174009329542
3.072 5.6176319281714
3.074 5.6178687832048
3.076 5.6181116596422
3.078 5.6183607174232
3.08 5.6186161148439
3.082 5.6188780085615
3.084 5.6191465535993
3.086 5.6194219033511
3.088 5.6197042095867
3.09 5.6199936224566
3.092 5.6202902904974
3.094 5.6205943606364
3.096 5.6209059781977
3.098 5.6212252869066
3.1 5.6215524288958
3.102 5.6218875447104
3.104 5.6222307733136
3.106 5.6225822520921
3.108 5.622942116862
3.11 5.6233105018743
3.112 5.6236875398207
3.114 5.6240733618397
3.116 5.624468097522
3.118 5.6248718749167
3.12 5.6252848205372
3.122 5.6257070593675
3.124 5.6261387148676
3.126 5.6265799089805
3.128 5.6270307621376
3.13 5.6274913932653
3.132 5.6279619197912
3.134 5.6284424576502
3.136 5.6289331212911
3.138 5.6294340236829
3.14 5.629945276321
3.142 5.6304669892337
3.144 5.6309992709889
3.146 5.6315422287003
3.148 5.6320959680341
3.15 5.6326605932157
3.152 5.6332362070358
3.154 5.6338229108575
3.156 5.6344208046229
3.158 5.6350299868594
3.16 5.6356505546869
3.162 5.6362826038241
3.164 5.6369262285955
3.166 5.6375815219379
3.168 5.6382485754077
3.17 5.6389274791871
3.172 5.6396183220912
3.174 5.6403211915751
3.176 5.6410361737401
3.178 5.6417633533414
3.18 5.6425028137943
3.182 5.6432546371813
3.184 5.6440189042594
3.186 5.6447956944666
3.188 5.6455850859289
3.19 5.6463871554673
3.192 5.6472019786051
3.194 5.6480296295744
3.196 5.6488701813231
3.198 5.6497237055225
3.2 5.6505902725735
