Frequency s12
1.2 -10.73979205573
1.202 -10.739114279304
1.204 -10.738329705513
1.206 -10.737437277855
1.208 -10.736435936254
1.21 -10.735324617255
1.212 -10.734102254234
1.214 -10.732767777602
1.216 -10.731320115025
1.218 -10.729758191642
1.22 -10.728080930294
1.222 -10.726287251758
1.224 -10.724376074986
1.226 -10.722346317348
1.228 -10.720196894886
1.23 -10.71792672257
1.232 -10.715534714558
1.234 -10.71301978447
1.236 -10.710380845661
1.238 -10.707616811501
1.24 -10.70472659566
1.242 -10.701709112405
1.244 -10.698563276896
1.246 -10.695288005489
1.248 -10.691882216049
1.25 -10.688344828265
1.252 -10.684674763969
1.254 -10.680870947467
1.256 -10.676932305868
1.258 -10.672857769427
1.26 -10.668646271882
1.262 -10.664296750809
1.264 -10.659808147975
1.266 -10.655179409694
1.268 -10.650409487196
1.27 -10.645497336994
1.272 -10.640441921258
1.274 -10.635242208197
1.276 -10.629897172436
1.278 -10.624405795415
1.28 -10.618767065769
1.282 -10.612979979733
1.284 -10.607043541542
1.286 -10.600956763832
1.288 -10.594718668049
1.29 -10.588328284863
1.292 -10.581784654581
1.294 -10.575086827566
1.296 -10.568233864659
1.298 -10.561224837601
1.3 -10.55405882946
1.302 -10.54673493506
1.304 -10.539252261414
1.306 -10.531609928152
1.308 -10.523807067961
1.31 -10.515842827015
1.312 -10.507716365419
1.314 -10.499426857639
1.316 -10.490973492948
1.318 -10.48235547586
1.32 -10.473572026571
1.322 -10.464622381398
1.324 -10.455505793217
1.326 -10.446221531901
1.328 -10.436768884759
1.33 -10.427147156968
1.332 -10.417355672009
1.334 -10.4073937721
1.336 -10.397260818625
1.338 -10.386956192562
1.34 -10.376479294907
1.342 -10.365829547098
1.344 -10.355006391431
1.346 -10.344009291475
1.348 -10.332837732485
1.35 -10.321491221806
1.352 -10.309969289276
1.354 -10.298271487623
1.356 -10.286397392855
1.358 -10.27434660465
1.36 -10.26211874673
1.362 -10.249713467241
1.364 -10.237130439117
1.366 -10.224369360443
1.368 -10.211429954805
1.37 -10.198311971642
1.372 -10.185015186578
1.374 -10.171539401758
1.376 -10.157884446167
1.378 -10.144050175945
1.38 -10.13003647469
1.382 -10.115843253759
1.384 -10.101470452546
1.386 -10.086918038766
1.388 -10.072186008719
1.39 -10.057274387545
1.392 -10.042183229473
1.394 -10.026912618054
1.396 -10.011462666389
1.398 -9.9958335173388
1.4 -9.9800253437276
1.402 -9.9640383485351
1.404 -9.9478727650741
1.406 -9.931528857158
1.408 -9.9150069192559
1.41 -9.8983072766356
1.412 -9.8814302854938
1.414 -9.8643763330743
1.416 -9.847145837773
1.418 -9.8297392492306
1.42 -9.8121570484122
1.422 -9.7943997476736
1.424 -9.7764678908151
1.426 -9.7583620531217
1.428 -9.7400828413898
1.43 -9.7216308939417
1.432 -9.7030068806251
1.434 -9.6842115028011
1.436 -9.6652454933169
1.438 -9.6461096164666
1.44 -9.6268046679377
1.442 -9.6073314747447
1.444 -9.5876908951492
1.446 -9.5678838185659
1.448 -9.5479111654571
1.45 -9.5277738872118
1.452 -9.5074729660135
1.454 -9.4870094146933
1.456 -9.4663842765718
1.458 -9.4455986252863
1.46 -9.4246535646064
1.462 -9.4035502282367
1.464 -9.3822897796067
1.466 -9.3608734116487
1.468 -9.3393023465632
1.47 -9.3175778355724
1.472 -9.2957011586618
1.474 -9.27367362431
1.476 -9.2514965692073
1.478 -9.2291713579625
1.48 -9.206699382799
1.482 -9.1840820632401
1.484 -9.161320845783
1.486 -9.138417203563
1.488 -9.1153726360076
1.49 -9.0921886684798
1.492 -9.0688668519126
1.494 -9.0454087624336
1.496 -9.0218160009806
1.498 -8.9980901929079
1.5 -8.9742329875846
1.502 -8.9502460579839
1.504 -8.9261311002645
1.506 -8.9018898333446
1.508 -8.8775239984676
1.51 -8.8530353587608
1.512 -8.8284256987879
1.514 -8.8036968240938
1.516 -8.7788505607433
1.518 -8.7538887548542
1.52 -8.7288132721243
1.522 -8.7036259973523
1.524 -8.6783288339551
1.526 -8.6529237034784
1.528 -8.6274125451038
1.53 -8.6017973151516
1.532 -8.5760799865788
1.534 -8.5502625484744
1.536 -8.5243470055508
1.538 -8.4983353776318
1.54 -8.4722296991384
1.542 -8.4460320185713
1.544 -8.4197443979922
1.546 -8.393368912502
1.548 -8.366907649718
1.55 -8.3403627092493
1.552 -8.3137362021715
1.554 -8.2870302505
1.556 -8.2602469866632
1.558 -8.2333885529747
1.56 -8.206457101106
1.562 -8.1794547915592
1.564 -8.15238379314
1.566 -8.125246282431
1.568 -8.0980444432669
1.57 -8.0707804662097
1.572 -8.0434565480258
1.574 -8.0160748911648
1.576 -7.9886377032398
1.578 -7.9611471965098
1.58 -7.9336055873641
1.582 -7.9060150958097
1.584 -7.8783779449609
1.586 -7.8506963605315
1.588 -7.8229725703306
1.59 -7.795208803761
1.592 -7.7674072913215
1.594 -7.7395702641123
1.596 -7.7116999533442
1.598 -7.6837985898519
1.6 -7.6558684036111
1.602 -7.62791162326
1.604 -7.5999304756245
1.606 -7.571927185249
1.608 -7.5439039739304
1.61 -7.5158630602584
1.612 -7.4878066591588
1.614 -7.459736981444
1.616 -7.4316562333663
1.618 -7.4035666161784
1.62 -7.3754703256978
1.622 -7.3473695518772
1.624 -7.319266478381
1.626 -7.2911632821661
1.628 -7.2630621330695
1.63 -7.2349651934012
1.632 -7.2068746175433
1.634 -7.1787925515546
1.636 -7.1507211327817
1.638 -7.1226624894761
1.64 -7.0946187404171
1.642 -7.0665919945413
1.644 -7.0385843505784
1.646 -7.0105978966932
1.648 -6.9826347101339
1.65 -6.9546968568872
1.652 -6.9267863913398
1.654 -6.8989053559457
1.656 -6.8710557809016
1.658 -6.8432396838273
1.66 -6.8154590694538
1.662 -6.7877159293177
1.664 -6.7600122414624
1.666 -6.7323499701456
1.668 -6.7047310655547
1.67 -6.6771574635276
1.672 -6.6496310852809
1.674 -6.6221538371455
1.676 -6.5947276103078
1.678 -6.5673542805586
1.68 -6.5400357080487
1.682 -6.5127737370514
1.684 -6.4855701957312
1.686 -6.4584268959205
1.688 -6.4313456329018
1.69 -6.4043281851983
1.692 -6.3773763143697
1.694 -6.3504917648164
1.696 -6.323676263589
1.698 -6.2969315202061
1.7 -6.2702592264778
1.702 -6.2436610563366
1.704 -6.2171386656746
1.706 -6.1906936921881
1.708 -6.1643277552284
1.71 -6.1380424556595
1.712 -6.1118393757226
1.714 -6.0857200789069
1.716 -6.0596861098277
1.718 -6.0337389941105
1.72 -6.0078802382819
1.722 -5.9821113296672
1.724 -5.9564337362943
1.726 -5.9308489068044
1.728 -5.9053582703686
1.73 -5.8799632366114
1.732 -5.8546651955407
1.734 -5.8294655174834
1.736 -5.8043655530279
1.738 -5.7793666329729
1.74 -5.754470068282
1.742 -5.7296771500445
1.744 -5.7049891494426
1.746 -5.6804073177246
1.748 -5.6559328861835
1.75 -5.6315670661425
1.752 -5.6073110489454
1.754 -5.5831660059539
1.756 -5.5591330885492
1.758 -5.5352134281411
1.76 -5.5114081361811
1.762 -5.487718304182
1.764 -5.4641450037426
1.766 -5.4406892865785
1.768 -5.4173521845571
1.77 -5.394134709739
1.772 -5.3710378544239
1.774 -5.3480625912023
1.776 -5.3252098730114
1.778 -5.302480633197
1.78 -5.2798757855793
1.782 -5.2573962245247
1.784 -5.2350428250208
1.786 -5.212816442758
1.788 -5.1907179142136
1.79 -5.1687480567424
1.792 -5.14690766867
1.794 -5.1251975293918
1.796 -5.1036183994751
1.798 -5.0821710207661
1.8 -5.0608561165008
1.802 -5.0396743914195
1.804 -5.0186265318858
1.806 -4.9977132060084
1.808 -4.9769350637679
1.81 -4.9562927371458
1.812 -4.9357868402579
1.814 -4.9154179694907
1.816 -4.8951867036412
1.818 -4.8750936040597
1.82 -4.8551392147959
1.822 -4.8353240627478
1.824 -4.8156486578135
1.826 -4.7961134930458
1.828 -4.7767190448093
1.83 -4.7574657729405
1.832 -4.7383541209095
1.834 -4.7193845159852
1.836 -4.7005573694013
1.838 -4.6818730765259
1.84 -4.6633320170322
1.842 -4.644934555071
1.844 -4.626681039446
1.846 -4.6085718037894
1.848 -4.5906071667404
1.85 -4.5727874321244
1.852 -4.5551128891338
1.854 -4.5375838125098
1.856 -4.5202004627261
1.858 -4.502963086173
1.86 -4.4858719153423
1.862 -4.4689271690137
1.864 -4.4521290524417
1.866 -4.4354777575429
1.868 -4.4189734630839
1.87 -4.4026163348698
1.872 -4.386406525933
1.874 -4.3703441767224
1.876 -4.3544294152921
1.878 -4.3386623574905
1.88 -4.32304310715
1.882 -4.3075717562754
1.884 -4.2922483852324
1.886 -4.2770730629364
1.888 -4.2620458470401
1.89 -4.2471667841205
1.892 -4.232435909866
1.894 -4.2178532492622
1.896 -4.2034188167769
1.898 -4.1891326165441
1.9 -4.1749946425479
1.902 -4.161004878804
1.904 -4.1471632995407
1.906 -4.1334698693793
1.908 -4.1199245435115
1.91 -4.1065272678776
1.912 -4.0932779793409
1.914 -4.0801766058625
1.916 -4.0672230666734
1.918 -4.0544172724452
1.92 -4.041759125459
1.922 -4.0292485197723
1.924 -4.0168853413848
1.926 -4.0046694684008
1.928 -3.992600771191
1.93 -3.9806791125515
1.932 -3.9689043478603
1.934 -3.9572763252328
1.936 -3.9457948856738
1.938 -3.9344598632278
1.94 -3.9232710851269
1.942 -3.9122283719361
1.944 -3.9013315376965
1.946 -3.8905803900653
1.948 -3.8799747304545
1.95 -3.8695143541653
1.952 -3.8591990505216
1.954 -3.8490286029995
1.956 -3.8390027893551
1.958 -3.8291213817486
1.96 -3.8193841468667
1.962 -3.8097908460414
1.964 -3.8003412353662
1.966 -3.7910350658097
1.968 -3.7818720833262
1.97 -3.7728520289629
1.972 -3.7639746389655
1.974 -3.7552396448792
1.976 -3.7466467736483
1.978 -3.7381957477117
1.98 -3.7298862850961
1.982 -3.7217180995064
1.984 -3.713690900412
1.986 -3.7058043931318
1.988 -3.6980582789145
1.99 -3.6904522550176
1.992 -3.6829860147817
1.994 -3.6756592477034
1.996 -3.668471639504
1.998 -3.6614228721964
2.0 -3.6545126241474
2.002 -3.6477405701392
2.004 -3.6411063814258
2.006 -3.6346097257882
2.008 -3.6282502675856
2.01 -3.6220276678043
2.012 -3.6159415841033
2.014 -3.6099916708574
2.016 -3.6041775791973
2.018 -3.5984989570472
2.02 -3.5929554491587
2.022 -3.5875466971432
2.024 -3.5822723395008
2.026 -3.5771320116466
2.028 -3.5721253459343
2.03 -3.5672519716774
2.032 -3.5625115151678
2.034 -3.5579035996916
2.036 -3.5534278455423
2.038 -3.549083870032
2.04 -3.5448712874994
2.042 -3.5407897093166
2.044 -3.536838743892
2.046 -3.5330179966719
2.048 -3.5293270701398
2.05 -3.525765563813
2.052 -3.5223330742372
2.054 -3.5190291949793
2.056 -3.5158535166175
2.058 -3.5128056267301
2.06 -3.5098851098812
2.062 -3.507091547606
2.064 -3.5044245183928
2.066 -3.5018835976641
2.068 -3.4994683577553
2.07 -3.497178367892
2.072 -3.4950131941659
2.074 -3.4929723995085
2.076 -3.4910555436636
2.078 -3.4892621831585
2.08 -3.4875918712731
2.082 -3.4860441580086
2.084 -3.4846185900537
2.086 -3.4833147107511
2.088 -3.482132060061
2.09 -3.4810701745251
2.092 -3.4801285872286
2.094 -3.4793068277613
2.096 -3.4786044221785
2.098 -3.4780208929596
2.1 -3.4775557589675
2.102 -3.4772085354062
2.104 -3.4769787337781
2.106 -3.4768658618407
2.108 -3.4768694235625
2.11 -3.4769889190788
2.112 -3.4772238446471
2.114 -3.4775736926014
2.116 -3.4780379513074
2.118 -3.4786161051164
2.12 -3.4793076343199
2.122 -3.4801120151034
2.124 -3.4810287195009
2.126 -3.4820572153487
2.128 -3.48319696624
2.13 -3.4844474314789
2.132 -3.4858080660359
2.134 -3.4872783205021
2.136 -3.4888576410452
2.138 -3.4905454693648
2.14 -3.4923412426493
2.142 -3.4942443935324
2.144 -3.4962543500507
2.146 -3.4983705356019
2.148 -3.5005923689038
2.15 -3.5029192639541
2.152 -3.505350629991
2.154 -3.5078858714548
2.156 -3.5105243879502
2.158 -3.5132655742104
2.16 -3.5161088200614
2.162 -3.5190535103879
2.164 -3.5220990251006
2.166 -3.5252447391044
2.168 -3.5284900222682
2.17 -3.5318342393957
2.172 -3.5352767501984
2.174 -3.538816909269
2.176 -3.5424540660573
2.178 -3.5461875648471
2.18 -3.5500167447351
2.182 -3.5539409396112
2.184 -3.5579594781405
2.186 -3.5620716837475
2.188 -3.5662768746016
2.19 -3.5705743636047
2.192 -3.5749634583805
2.194 -3.5794434612663
2.196 -3.5840136693059
2.198 -3.5886733742453
2.2 -3.5934218625299
2.202 -3.5982584153043
2.204 -3.6031823084134
2.206 -3.6081928124068
2.208 -3.613289192544
2.21 -3.6184707088034
2.212 -3.6237366158918
2.214 -3.6290861632576
2.216 -3.6345185951055
2.218 -3.6400331504137
2.22 -3.6456290629535
2.222 -3.651305561311
2.224 -3.6570618689116
2.226 -3.6628972040464
2.228 -3.6688107799014
2.23 -3.6748018045887
2.232 -3.6808694811803
2.234 -3.6870130077447
2.236 -3.6932315773854
2.238 -3.699524378282
2.24 -3.7058905937336
2.242 -3.7123294022053
2.244 -3.7188399773765
2.246 -3.7254214881917
2.248 -3.732073098914
2.25 -3.7387939691812
2.252 -3.7455832540636
2.254 -3.7524401041252
2.256 -3.7593636654867
2.258 -3.7663530798911
2.26 -3.7734074847717
2.262 -3.7805260133226
2.264 -3.7877077945713
2.266 -3.7949519534541
2.268 -3.8022576108936
2.27 -3.8096238838783
2.272 -3.817049885545
2.274 -3.8245347252631
2.276 -3.8320775087217
2.278 -3.839677338018
2.28 -3.847333311749
2.282 -3.8550445251043
2.284 -3.8628100699623
2.286 -3.8706290349875
2.288 -3.8785005057301
2.29 -3.8864235647283
2.292 -3.8943972916116
2.294 -3.9024207632072
2.296 -3.9104930536472
2.298 -3.918613234479
2.3 -3.9267803747763
2.302 -3.9349935412527
2.304 -3.9432517983772
2.306 -3.9515542084909
2.308 -3.9598998319256
2.31 -3.9682877271246
2.312 -3.9767169507639
2.314 -3.9851865578767
2.316 -3.9936956019774
2.318 -4.002243135189
2.32 -4.0108282083703
2.322 -4.0194498712459
2.324 -4.0281071725361
2.326 -4.0367991600892
2.328 -4.0455248810146
2.33 -4.0542833818167
2.332 -4.0630737085306
2.334 -4.0718949068579
2.336 -4.0807460223049
2.338 -4.0896261003199
2.34 -4.0985341864333
2.342 -4.1074693263965
2.344 -4.1164305663237
2.346 -4.1254169528324
2.348 -4.134427533186
2.35 -4.1434613554358
2.352 -4.152517468565
2.354 -4.1615949226314
2.356 -4.1706927689117
2.358 -4.1798100600459
2.36 -4.1889458501816
2.362 -4.198099195119
2.364 -4.2072691524556
2.366 -4.2164547817312
2.368 -4.2256551445731
2.37 -4.2348693048409
2.372 -4.2440963287712
2.374 -4.2533352851228
2.376 -4.2625852453208
2.378 -4.2718452836007
2.38 -4.2811144771525
2.382 -4.2903919062644
2.384 -4.299676654465
2.386 -4.3089678086665
2.388 -4.3182644593063
2.39 -4.327565700488
2.392 -4.3368706301223
2.394 -4.3461783500667
2.396 -4.3554879662642
2.398 -4.3647985888815
2.4 -4.3741093324463
2.402 -4.3834193159832
2.404 -4.392727663149
2.406 -4.4020335023666
2.408 -4.4113359669579
2.41 -4.4206341952754
2.412 -4.4299273308327
2.414 -4.4392145224334
2.416 -4.4484949242992
2.418 -4.4577676961958
2.42 -4.4670320035579
2.422 -4.4762870176129
2.424 -4.485531915502
2.426 -4.494765880401
2.428 -4.5039881016389
2.43 -4.5131977748141
2.432 -4.5223941019104
2.434 -4.5315762914097
2.436 -4.5407435584039
2.438 -4.5498951247044
2.44 -4.5590302189503
2.442 -4.5681480767136
2.444 -4.5772479406039
2.446 -4.5863290603696
2.448 -4.5953906929981
2.45 -4.6044321028138
2.452 -4.6134525615734
2.454 -4.6224513485596
2.456 -4.6314277506726
2.458 -4.6403810625193
2.46 -4.6493105865003
2.462 -4.6582156328943
2.464 -4.6670955199414
2.466 -4.6759495739224
2.468 -4.6847771292373
2.47 -4.6935775284806
2.472 -4.7023501225146
2.474 -4.7110942705403
2.476 -4.7198093401656
2.478 -4.7284947074717
2.48 -4.7371497570767
2.482 -4.7457738821963
2.484 -4.7543664847034
2.486 -4.7629269751838
2.488 -4.7714547729905
2.49 -4.7799493062947
2.492 -4.7884100121351
2.494 -4.7968363364642
2.496 -4.8052277341925
2.498 -4.8135836692295
2.5 -4.8219036145233
2.502 -4.8301870520969
2.504 -4.8384334730821
2.506 -4.8466423777516
2.508 -4.8548132755475
2.51 -4.8629456851082
2.512 -4.8710391342927
2.514 -4.8790931602023
2.516 -4.8871073091996
2.518 -4.8950811369255
2.52 -4.903014208314
2.522 -4.9109060976033
2.524 -4.9187563883463
2.526 -4.9265646734173
2.528 -4.9343305550168
2.53 -4.9420536446743
2.532 -4.9497335632482
2.534 -4.9573699409235
2.536 -4.9649624172075
2.538 -4.9725106409231
2.54 -4.9800142701993
2.542 -4.9874729724605
2.544 -4.9948864244125
2.546 -5.0022543120271
2.548 -5.009576330524
2.55 -5.0168521843512
2.552 -5.0240815871621
2.554 -5.0312642617922
2.556 -5.0383999402319
2.558 -5.0454883635988
2.56 -5.0525292821072
2.562 -5.0595224550354
2.564 -5.0664676506922
2.566 -5.0733646463798
2.568 -5.0802132283563
2.57 -5.0870131917956
2.572 -5.0937643407458
2.574 -5.1004664880851
2.576 -5.1071194554774
2.578 -5.1137230733242
2.58 -5.1202771807168
2.582 -5.1267816253854
2.584 -5.1332362636472
2.586 -5.139640960353
2.588 -5.1459955888317
2.59 -5.1523000308342
2.592 -5.1585541764746
2.594 -5.1647579241713
2.596 -5.1709111805855
2.598 -5.1770138605592
2.6 -5.1830658870515
2.602 -5.1890671910736
2.604 -5.1950177116223
2.606 -5.2009173956133
2.608 -5.2067661978118
2.61 -5.2125640807632
2.612 -5.2183110147222
2.614 -5.2240069775808
2.616 -5.2296519547952
2.618 -5.2352459393124
2.62 -5.2407889314945
2.622 -5.2462809390436
2.624 -5.2517219769247
2.626 -5.2571120672882
2.628 -5.2624512393917
2.63 -5.2677395295209
2.632 -5.2729769809093
2.634 -5.2781636436584
2.636 -5.2832995746557
2.638 -5.2883848374934
2.64 -5.2934195023859
2.642 -5.2984036460867
2.644 -5.3033373518046
2.646 -5.3082207091206
2.648 -5.3130538139024
2.65 -5.3178367682204
2.652 -5.3225696802618
2.654 -5.3272526642458
2.656 -5.3318858403367
2.658 -5.3364693345586
2.66 -5.3410032787087
2.662 -5.3454878102703
2.664 -5.3499230723263
2.666 -5.3543092134725
2.668 -5.3586463877296
2.67 -5.3629347544568
2.672 -5.3671744782642
2.674 -5.3713657289256
2.676 -5.3755086812907
2.678 -5.3796035151986
2.68 -5.3836504153898
2.682 -5.3876495714194
2.684 -5.3916011775699
2.686 -5.3955054327641
2.688 -5.3993625404788
2.69 -5.4031727086574
2.692 -5.406936149624
2.694 -5.4106530799971
2.696 -5.4143237206036
2.698 -5.4179482963931
2.7 -5.4215270363523
2.702 -5.4250601734204
2.704 -5.4285479444041
2.706 -5.431990589893
2.708 -5.435388354176
2.71 -5.4387414851574
2.712 -5.442050234274
2.714 -5.4453148564121
2.716 -5.4485356098251
2.718 -5.4517127560521
2.72 -5.4548465598363
2.722 -5.4579372890441
2.724 -5.4609852145849
2.726 -5.4639906103315
2.728 -5.4669537530404
2.73 -5.4698749222736
2.732 -5.4727544003204
2.734 -5.4755924721199
2.736 -5.4783894251839
2.738 -5.4811455495212
2.74 -5.4838611375612
2.742 -5.4865364840795
2.744 -5.4891718861236
2.746 -5.4917676429387
2.748 -5.4943240558951
2.75 -5.4968414284158
2.752 -5.4993200659048
2.754 -5.5017602756762
2.756 -5.5041623668842
2.758 -5.5065266504529
2.76 -5.5088534390084
2.762 -5.51114304681
2.764 -5.5133957896832
2.766 -5.5156119849532
2.768 -5.5177919513788
2.77 -5.5199360090872
2.772 -5.5220444795103
2.774 -5.5241176853201
2.776 -5.5261559503668
2.778 -5.5281595996162
2.78 -5.5301289590886
2.782 -5.532064355798
2.784 -5.5339661176928
2.786 -5.5358345735965
2.788 -5.5376700531494
2.79 -5.5394728867516
2.792 -5.5412434055058
2.794 -5.5429819411618
2.796 -5.5446888260612
2.798 -5.5463643930834
2.8 -5.5480089755915
2.802 -5.5496229073801
2.804 -5.551206522623
2.806 -5.552760155822
2.808 -5.5542841417565
2.81 -5.5557788154339
2.812 -5.5572445120405
2.814 -5.5586815668937
2.816 -5.5600903153943
2.818 -5.5614710929801
2.82 -5.5628242350797
2.822 -5.564150077068
2.824 -5.5654489542214
2.826 -5.5667212016744
2.828 -5.5679671543765
2.83 -5.5691871470505
2.832 -5.5703815141508
2.834 -5.5715505898228
2.836 -5.5726947078633
2.838 -5.5738142016808
2.84 -5.5749094042574
2.842 -5.5759806481111
2.844 -5.5770282652583
2.846 -5.578052587178
2.848 -5.5790539447758
2.85 -5.580032668349
2.852 -5.5809890875525
2.854 -5.5819235313649
2.856 -5.582836328056
2.858 -5.5837278051542
2.86 -5.584598289415
2.862 -5.5854481067903
2.864 -5.5862775823977
2.866 -5.5870870404913
2.868 -5.5878768044324
2.87 -5.5886471966614
2.872 -5.5893985386698
2.874 -5.5901311509734
2.876 -5.5908453530852
2.878 -5.5915414634904
2.88 -5.5922197996203
2.882 -5.5928806778279
2.884 -5.5935244133638
2.886 -5.5941513203527
2.888 -5.5947617117703
2.89 -5.5953558994209
2.892 -5.5959341939155
2.894 -5.5964969046509
2.896 -5.5970443397882
2.898 -5.5975768062333
2.9 -5.5980946096169
2.902 -5.5985980542751
2.904 -5.5990874432313
2.906 -5.5995630781776
2.908 -5.6000252594574
2.91 -5.6004742860481
2.912 -5.6009104555445
2.914 -5.6013340641428
2.916 -5.6017454066246
2.918 -5.6021447763419
2.92 -5.6025324652023
2.922 -5.6029087636547
2.924 -5.6032739606752
2.926 -5.6036283437541
2.928 -5.6039721988825
2.93 -5.60430581054
2.932 -5.6046294616826
2.934 -5.6049434337307
2.936 -5.6052480065581
2.938 -5.6055434584808
2.94 -5.6058300662469
2.942 -5.6061081050258
2.944 -5.6063778483992
2.946 -5.6066395683513
2.948 -5.60689353526
2.95 -5.6071400178879
2.952 -5.6073792833745
2.954 -5.6076115972281
2.956 -5.6078372233181
2.958 -5.6080564238679
2.96 -5.608269459448
2.962 -5.6084765889694
2.964 -5.6086780696771
2.966 -5.6088741571448
2.968 -5.6090651052686
2.97 -5.609251166262
2.972 -5.6094325906509
2.974 -5.6096096272687
2.976 -5.6097825232521
2.978 -5.6099515240368
2.98 -5.6101168733535
2.982 -5.6102788132248
2.984 -5.610437583961
2.986 -5.6105934241581
2.988 -5.6107465706939
2.99 -5.6108972587263
2.992 -5.6110457216906
2.994 -5.6111921912974
2.996 -5.6113368975308
2.998 -5.6114800686469
3.0 -5.6116219311723
3.002 -5.6117627099032
3.004 -5.6119026279041
3.006 -5.6120419065073
3.008 -5.6121807653122
3.01 -5.6123194221856
3.012 -5.6124580932606
3.014 -5.6125969929377
3.016 -5.6127363338843
3.018 -5.6128763270358
3.02 -5.6130171815959
3.022 -5.6131591050374
3.024 -5.6133023031034
3.026 -5.6134469798086
3.028 -5.6135933374404
3.03 -5.6137415765606
3.032 -5.6138918960068
3.034 -5.6140444928948
3.036 -5.6141995626202
3.038 -5.6143572988604
3.04 -5.6145178935775
3.042 -5.6146815370201
3.044 -5.6148484177264
3.046 -5.6150187225265
3.048 -5.6151926365457
3.05 -5.615370343207
3.052 -5.6155520242346
3.054 -5.615737859657
3.056 -5.6159280278104
3.058 -5.6161227053421
3.06 -5.6163220672143
3.062 -5.6165262867074
3.064 -5.6167355354245
3.066 -5.6169499832945
3.068 -5.617169798577
3.07 -5.6173951478656
3.072 -5.6176261960928
3.074 -5.6178631065341
3.076 -5.6181060408123
3.078 -5.6183551589022
3.08 -5.6186106191351
3.082 -5.6188725782036
3.084 -5.6191411911664
3.086 -5.6194166114528
3.088 -5.6196989908684
3.09 -5.6199884795994
3.092 -5.620285226218
3.094 -5.6205893776876
3.096 -5.6209010793681
3.098 -5.621220475021
3.1 -5.621547706815
3.102 -5.6218829153314
3.104 -5.6222262395694
3.106 -5.6225778169522
3.108 -5.6229377833321
3.11 -5.6233062729964
3.112 -5.6236834186733
3.114 -5.6240693515376
3.116 -5.6244642012165
3.118 -5.6248680957954
3.12 -5.6252811618245
3.122 -5.625703524324
3.124 -5.6261353067906
3.126 -5.6265766312036
3.128 -5.6270276180311
3.13 -5.627488386236
3.132 -5.6279590532823
3.134 -5.6284397351415
3.136 -5.6289305462989
3.138 -5.6294315997599
3.14 -5.6299430070562
3.142 -5.6304648782528
3.144 -5.6309973219538
3.146 -5.6315404453093
3.148 -5.6320943540218
3.15 -5.6326591523529
3.152 -5.6332349431296
3.154 -5.6338218277512
3.156 -5.6344199061958
3.158 -5.6350292770269
3.16 -5.6356500374004
3.162 -5.6362822830708
3.164 -5.6369261083985
3.166 -5.6375816063562
3.168 -5.6382488685358
3.17 -5.6389279851552
3.172 -5.6396190450651
3.174 -5.6403221357558
3.176 -5.6410373433642
3.178 -5.6417647526805
3.18 -5.6425044471553
3.182 -5.6432565089061
3.184 -5.6440210187248
3.186 -5.6447980560841
3.188 -5.6455876991449
3.19 -5.6463900247627
3.192 -5.6472051084952
3.194 -5.6480330246087
3.196 -5.6488738460857
3.198 -5.6497276446311
3.2 -5.6505944906801
