Frequency s14
1.2 -8.8487463959163
1.202 -8.8482770372336
1.204 -8.8478025464132
1.206 -8.8473231570623
1.208 -8.8468391059662
1.21 -8.8463506331262
1.212 -8.8458579817982
1.214 -8.8453613985322
1.216 -8.8448611332108
1.218 -8.8443574390898
1.22 -8.8438505728381
1.222 -8.8433407945783
1.224 -8.8428283679277
1.226 -8.8423135600403
1.228 -8.8417966416478
1.23 -8.841277887103
1.232 -8.8407575744217
1.234 -8.8402359853265
1.236 -8.8397134052898
1.238 -8.8391901235788
1.24 -8.8386664332991
1.242 -8.8381426314401
1.244 -8.8376190189203
1.246 -8.8370959006331
1.248 -8.8365735854932
1.25 -8.8360523864831
1.252 -8.8355326207004
1.254 -8.8350146094052
1.256 -8.8344986780686
1.258 -8.8339851564207
1.26 -8.8334743784996
1.262 -8.8329666827012
1.264 -8.8324624118284
1.266 -8.8319619131421
1.268 -8.8314655384113
1.27 -8.8309736439645
1.272 -8.8304865907415
1.274 -8.8300047443453
1.276 -8.8295284750945
1.278 -8.8290581580767
1.28 -8.8285941732012
1.282 -8.8281369052538
1.284 -8.82768674395
1.286 -8.8272440839909
1.288 -8.8268093251175
1.29 -8.8263828721667
1.292 -8.8259651351272
1.294 -8.8255565291963
1.296 -8.8251574748365
1.298 -8.8247683978332
1.3 -8.824389729352
1.302 -8.8240219059974
1.304 -8.8236653698714
1.306 -8.8233205686321
1.308 -8.8229879555538
1.31 -8.8226679895865
1.312 -8.8223611354162
1.314 -8.822067863526
1.316 -8.8217886502567
1.318 -8.8215239778686
1.32 -8.8212743346035
1.322 -8.8210402147465
1.324 -8.8208221186894
1.326 -8.8206205529929
1.328 -8.8204360304508
1.33 -8.8202690701534
1.332 -8.8201201975514
1.334 -8.8199899445209
1.336 -8.819878849428
1.338 -8.8197874571937
1.34 -8.8197163193598
1.342 -8.8196659941545
1.344 -8.8196370465587
1.346 -8.8196300483722
1.348 -8.8196455782804
1.35 -8.8196842219217
1.352 -8.8197465719544
1.354 -8.8198332281244
1.356 -8.8199447973329
1.358 -8.8200818937048
1.36 -8.8202451386564
1.362 -8.8204351609647
1.364 -8.8206525968353
1.366 -8.8208980899719
1.368 -8.8211722916452
1.37 -8.8214758607623
1.372 -8.8218094639359
1.374 -8.8221737755542
1.376 -8.8225694778505
1.378 -8.8229972609731
1.38 -8.8234578230552
1.382 -8.823951870285
1.384 -8.8244801169758
1.386 -8.8250432856361
1.388 -8.8256421070403
1.39 -8.8262773202981
1.392 -8.8269496729257
1.394 -8.8276599209154
1.396 -8.8284088288062
1.398 -8.8291971697536
1.4 -8.8300257256004
1.402 -8.8308952869461
1.404 -8.8318066532173
1.406 -8.832760632737
1.408 -8.8337580427951
1.41 -8.8347997097172
1.412 -8.8358864689343
1.414 -8.837019165052
1.416 -8.8381986519193
1.418 -8.8394257926973
1.42 -8.8407014599276
1.422 -8.8420265356007
1.424 -8.8434019112235
1.426 -8.8448284878868
1.428 -8.8463071763326
1.43 -8.8478388970211
1.432 -8.8494245801962
1.434 -8.8510651659523
1.436 -8.8527616042992
1.438 -8.8545148552275
1.44 -8.8563258887726
1.442 -8.858195685079
1.444 -8.8601252344636
1.446 -8.8621155374782
1.448 -8.8641676049723
1.45 -8.866282458154
1.452 -8.8684611286514
1.454 -8.8707046585725
1.456 -8.8730141005648
1.458 -8.8753905178742
1.46 -8.8778349844026
1.462 -8.8803485847655
1.464 -8.8829324143482
1.466 -8.8855875793612
1.468 -8.8883151968951
1.47 -8.8911163949742
1.472 -8.8939923126094
1.474 -8.89694409985
1.476 -8.8999729178347
1.478 -8.9030799388412
1.48 -8.9062663463354
1.482 -8.9095333350193
1.484 -8.9128821108772
1.486 -8.9163138912217
1.488 -8.9198299047381
1.49 -8.9234313915278
1.492 -8.9271196031504
1.494 -8.9308958026647
1.496 -8.9347612646682
1.498 -8.938717275336
1.5 -8.9427651324579
1.502 -8.946906145474
1.504 -8.9511416355098
1.506 -8.9554729354094
1.508 -8.9599013897675
1.51 -8.9644283549597
1.512 -8.9690551991725
1.514 -8.9737833024303
1.516 -8.9786140566226
1.518 -8.9835488655286
1.52 -8.9885891448414
1.522 -8.9937363221894
1.524 -8.998991837158
1.526 -9.0043571413083
1.528 -9.0098336981952
1.53 -9.015422983384
1.532 -9.0211264844652
1.534 -9.0269457010682
1.536 -9.0328821448732
1.538 -9.0389373396219
1.54 -9.045112821127
1.542 -9.0514101372796
1.544 -9.0578308480556
1.546 -9.0643765255211
1.548 -9.0710487538353
1.55 -9.0778491292531
1.552 -9.0847792601259
1.554 -9.0918407669011
1.556 -9.09903528212
1.558 -9.1063644504151
1.56 -9.1138299285056
1.562 -9.1214333851918
1.564 -9.1291765013485
1.566 -9.1370609699171
1.568 -9.1450884958964
1.57 -9.1532607963332
1.572 -9.1615796003105
1.574 -9.1700466489365
1.576 -9.1786636953307
1.578 -9.1874325046113
1.58 -9.19635485388
1.582 -9.2054325322076
1.584 -9.2146673406176
1.586 -9.2240610920705
1.588 -9.2336156114467
1.59 -9.2433327355296
1.592 -9.2532143129885
1.594 -9.2632622043604
1.596 -9.2734782820329
1.598 -9.2838644302265
1.6 -9.2944225449766
1.602 -9.3051545341168
1.604 -9.3160623172617
1.606 -9.3271478257905
1.608 -9.3384130028308
1.61 -9.349859803244
1.612 -9.3614901936106
1.614 -9.3733061522172
1.616 -9.385309669044
1.618 -9.3975027457545
1.62 -9.4098873956859
1.622 -9.4224656438413
1.624 -9.4352395268842
1.626 -9.4482110931343
1.628 -9.4613824025657
1.63 -9.4747555268077
1.632 -9.4883325491479
1.634 -9.5021155645384
1.636 -9.5161066796039
1.638 -9.5303080126546
1.64 -9.544721693701
1.642 -9.5593498644732
1.644 -9.5741946784437
1.646 -9.5892583008542
1.648 -9.6045429087469
1.65 -9.6200506910004
1.652 -9.6357838483702
1.654 -9.6517445935345
1.656 -9.6679351511451
1.658 -9.6843577578843
1.66 -9.7010146625273
1.662 -9.7179081260113
1.664 -9.7350404215104
1.666 -9.752413834518
1.668 -9.770030662936
1.67 -9.7878932171713
1.672 -9.8060038202404
1.674 -9.8243648078818
1.676 -9.8429785286769
1.678 -9.8618473441796
1.68 -9.8809736290554
1.682 -9.9003597712295
1.684 -9.920008172045
1.686 -9.9399212464311
1.688 -9.9601014230825
1.69 -9.9805511446492
1.692 -10.001272867938
1.694 -10.022269064125
1.696 -10.043542218983
1.698 -10.065094833116
1.7 -10.086929422216
1.702 -10.109048517322
1.704 -10.131454665102
1.706 -10.154150428146
1.708 -10.177138385271
1.71 -10.200421131849
1.712 -10.224001280144
1.714 -10.247881459667
1.716 -10.27206431755
1.718 -10.296552518935
1.72 -10.321348747381
1.722 -10.346455705294
1.724 -10.371876114368
1.726 -10.397612716051
1.728 -10.423668272034
1.73 -10.450045564751
1.732 -10.476747397908
1.734 -10.503776597035
1.736 -10.531136010055
1.738 -10.558828507879
1.74 -10.586856985025
1.742 -10.615224360261
1.744 -10.643933577275
1.746 -10.672987605368
1.748 -10.702389440178
1.75 -10.732142104422
1.752 -10.762248648681
1.754 -10.792712152201
1.756 -10.823535723728
1.758 -10.854722502379
1.76 -10.886275658534
1.762 -10.918198394768
1.764 -10.950493946818
1.766 -10.983165584573
1.768 -11.016216613113
1.77 -11.049650373776
1.772 -11.08347024526
1.774 -11.117679644775
1.776 -11.152282029218
1.778 -11.187280896402
1.78 -11.222679786319
1.782 -11.258482282451
1.784 -11.294692013118
1.786 -11.331312652881
1.788 -11.368347923981
1.79 -11.405801597835
1.792 -11.443677496579
1.794 -11.481979494656
1.796 -11.520711520467
1.798 -11.55987755807
1.8 -11.599481648935
1.802 -11.639527893756
1.804 -11.680020454328
1.806 -11.720963555482
1.808 -11.762361487078
1.81 -11.804218606077
1.812 -11.846539338665
1.814 -11.889328182459
1.816 -11.932589708781
1.818 -11.976328565005
1.82 -12.020549476987
1.822 -12.065257251566
1.824 -12.11045677916
1.826 -12.156153036437
1.828 -12.202351089083
1.83 -12.249056094657
1.832 -12.296273305545
1.834 -12.344008072011
1.836 -12.392265845355
1.838 -12.441052181174
1.84 -12.490372742734
1.842 -12.540233304463
1.844 -12.590639755557
1.846 -12.641598103717
1.848 -12.693114479011
1.85 -12.745195137875
1.852 -12.797846467254
1.854 -12.851074988888
1.856 -12.90488736375
1.858 -12.959290396651
1.86 -13.014291041001
1.862 -13.069896403751
1.864 -13.126113750512
1.866 -13.182950510864
1.868 -13.240414283866
1.87 -13.298512843769
1.872 -13.357254145943
1.874 -13.41664633304
1.876 -13.476697741379
1.878 -13.537416907593
1.88 -13.598812575525
1.882 -13.660893703403
1.884 -13.723669471298
1.886 -13.787149288878
1.888 -13.851342803483
1.89 -13.916259908525
1.892 -13.981910752235
1.894 -14.048305746775
1.896 -14.115455577734
1.898 -14.183371214026
1.9 -14.252063918211
1.902 -14.321545257264
1.904 -14.391827113816
1.906 -14.462921697886
1.908 -14.534841559141
1.91 -14.607599599706
1.912 -14.681209087556
1.914 -14.755683670523
1.916 -14.831037390957
1.918 -14.90728470107
1.92 -14.984440479007
1.922 -15.062520045693
1.924 -15.141539182489
1.926 -15.221514149716
1.928 -15.302461706092
1.93 -15.384399129144
1.932 -15.467344236653
1.934 -15.551315409188
1.936 -15.636331613814
1.938 -15.722412429033
1.94 -15.809578071047
1.942 -15.89784942142
1.944 -15.987248056241
1.946 -16.077796276886
1.948 -16.169517142469
1.95 -16.262434504125
1.952 -16.356573041232
1.954 -16.451958299703
1.956 -16.548616732511
1.958 -16.64657574259
1.96 -16.745863728291
1.962 -16.846510131575
1.964 -16.948545489141
1.966 -17.052001486724
1.968 -17.156911016778
1.97 -17.263308239823
1.972 -17.37122864973
1.974 -17.480709143253
1.976 -17.59178809415
1.978 -17.704505432255
1.98 -17.818902727914
1.982 -17.935023282222
1.984 -18.052912223547
1.986 -18.172616610883
1.988 -18.294185544609
1.99 -18.417670285315
1.992 -18.543124381403
1.994 -18.670603806255
1.996 -18.800167105845
1.998 -18.931875557764
2.0 -19.065793342738
2.002 -19.201987729827
2.004 -19.340529276656
2.006 -19.48149204614
2.008 -19.624953841395
2.01 -19.770996460664
2.012 -19.919705974376
2.014 -20.071173026649
2.016 -20.225493163912
2.018 -20.382767193589
2.02 -20.543101576239
2.022 -20.706608854953
2.024 -20.873408126337
2.026 -21.043625558023
2.028 -21.217394958324
2.03 -21.394858404472
2.032 -21.576166936829
2.034 -21.761481327546
2.036 -21.950972933481
2.038 -22.144824644696
2.04 -22.343231941691
2.042 -22.546404076667
2.044 -22.75456539673
2.046 -22.967956829975
2.048 -23.186837559135
2.05 -23.411486911948
2.052 -23.642206502784
2.054 -23.879322666739
2.056 -24.123189235446
2.058 -24.374190713845
2.06 -24.632745929485
2.062 -24.899312241292
2.064 -25.174390413989
2.066 -25.458530288627
2.068 -25.752337410551
2.07 -26.056480815573
2.072 -26.371702226035
2.074 -26.698826974664
2.076 -27.038777061004
2.078 -27.392586860391
2.08 -27.761422159564
2.082 -28.146603401824
2.084 -28.549634310635
2.086 -28.972237457738
2.088 -29.416398901054
2.09 -29.884424817418
2.092 -30.37901421849
2.094 -30.903353562278
2.096 -31.461241681202
2.098 -32.057257486047
2.1 -32.696989320709
2.102 -33.387355334926
2.104 -34.137061978911
2.106 -34.957278867051
2.108 -35.862665406329
2.11 -36.872995039274
2.112 -38.015850100964
2.114 -39.331364176462
2.116 -40.881217807904
2.118 -42.767482892878
2.12 -45.177963517947
2.122 -48.520800989595
2.124 -54.004201695004
2.126 -70.077121633554
2.128 -56.184770693844
2.13 -49.629779719073
2.132 -45.929348054239
2.134 -43.34284737863
2.136 -41.353488664206
2.138 -39.73706498753
2.14 -38.375868857649
2.142 -37.200392776327
2.144 -36.166151761081
2.146 -35.242951400732
2.148 -34.409355451082
2.15 -33.649595671088
2.152 -32.951734614897
2.154 -32.306517264065
2.156 -31.706623099758
2.158 -31.146161933079
2.16 -30.620323972764
2.162 -30.125130761259
2.164 -29.65725398394
2.166 -29.213881099329
2.168 -28.792613982891
2.17 -28.391391305513
2.172 -28.008428274633
2.174 -27.642169276544
2.176 -27.291250241106
2.178 -26.954468427896
2.18 -26.630757944131
2.182 -26.319169737094
2.184 -26.018855114263
2.186 -25.7290520701
2.188 -25.449073864753
2.19 -25.178299423786
2.192 -24.916165221257
2.194 -24.662158379344
2.196 -24.415810772071
2.198 -24.17669396275
2.2 -23.944414837565
2.202 -23.718611823488
2.204 -23.498951599138
2.206 -23.285126223443
2.208 -23.076850619985
2.21 -22.873860365441
2.212 -22.675909739046
2.214 -22.48276999696
2.216 -22.294227841121
2.218 -22.110084056861
2.22 -21.930152297443
2.222 -21.754257996912
2.224 -21.582237395336
2.226 -21.413936662774
2.228 -21.249211110228
2.23 -21.087924477388
2.232 -20.929948288403
2.234 -20.775161268001
2.236 -20.623448811324
2.238 -20.47470250164
2.24 -20.328819670834
2.242 -20.185702998222
2.244 -20.045260143727
2.246 -19.90740341196
2.248 -19.77204944413
2.25 -19.63911893505
2.252 -19.508536372853
2.254 -19.380229799233
2.256 -19.254130588332
2.258 -19.130173242528
2.26 -19.008295203631
2.262 -18.888436678084
2.264 -18.770540474957
2.266 -18.654551855629
2.268 -18.540418394149
2.27 -18.428089847393
2.272 -18.317518034188
2.274 -18.208656722691
2.276 -18.10146152534
2.278 -17.995889800776
2.28 -17.891900562201
2.282 -17.789454391655
2.284 -17.688513359781
2.286 -17.589040950634
2.288 -17.491001991187
2.29 -17.394362585173
2.292 -17.299090050938
2.294 -17.205152863045
2.296 -17.11252059733
2.298 -17.021163879187
2.3 -16.931054334855
2.302 -16.842164545496
2.304 -16.754468003878
2.306 -16.667939073485
2.308 -16.582552949902
2.31 -16.49828562431
2.312 -16.415113848968
2.314 -16.333015104547
2.316 -16.251967569206
2.318 -16.171950089283
2.32 -16.092942151526
2.322 -16.014923856742
2.324 -15.937875894805
2.326 -15.861779520912
2.328 -15.786616533038
2.33 -15.712369250502
2.332 -15.639020493592
2.334 -15.566553564169
2.336 -15.494952227216
2.338 -15.424200693263
2.34 -15.354283601641
2.342 -15.285186004526
2.344 -15.216893351715
2.346 -15.149391476113
2.348 -15.082666579874
2.35 -15.01670522117
2.352 -14.951494301557
2.354 -14.887021053897
2.356 -14.823273030815
2.358 -14.76023809366
2.36 -14.697904401944
2.362 -14.636260403235
2.364 -14.575294823477
2.366 -14.514996657727
2.368 -14.45535516127
2.37 -14.396359841116
2.372 -14.338000447832
2.374 -14.280266967724
2.376 -14.223149615327
2.378 -14.166638826198
2.38 -14.110725250003
2.382 -14.055399743871
2.384 -14.000653366013
2.386 -13.946477369595
2.388 -13.892863196837
2.39 -13.839802473352
2.392 -13.787287002692
2.394 -13.735308761105
2.396 -13.683859892489
2.398 -13.632932703536
2.4 -13.582519659049
2.402 -13.532613377442
2.404 -13.483206626399
2.406 -13.434292318688
2.408 -13.385863508131
2.41 -13.337913385716
2.412 -13.29043527585
2.414 -13.243422632734
2.416 -13.196869036884
2.418 -13.150768191752
2.42 -13.10511392048
2.422 -13.059900162754
2.424 -13.015120971777
2.426 -12.970770511331
2.428 -12.92684305295
2.43 -12.883332973178
2.432 -12.840234750926
2.434 -12.79754296491
2.436 -12.755252291174
2.438 -12.713357500697
2.44 -12.671853457073
2.442 -12.630735114268
2.444 -12.589997514449
2.446 -12.549635785876
2.448 -12.50964514087
2.45 -12.470020873835
2.452 -12.430758359347
2.454 -12.3918530503
2.456 -12.35330047611
2.458 -12.315096240971
2.46 -12.277236022165
2.462 -12.239715568424
2.464 -12.20253069834
2.466 -12.165677298821
2.468 -12.129151323592
2.47 -12.092948791744
2.472 -12.057065786318
2.474 -12.021498452938
2.476 -11.986242998474
2.478 -11.951295689754
2.48 -11.9166528523
2.482 -11.882310869111
2.484 -11.84826617947
2.486 -11.814515277794
2.488 -11.781054712504
2.49 -11.747881084938
2.492 -11.714991048285
2.494 -11.68238130655
2.496 -11.650048613547
2.498 -11.61798977192
2.5 -11.586201632189
2.502 -11.55468109182
2.504 -11.523425094317
2.506 -11.492430628348
2.508 -11.461694726878
2.51 -11.431214466336
2.512 -11.400986965799
2.514 -11.371009386196
2.516 -11.341278929534
2.518 -11.311792838141
2.52 -11.282548393925
2.522 -11.253542917664
2.524 -11.224773768294
2.526 -11.196238342229
2.528 -11.167934072696
2.53 -11.139858429073
2.532 -11.112008916262
2.534 -11.084383074062
2.536 -11.056978476563
2.538 -11.029792731549
2.54 -11.002823479924
2.542 -10.976068395145
2.544 -10.949525182662
2.546 -10.923191579386
2.548 -10.897065353153
2.55 -10.871144302212
2.552 -10.845426254715
2.554 -10.819909068228
2.556 -10.794590629242
2.558 -10.769468852702
2.56 -10.744541681547
2.562 -10.71980708625
2.564 -10.695263064383
2.566 -10.670907640176
2.568 -10.646738864097
2.57 -10.622754812432
2.572 -10.598953586881
2.574 -10.575333314158
2.576 -10.551892145598
2.578 -10.528628256777
2.58 -10.505539847134
2.582 -10.482625139609
2.584 -10.459882380273
2.586 -10.437309837985
2.588 -10.414905804039
2.59 -10.392668591826
2.592 -10.370596536503
2.594 -10.348687994665
2.596 -10.326941344025
2.598 -10.3053549831
2.6 -10.283927330902
2.602 -10.262656826636
2.604 -10.241541929406
2.606 -10.220581117918
2.608 -10.199772890201
2.61 -10.179115763319
2.612 -10.158608273102
2.614 -10.138248973873
2.616 -10.118036438181
2.618 -10.097969256542
2.62 -10.078046037184
2.622 -10.05826540579
2.624 -10.038626005257
2.626 -10.019126495449
2.628 -9.9997655529601
2.63 -9.9805418708803
2.632 -9.961454158563
2.634 -9.9425011413998
2.636 -9.9236815605977
2.638 -9.9049941729596
2.64 -9.8864377506694
2.642 -9.8680110810802
2.644 -9.8497129665059
2.646 -9.8315422240168
2.648 -9.8134976852379
2.65 -9.795578196151
2.652 -9.7777826168998
2.654 -9.760109821598
2.656 -9.742558698141
2.658 -9.7251281480201
2.66 -9.7078170861399
2.662 -9.6906244406385
2.664 -9.6735491527106
2.666 -9.6565901764335
2.668 -9.6397464785954
2.67 -9.623017038527
2.672 -9.606400847935
2.674 -9.5898969107389
2.676 -9.5735042429094
2.678 -9.5572218723105
2.68 -9.5410488385426
2.682 -9.524984192789
2.684 -9.5090269976643
2.686 -9.4931763270652
2.688 -9.4774312660233
2.69 -9.4617909105603
2.692 -9.4462543675454
2.694 -9.4308207545546
2.696 -9.415489199732
2.698 -9.4002588416536
2.7 -9.3851288291923
2.702 -9.3700983213857
2.704 -9.3551664873053
2.706 -9.3403325059275
2.708 -9.3255955660069
2.71 -9.3109548659507
2.712 -9.296409613696
2.714 -9.2819590265875
2.716 -9.2676023312578
2.718 -9.2533387635093
2.72 -9.2391675681974
2.722 -9.2250879991155
2.724 -9.2110993188819
2.726 -9.1972007988276
2.728 -9.1833917188862
2.73 -9.1696713674855
2.732 -9.1560390414395
2.734 -9.1424940458431
2.736 -9.1290356939676
2.738 -9.1156633071578
2.74 -9.1023762147304
2.742 -9.0891737538736
2.744 -9.0760552695486
2.746 -9.0630201143918
2.748 -9.0500676486186
2.75 -9.0371972399286
2.752 -9.0244082634117
2.754 -9.0117001014556
2.756 -8.999072143655
2.758 -8.9865237867209
2.76 -8.9740544343922
2.762 -8.961663497348
2.764 -8.9493503931205
2.766 -8.9371145460104
2.768 -8.9249553870017
2.77 -8.9128723536792
2.772 -8.9008648901457
2.774 -8.8889324469414
2.776 -8.8770744809635
2.778 -8.865290455387
2.78 -8.8535798395873
2.782 -8.8419421090625
2.784 -8.8303767453574
2.786 -8.8188832359887
2.788 -8.8074610743708
2.79 -8.796109759742
2.792 -8.7848287970929
2.794 -8.7736176970948
2.796 -8.7624759760287
2.798 -8.7514031557163
2.8 -8.740398763451
2.802 -8.7294623319298
2.804 -8.7185933991864
2.806 -8.7077915085251
2.808 -8.6970562084551
2.81 -8.686387052626
2.812 -8.6757835997639
2.814 -8.6652454136086
2.816 -8.6547720628509
2.818 -8.6443631210716
2.82 -8.6340181666804
2.822 -8.623736782856
2.824 -8.6135185574866
2.826 -8.6033630831117
2.828 -8.5932699568641
2.83 -8.5832387804124
2.832 -8.5732691599051
2.834 -8.5633607059145
2.836 -8.5535130333814
2.838 -8.5437257615609
2.84 -8.5339985139688
2.842 -8.5243309183279
2.844 -8.5147226065159
2.846 -8.5051732145131
2.848 -8.4956823823518
2.85 -8.4862497540647
2.852 -8.4768749776358
2.854 -8.46755770495
2.856 -8.4582975917451
2.858 -8.4490942975627
2.86 -8.439947485701
2.862 -8.4308568231673
2.864 -8.4218219806316
2.866 -8.4128426323804
2.868 -8.4039184562711
2.87 -8.3950491336874
2.872 -8.3862343494941
2.874 -8.3774737919939
2.876 -8.3687671528835
2.878 -8.3601141272109
2.88 -8.3515144133327
2.882 -8.3429677128726
2.884 -8.3344737306795
2.886 -8.3260321747868
2.888 -8.3176427563718
2.89 -8.3093051897159
2.892 -8.3010191921646
2.894 -8.292784484089
2.896 -8.2846007888466
2.898 -8.2764678327434
2.9 -8.2683853449962
2.902 -8.2603530576949
2.904 -8.2523707057663
2.906 -8.2444380269367
2.908 -8.2365547616968
2.91 -8.2287206532654
2.912 -8.2209354475546
2.914 -8.2131988931346
2.916 -8.2055107411998
2.918 -8.1978707455342
2.92 -8.1902786624782
2.922 -8.1827342508951
2.924 -8.1752372721385
2.926 -8.1677874900196
2.928 -8.1603846707751
2.93 -8.1530285830357
2.932 -8.1457189977943
2.934 -8.1384556883753
2.936 -8.131238430404
2.938 -8.1240670017758
2.94 -8.1169411826268
2.942 -8.1098607553039
2.944 -8.1028255043356
2.946 -8.0958352164027
2.948 -8.0888896803104
2.95 -8.0819886869593
2.952 -8.0751320293176
2.954 -8.0683195023938
2.956 -8.061550903209
2.958 -8.0548260307701
2.96 -8.0481446860426
2.962 -8.041506671925
2.964 -8.034911793222
2.966 -8.028359856619
2.968 -8.0218506706565
2.97 -8.015384045705
2.972 -8.0089597939399
2.974 -8.0025777293167
2.976 -7.9962376675473
2.978 -7.989939426075
2.98 -7.9836828240515
2.982 -7.9774676823128
2.984 -7.9712938233562
2.986 -7.9651610713173
2.988 -7.9590692519469
2.99 -7.9530181925893
2.992 -7.9470077221593
2.994 -7.9410376711204
2.996 -7.9351078714636
2.998 -7.9292181566853
3.0 -7.9233683617664
3.002 -7.9175583231513
3.004 -7.9117878787271
3.006 -7.9060568678034
3.008 -7.9003651310915
3.01 -7.8947125106849
3.012 -7.8890988500392
3.014 -7.8835239939529
3.016 -7.8779877885475
3.018 -7.8724900812492
3.02 -7.867030720769
3.022 -7.861609557085
3.024 -7.8562264414236
3.026 -7.8508812262409
3.028 -7.8455737652053
3.03 -7.8403039131795
3.032 -7.8350715262024
3.034 -7.8298764614728
3.036 -7.8247185773309
3.038 -7.8195977332425
3.04 -7.8145137897815
3.042 -7.8094666086136
3.044 -7.8044560524798
3.046 -7.7994819851804
3.048 -7.7945442715587
3.05 -7.7896427774856
3.052 -7.7847773698435
3.054 -7.7799479165115
3.056 -7.7751542863494
3.058 -7.7703963491834
3.06 -7.7656739757906
3.062 -7.7609870378847
3.064 -7.7563354081013
3.066 -7.7517189599837
3.068 -7.7471375679684
3.07 -7.7425911073716
3.072 -7.738079454375
3.074 -7.7336024860124
3.076 -7.7291600801557
3.078 -7.7247521155023
3.08 -7.7203784715615
3.082 -7.7160390286417
3.084 -7.7117336678371
3.086 -7.7074622710158
3.088 -7.7032247208067
3.09 -7.6990209005873
3.092 -7.6948506944716
3.094 -7.6907139872978
3.096 -7.6866106646168
3.098 -7.68254061268
3.1 -7.6785037184281
3.102 -7.6744998694793
3.104 -7.6705289541183
3.106 -7.6665908612849
3.108 -7.6626854805633
3.11 -7.6588127021707
3.112 -7.6549724169472
3.114 -7.6511645163448
3.116 -7.6473888924169
3.118 -7.6436454378084
3.12 -7.639934045745
3.122 -7.6362546100235
3.124 -7.632607025002
3.126 -7.6289911855896
3.128 -7.6254069872371
3.13 -7.6218543259277
3.132 -7.6183330981672
3.134 -7.6148432009747
3.136 -7.611384531874
3.138 -7.607956988884
3.14 -7.60456047051
3.142 -7.6011948757353
3.144 -7.5978601040119
3.146 -7.5945560552524
3.148 -7.5912826298215
3.15 -7.5880397285278
3.152 -7.5848272526154
3.154 -7.5816451037561
3.156 -7.5784931840411
3.158 -7.5753713959737
3.16 -7.5722796424611
3.162 -7.569217826807
3.164 -7.5661858527042
3.166 -7.563183624227
3.168 -7.560211045824
3.17 -7.557268022311
3.172 -7.554354458864
3.174 -7.551470261012
3.176 -7.5486153346302
3.178 -7.5457895859336
3.18 -7.5429929214698
3.182 -7.540225248113
3.184 -7.537486473057
3.186 -7.5347765038093
3.188 -7.5320952481849
3.19 -7.5294426142995
3.192 -7.5268185105643
3.194 -7.5242228456794
3.196 -7.5216555286282
3.198 -7.5191164686717
3.2 -7.5166055753427
