Frequency s21_phase
1.2 -67.019216998516
1.202 -67.016635749123
1.204 -67.013715286149
1.206 -67.010458260453
1.208 -67.006867426227
1.21 -67.002945642302
1.212 -66.998695873433
1.214 -66.994121191581
1.216 -66.989224777174
1.218 -66.984009920368
1.22 -66.978480022278
1.222 -66.972638596205
1.224 -66.966489268846
1.226 -66.960035781476
1.228 -66.953281991128
1.23 -66.946231871739
1.232 -66.938889515284
1.234 -66.931259132882
1.236 -66.923345055884
1.238 -66.915151736936
1.24 -66.906683751012
1.242 -66.897945796427
1.244 -66.888942695814
1.246 -66.879679397085
1.248 -66.870160974345
1.25 -66.860392628789
1.252 -66.850379689558
1.254 -66.840127614563
1.256 -66.829641991276
1.258 -66.818928537481
1.26 -66.80799310199
1.262 -66.796841665319
1.264 -66.785480340323
1.266 -66.773915372789
1.268 -66.762153141992
1.27 -66.750200161197
1.272 -66.738063078123
1.274 -66.725748675362
1.276 -66.713263870741
1.278 -66.700615717645
1.28 -66.687811405286
1.282 -66.674858258918
1.284 -66.661763740003
1.286 -66.648535446325
1.288 -66.635181112043
1.29 -66.621708607692
1.292 -66.60812594013
1.294 -66.594441252421
1.296 -66.58066282366
1.298 -66.566799068743
1.3 -66.552858538073
1.302 -66.538849917196
1.304 -66.524782026391
1.306 -66.510663820178
1.308 -66.496504386777
1.31 -66.482312947489
1.312 -66.468098856018
1.314 -66.453871597723
1.316 -66.439640788805
1.318 -66.425416175423
1.32 -66.411207632742
1.322 -66.39702516391
1.324 -66.382878898972
1.326 -66.368779093702
1.328 -66.354736128372
1.33 -66.340760506454
1.332 -66.326862853237
1.334 -66.313053914386
1.336 -66.299344554422
1.338 -66.285745755133
1.34 -66.27226861391
1.342 -66.258924342017
1.344 -66.245724262782
1.346 -66.232679809721
1.348 -66.219802524592
1.35 -66.207104055372
1.352 -66.19459615417
1.354 -66.182290675066
1.356 -66.170199571879
1.358 -66.158334895869
1.36 -66.146708793371
1.362 -66.135333503355
1.364 -66.124221354925
1.366 -66.113384764752
1.368 -66.102836234434
1.37 -66.0925883478
1.372 -66.082653768149
1.374 -66.073045235421
1.376 -66.063775563314
1.378 -66.054857636334
1.38 -66.046304406797
1.382 -66.03812889176
1.384 -66.030344169906
1.386 -66.022963378376
1.388 -66.015999709535
1.39 -66.009466407706
1.392 -66.003376765837
1.394 -65.997744122131
1.396 -65.992581856626
1.398 -65.987903387734
1.4 -65.983722168729
1.402 -65.980051684207
1.404 -65.976905446499
1.406 -65.97429699205
1.408 -65.972239877766
1.41 -65.970747677323
1.412 -65.969833977453
1.414 -65.969512374196
1.416 -65.969796469134
1.418 -65.970699865591
1.42 -65.97223616482
1.422 -65.974418962173
1.424 -65.977261843244
1.426 -65.980778380007
1.428 -65.984982126941
1.43 -65.989886617144
1.432 -65.995505358435
1.434 -66.001851829466
1.436 -66.008939475811
1.438 -66.016781706077
1.44 -66.025391887998
1.442 -66.034783344551
1.444 -66.044969350065
1.446 -66.055963126348
1.448 -66.067777838827
1.45 -66.080426592695
1.452 -66.093922429083
1.454 -66.108278321246
1.456 -66.123507170773
1.458 -66.139621803819
1.46 -66.156634967365
1.462 -66.174559325504
1.464 -66.193407455757
1.466 -66.213191845426
1.468 -66.233924887977
1.47 -66.255618879461
1.472 -66.278286014974
1.474 -66.301938385158
1.476 -66.326587972744
1.478 -66.352246649142
1.48 -66.378926171072
1.482 -66.40663817725
1.484 -66.435394185118
1.486 -66.465205587631
1.488 -66.496083650094
1.49 -66.528039507051
1.492 -66.561084159239
1.494 -66.595228470592
1.496 -66.630483165309
1.498 -66.666858824978
1.5 -66.704365885767
1.502 -66.743014635677
1.504 -66.782815211853
1.506 -66.823777597972
1.508 -66.865911621687
1.51 -66.909226952143
1.512 -66.953733097563
1.514 -66.999439402897
1.516 -67.046355047548
1.518 -67.094489043166
1.52 -67.143850231511
1.522 -67.194447282389
1.524 -67.246288691666
1.526 -67.299382779344
1.528 -67.353737687723
1.53 -67.409361379626
1.532 -67.466261636703
1.534 -67.52444605781
1.536 -67.583922057462
1.538 -67.644696864355
1.54 -67.706777519974
1.542 -67.770170877262
1.544 -67.834883599375
1.546 -67.900922158506
1.548 -67.968292834784
1.55 -68.037001715246
1.552 -68.107054692888
1.554 -68.178457465783
1.556 -68.251215536275
1.558 -68.32533421025
1.56 -68.400818596471
1.562 -68.477673605995
1.564 -68.555903951651
1.566 -68.635514147599
1.568 -68.716508508953
1.57 -68.798891151475
1.572 -68.882665991341
1.574 -68.967836744972
1.576 -69.054406928936
1.578 -69.142379859913
1.58 -69.231758654729
1.582 -69.322546230461
1.584 -69.414745304592
1.586 -69.508358395246
1.588 -69.603387821477
1.59 -69.699835703622
1.592 -69.797703963715
1.594 -69.896994325965
1.596 -69.997708317286
1.598 -70.099847267894
1.6 -70.203412311954
1.602 -70.308404388291
1.604 -70.41482424115
1.606 -70.522672421012
1.608 -70.63194928547
1.61 -70.742655000148
1.612 -70.854789539677
1.614 -70.968352688724
1.616 -71.083344043062
1.618 -71.199763010697
1.62 -71.317608813038
1.622 -71.436880486119
1.624 -71.557576881852
1.626 -71.679696669347
1.628 -71.803238336252
1.63 -71.928200190153
1.632 -72.054580360004
1.634 -72.182376797603
1.636 -72.311587279107
1.638 -72.44220940658
1.64 -72.574240609585
1.642 -72.707678146807
1.644 -72.842519107714
1.646 -72.978760414249
1.648 -73.116398822558
1.65 -73.255430924749
1.652 -73.395853150681
1.654 -73.537661769783
1.656 -73.680852892904
1.658 -73.82542247419
1.66 -73.971366312984
1.662 -74.11868005576
1.664 -74.267359198075
1.666 -74.417399086549
1.668 -74.568794920866
1.67 -74.721541755799
1.672 -74.875634503251
1.674 -75.031067934329
1.676 -75.187836681419
1.678 -75.345935240298
1.68 -75.505357972248
1.682 -75.666099106197
1.684 -75.828152740871
1.686 -75.991512846961
1.688 -76.156173269309
1.69 -76.322127729095
1.692 -76.489369826051
1.694 -76.657893040676
1.696 -76.827690736464
1.698 -76.998756162144
1.7 -77.171082453925
1.702 -77.344662637752
1.704 -77.519489631566
1.706 -77.695556247574
1.708 -77.872855194519
1.71 -78.051379079962
1.712 -78.231120412558
1.714 -78.412071604345
1.716 -78.594224973028
1.718 -78.777572744267
1.72 -78.962107053964
1.722 -79.147819950554
1.724 -79.33470339729
1.726 -79.522749274526
1.728 -79.711949382006
1.73 -79.902295441133
1.732 -80.093779097256
1.734 -80.28639192193
1.736 -80.480125415187
1.738 -80.674971007793
1.74 -80.870920063499
1.742 -81.067963881284
1.744 -81.266093697591
1.746 -81.465300688557
1.748 -81.665575972221
1.75 -81.86691061074
1.752 -82.069295612576
1.754 -82.272721934681
1.756 -82.477180484671
1.758 -82.682662122978
1.76 -82.889157664998
1.762 -83.096657883216
1.764 -83.305153509325
1.766 -83.514635236318
1.768 -83.725093720576
1.77 -83.936519583929
1.772 -84.148903415707
1.774 -84.362235774767
1.776 -84.576507191505
1.778 -84.791708169847
1.78 -85.007829189223
1.782 -85.224860706518
1.784 -85.442793158003
1.786 -85.661616961244
1.788 -85.88132251699
1.79 -86.101900211041
1.792 -86.323340416088
1.794 -86.545633493534
1.796 -86.76876979529
1.798 -86.992739665547
1.8 -87.217533442524
1.802 -87.443141460186
1.804 -87.669554049947
1.806 -87.896761542339
1.808 -88.124754268653
1.81 -88.353522562565
1.812 -88.58305676172
1.814 -88.813347209304
1.816 -89.044384255573
1.818 -89.276158259369
1.82 -89.508659589599
1.822 -89.741878626686
1.824 -89.975805763995
1.826 -90.210431409228
1.828 -90.44574598579
1.83 -90.681739934127
1.832 -90.918403713033
1.834 -91.155727800925
1.836 -91.393702697096
1.838 -91.632318922931
1.84 -91.871567023092
1.842 -92.111437566683
1.844 -92.351921148368
1.846 -92.593008389476
1.848 -92.834689939063
1.85 -93.076956474951
1.852 -93.319798704732
1.854 -93.56320736674
1.856 -93.807173231004
1.858 -94.051687100151
1.86 -94.296739810298
1.862 -94.5423222319
1.864 -94.788425270575
1.866 -95.035039867893
1.868 -95.28215700214
1.87 -95.529767689051
1.872 -95.777862982508
1.874 -96.026433975214
1.876 -96.275471799336
1.878 -96.524967627112
1.88 -96.774912671441
1.882 -97.025298186434
1.884 -97.276115467934
1.886 -97.527355854021
1.888 -97.779010725473
1.89 -98.031071506204
1.892 -98.283529663682
1.894 -98.536376709306
1.896 -98.789604198765
1.898 -99.043203732365
1.9 -99.297166955332
1.902 -99.551485558087
1.904 -99.806151276495
1.906 -100.06115589209
1.908 -100.31649123227
1.91 -100.57214917046
1.912 -100.8281216263
1.914 -101.08440056571
1.916 -101.34097800104
1.918 -101.5978459911
1.92 -101.85499664126
1.922 -102.11242210346
1.924 -102.3701145762
1.926 -102.62806630455
1.928 -102.88626958012
1.93 -103.14471674097
1.932 -103.40340017156
1.934 -103.66231230266
1.936 -103.92144561122
1.938 -104.18079262023
1.94 -104.44034589857
1.942 -104.70009806085
1.944 -104.96004176722
1.946 -105.22016972314
1.948 -105.48047467918
1.95 -105.74094943079
1.952 -106.00158681801
1.954 -106.26237972525
1.956 -106.52332108094
1.958 -106.7844038573
1.96 -107.04562107001
1.962 -107.30696577785
1.964 -107.5684310824
1.966 -107.83001012771
1.968 -108.09169609988
1.97 -108.35348222674
1.972 -108.61536177746
1.974 -108.87732806215
1.976 -109.13937443148
1.978 -109.40149427625
1.98 -109.66368102699
1.982 -109.92592815353
1.984 -110.18822916459
1.986 -110.45057760732
1.988 -110.71296706686
1.99 -110.97539116592
1.992 -111.23784356428
1.994 -111.5003179584
1.996 -111.7628080809
1.998 -112.02530770013
2.0 -112.28781061968
2.002 -112.55031067794
2.004 -112.81280174763
2.006 -113.0752777353
2.008 -113.33773258087
2.01 -113.60016025718
2.012 -113.86255476949
2.014 -114.12491015503
2.016 -114.38722048253
2.018 -114.64947985172
2.02 -114.91168239291
2.022 -115.1738222665
2.024 -115.43589366253
2.026 -115.69789080023
2.028 -115.95980792753
2.03 -116.22163932066
2.032 -116.48337928371
2.034 -116.74502214813
2.036 -117.00656227237
2.038 -117.26799404141
2.04 -117.52931186636
2.042 -117.79051018404
2.044 -118.05158345659
2.046 -118.31252617104
2.048 -118.57333283897
2.05 -118.83399799607
2.052 -119.09451620183
2.054 -119.35488203912
2.056 -119.61509011389
2.058 -119.87513505479
2.06 -120.13501151284
2.062 -120.39471416112
2.064 -120.65423769446
2.066 -120.91357682913
2.068 -121.17272630253
2.07 -121.43168087297
2.072 -121.69043531934
2.074 -121.94898444089
2.076 -122.20732305698
2.078 -122.46544600686
2.08 -122.72334814943
2.082 -122.98102436307
2.084 -123.2384695454
2.086 -123.49567861318
2.088 -123.75264650204
2.09 -124.00936816645
2.092 -124.26583857949
2.094 -124.52205273276
2.096 -124.7780056363
2.098 -125.03369231844
2.1 -125.28910782579
2.102 -125.5442472231
2.104 -125.79910559328
2.106 -126.05367803732
2.108 -126.30795967429
2.11 -126.56194564132
2.112 -126.81563109364
2.114 -127.06901120455
2.116 -127.32208116553
2.118 -127.57483618624
2.12 -127.82727149462
2.122 -128.07938233695
2.124 -128.33116397796
2.126 -128.58261170099
2.128 -128.83372080802
2.13 -129.08448661993
2.132 -129.33490447657
2.134 -129.58496973698
2.136 -129.83467777957
2.138 -130.08402400234
2.14 -130.33300382305
2.142 -130.58161267952
2.144 -130.82984602982
2.146 -131.07769935257
2.148 -131.3251681472
2.15 -131.57224793425
2.152 -131.81893425566
2.154 -132.0652226751
2.156 -132.3111087783
2.158 -132.55658817338
2.16 -132.80165649123
2.162 -133.04630938588
2.164 -133.29054253485
2.166 -133.53435163959
2.168 -133.77773242586
2.17 -134.02068064418
2.172 -134.26319207019
2.174 -134.50526250521
2.176 -134.74688777657
2.178 -134.98806373818
2.18 -135.22878627095
2.182 -135.46905128326
2.184 -135.70885471153
2.186 -135.94819252065
2.188 -136.18706070456
2.19 -136.42545528671
2.192 -136.66337232067
2.194 -136.90080789059
2.196 -137.13775811184
2.198 -137.37421913149
2.2 -137.61018712892
2.202 -137.8456583164
2.204 -138.08062893963
2.206 -138.31509527838
2.208 -138.54905364703
2.21 -138.78250039523
2.212 -139.01543190842
2.214 -139.24784460854
2.216 -139.47973495456
2.218 -139.71109944315
2.22 -139.94193460927
2.222 -140.1722370268
2.224 -140.4020033092
2.226 -140.6312301101
2.228 -140.85991412395
2.23 -141.08805208666
2.232 -141.31564077621
2.234 -141.54267701335
2.236 -141.76915766213
2.238 -141.99507963065
2.24 -142.22043987163
2.242 -142.44523538307
2.244 -142.66946320886
2.246 -142.89312043944
2.248 -143.11620421244
2.25 -143.33871171326
2.252 -143.56064017576
2.254 -143.78198688282
2.256 -144.00274916701
2.258 -144.22292441118
2.26 -144.44251004907
2.262 -144.66150356591
2.264 -144.87990249905
2.266 -145.09770443853
2.268 -145.31490702765
2.27 -145.5315079636
2.272 -145.747504998
2.274 -145.96289593746
2.276 -146.17767864419
2.278 -146.39185103647
2.28 -146.60541108928
2.282 -146.81835683478
2.284 -147.03068636285
2.286 -147.24239782158
2.288 -147.45348941783
2.29 -147.6639594177
2.292 -147.87380614696
2.294 -148.08302799162
2.296 -148.29162339833
2.298 -148.49959087483
2.3 -148.70692899041
2.302 -148.91363637633
2.304 -149.11971172622
2.306 -149.32515379651
2.308 -149.52996140679
2.31 -149.73413344018
2.312 -149.9376688437
2.314 -150.14056662864
2.316 -150.34282587086
2.318 -150.54444571109
2.32 -150.74542535529
2.322 -150.94576407489
2.324 -151.14546120707
2.326 -151.34451615503
2.328 -151.54292838821
2.33 -151.74069744254
2.332 -151.93782292062
2.334 -152.13430449194
2.336 -152.33014189304
2.338 -152.52533492765
2.34 -152.71988346688
2.342 -152.91378744929
2.344 -153.10704688104
2.346 -153.29966183598
2.348 -153.49163245567
2.35 -153.68295894951
2.352 -153.87364159473
2.354 -154.06368073641
2.356 -154.25307678753
2.358 -154.44183022889
2.36 -154.62994160912
2.362 -154.81741154463
2.364 -155.00424071951
2.366 -155.19042988549
2.368 -155.37597986179
2.37 -155.56089153503
2.372 -155.74516585906
2.374 -155.92880385484
2.376 -156.11180661024
2.378 -156.29417527984
2.38 -156.47591108474
2.382 -156.65701531231
2.384 -156.83748931597
2.386 -157.01733451487
2.388 -157.19655239369
2.39 -157.37514450226
2.392 -157.55311245529
2.394 -157.73045793203
2.396 -157.9071826759
2.398 -158.08328849414
2.4 -158.25877725741
2.402 -158.4336508994
2.404 -158.60791141641
2.406 -158.7815608669
2.408 -158.95460137106
2.41 -159.12703511032
2.412 -159.2988643269
2.414 -159.47009132325
2.416 -159.64071846162
2.418 -159.81074816344
2.42 -159.98018290886
2.422 -160.14902523613
2.424 -160.31727774104
2.426 -160.48494307634
2.428 -160.65202395114
2.43 -160.81852313029
2.432 -160.98444343372
2.434 -161.14978773587
2.436 -161.31455896493
2.438 -161.47876010228
2.44 -161.64239418172
2.442 -161.80546428882
2.444 -161.96797356021
2.446 -162.12992518285
2.448 -162.2913223933
2.45 -162.45216847702
2.452 -162.61246676755
2.454 -162.7722206458
2.456 -162.93143353927
2.458 -163.09010892125
2.46 -163.24825031007
2.462 -163.40586126824
2.464 -163.5629454017
2.466 -163.71950635897
2.468 -163.87554783033
2.47 -164.03107354701
2.472 -164.18608728031
2.474 -164.34059284079
2.476 -164.4945940774
2.478 -164.64809487662
2.48 -164.80109916159
2.482 -164.95361089126
2.484 -165.10563405948
2.486 -165.25717269416
2.488 -165.40823085633
2.49 -165.55881263929
2.492 -165.70892216773
2.494 -165.85856359676
2.496 -166.00774111109
2.498 -166.15645892408
2.5 -166.30472127685
2.502 -166.45253243734
2.504 -166.59989669946
2.506 -166.74681838212
2.508 -166.89330182835
2.51 -167.03935140436
2.512 -167.18497149865
2.514 -167.3301665211
2.516 -167.47494090202
2.518 -167.61929909125
2.52 -167.7632455573
2.522 -167.90678478634
2.524 -168.04992128137
2.526 -168.19265956128
2.528 -168.33500415994
2.53 -168.47695962533
2.532 -168.61853051858
2.534 -168.75972141312
2.536 -168.90053689377
2.538 -169.04098155584
2.54 -169.18106000428
2.542 -169.32077685274
2.544 -169.46013672272
2.546 -169.59914424273
2.548 -169.73780404735
2.55 -169.87612077644
2.552 -170.01409907422
2.554 -170.15174358846
2.556 -170.28905896963
2.558 -170.42604987004
2.56 -170.56272094301
2.562 -170.69907684208
2.564 -170.83512222014
2.566 -170.97086172865
2.568 -171.10630001683
2.57 -171.24144173087
2.572 -171.37629151311
2.574 -171.5108540013
2.576 -171.64513382781
2.578 -171.77913561886
2.58 -171.91286399376
2.582 -172.04632356419
2.584 -172.17951893345
2.586 -172.31245469571
2.588 -172.44513543532
2.59 -172.57756572608
2.592 -172.70975013056
2.594 -172.84169319939
2.596 -172.97339947058
2.598 -173.10487346886
2.6 -173.23611970503
2.602 -173.36714267529
2.604 -173.49794686057
2.606 -173.62853672598
2.608 -173.75891672013
2.61 -173.88909127451
2.612 -174.01906480296
2.614 -174.148841701
2.616 -174.27842634532
2.618 -174.40782309318
2.62 -174.53703628184
2.622 -174.66607022808
2.624 -174.79492922757
2.626 -174.92361755446
2.628 -175.05213946075
2.63 -175.1804991759
2.632 -175.30870090626
2.634 -175.43674883464
2.636 -175.56464711981
2.638 -175.69239989608
2.64 -175.82001127282
2.642 -175.94748533404
2.644 -176.07482613799
2.646 -176.2020377167
2.648 -176.32912407564
2.65 -176.45608919327
2.652 -176.58293702071
2.654 -176.70967148134
2.656 -176.83629647047
2.658 -176.96281585498
2.66 -177.08923347299
2.662 -177.21555313351
2.664 -177.3417786162
2.666 -177.46791367097
2.668 -177.59396201778
2.67 -177.71992734628
2.672 -177.8458133156
2.674 -177.97162355406
2.676 -178.09736165895
2.678 -178.22303119622
2.68 -178.34863570034
2.682 -178.47417867404
2.684 -178.59966358808
2.686 -178.72509388108
2.688 -178.85047295933
2.69 -178.9758041966
2.692 -179.10109093397
2.694 -179.2263364797
2.696 -179.35154410902
2.698 -179.47671706403
2.7 -179.60185855358
2.702 -179.7269717531
2.704 -179.85205980454
2.706 -179.97712581622
2.708 179.89782713724
2.71 179.77279601502
2.712 179.64777781018
2.714 179.52276954971
2.716 179.39776829462
2.718 179.27277113999
2.72 179.14777521498
2.722 179.02277768292
2.724 178.89777574132
2.726 178.77276662186
2.728 178.64774759048
2.73 178.52271594729
2.732 178.39766902668
2.734 178.2726041972
2.736 178.14751886164
2.738 178.02241045695
2.74 177.89727645426
2.742 177.77211435879
2.744 177.64692170986
2.746 177.5216960808
2.748 177.39643507894
2.75 177.27113634553
2.752 177.14579755565
2.754 177.02041641818
2.756 176.89499067571
2.758 176.76951810443
2.76 176.64399651409
2.762 176.51842374786
2.764 176.39279768226
2.766 176.26711622705
2.768 176.1413773251
2.77 176.01557895232
2.772 175.88971911751
2.774 175.76379586222
2.776 175.63780726068
2.778 175.5117514196
2.78 175.3856264781
2.782 175.25943060749
2.784 175.13316201123
2.786 175.00681892467
2.788 174.88039961498
2.79 174.75390238097
2.792 174.6273255529
2.794 174.50066749237
2.796 174.37392659211
2.798 174.24710127584
2.8 174.12018999808
2.802 173.99319124398
2.804 173.86610352913
2.806 173.73892539943
2.808 173.61165543081
2.81 173.48429222915
2.812 173.35683443002
2.814 173.22928069852
2.816 173.10162972907
2.818 172.97388024521
2.82 172.84603099945
2.822 172.71808077301
2.824 172.59002837563
2.826 172.46187264542
2.828 172.33361244858
2.83 172.20524667924
2.832 172.07677425924
2.834 171.94819413792
2.836 171.81950529192
2.838 171.69070672494
2.84 171.56179746754
2.842 171.43277657695
2.844 171.30364313682
2.846 171.17439625702
2.848 171.04503507342
2.85 170.91555874766
2.852 170.78596646695
2.854 170.65625744385
2.856 170.52643091602
2.858 170.39648614604
2.86 170.26642242116
2.862 170.13623905309
2.864 170.00593537778
2.866 169.87551075517
2.868 169.744964569
2.87 169.61429622661
2.872 169.48350515863
2.874 169.35259081884
2.876 169.22155268392
2.878 169.09039025321
2.88 168.95910304851
2.882 168.82769061385
2.884 168.69615251527
2.886 168.56448834058
2.888 168.43269769916
2.89 168.30078022173
2.892 168.16873556014
2.894 168.03656338711
2.896 167.90426339607
2.898 167.77183530089
2.9 167.63927883567
2.902 167.50659375456
2.904 167.37377983148
2.906 167.24083685995
2.908 167.10776465286
2.91 166.97456304225
2.912 166.84123187908
2.914 166.70777103305
2.916 166.57418039237
2.918 166.44045986354
2.92 166.30660937112
2.922 166.17262885759
2.924 166.03851828306
2.926 165.90427762509
2.928 165.7699068785
2.93 165.63540605514
2.932 165.5007751837
2.934 165.36601430949
2.936 165.23112349425
2.938 165.09610281592
2.94 164.96095236847
2.942 164.82567226171
2.944 164.69026262102
2.946 164.55472358724
2.948 164.41905531642
2.95 164.28325797962
2.952 164.14733176276
2.954 164.01127686637
2.956 163.87509350545
2.958 163.73878190922
2.96 163.602342321
2.962 163.46577499797
2.964 163.32908021099
2.966 163.19225824443
2.968 163.05530939598
2.97 162.91823397645
2.972 162.78103230962
2.974 162.64370473203
2.976 162.5062515928
2.978 162.36867325348
2.98 162.23097008785
2.982 162.09314248174
2.984 161.95519083286
2.986 161.81711555066
2.988 161.67891705611
2.99 161.54059578155
2.992 161.40215217051
2.994 161.26358667758
2.996 161.1248997682
2.998 160.98609191852
3.0 160.8471636152
3.002 160.70811535532
3.004 160.56894764614
3.006 160.42966100499
3.008 160.2902559591
3.01 160.15073304542
3.012 160.0110928105
3.014 159.87133581032
3.016 159.73146261013
3.018 159.59147378431
3.02 159.45136991621
3.022 159.31115159801
3.024 159.17081943057
3.026 159.03037402327
3.028 158.88981599389
3.03 158.74914596845
3.032 158.60836458106
3.034 158.4674724738
3.036 158.32647029656
3.038 158.18535870692
3.04 158.04413837001
3.042 157.90280995834
3.044 157.76137415171
3.046 157.61983163707
3.048 157.47818310835
3.05 157.33642926639
3.052 157.19457081873
3.054 157.05260847957
3.056 156.91054296958
3.058 156.7683750158
3.06 156.6261053515
3.062 156.48373471606
3.064 156.34126385489
3.066 156.19869351922
3.068 156.05602446607
3.07 155.91325745808
3.072 155.77039326339
3.074 155.62743265557
3.076 155.48437641344
3.078 155.34122532101
3.08 155.19798016733
3.082 155.05464174642
3.084 154.91121085709
3.086 154.76768830291
3.088 154.62407489205
3.09 154.48037143719
3.092 154.33657875539
3.094 154.19269766803
3.096 154.04872900067
3.098 153.90467358297
3.1 153.76053224854
3.102 153.61630583491
3.104 153.47199518337
3.106 153.32760113891
3.108 153.1831245501
3.11 153.038566269
3.112 152.89392715106
3.114 152.74920805503
3.116 152.60440984287
3.118 152.45953337963
3.12 152.31457953342
3.122 152.16954917523
3.124 152.02444317892
3.126 151.8792624211
3.128 151.73400778102
3.13 151.58868014051
3.132 151.44328038391
3.134 151.29780939792
3.136 151.15226807159
3.138 151.00665729619
3.14 150.86097796515
3.142 150.71523097396
3.144 150.56941722009
3.146 150.42353760294
3.148 150.27759302373
3.15 150.13158438541
3.152 149.98551259264
3.154 149.83937855164
3.156 149.69318317018
3.158 149.54692735745
3.16 149.40061202404
3.162 149.2542380818
3.164 149.10780644385
3.166 148.96131802442
3.168 148.81477373886
3.17 148.66817450351
3.172 148.52152123566
3.174 148.37481485347
3.176 148.22805627592
3.178 148.08124642271
3.18 147.93438621424
3.182 147.7874765715
3.184 147.64051841602
3.186 147.49351266982
3.188 147.34646025533
3.19 147.19936209533
3.192 147.05221911291
3.194 146.90503223137
3.196 146.75780237419
3.198 146.61053046495
3.2 146.46321742728
