Frequency s22
1.2 -2.7923763939709
1.202 -2.7968887034954
1.204 -2.8014609065336
1.206 -2.8060933704086
1.208 -2.8107864648064
1.21 -2.815540561798
1.212 -2.8203560358609
1.214 -2.8252332639018
1.216 -2.8301726252785
1.218 -2.8351745018228
1.22 -2.8402392778635
1.222 -2.8453673402497
1.224 -2.8505590783741
1.226 -2.855814884197
1.228 -2.8611351522699
1.23 -2.8665202797605
1.232 -2.8719706664765
1.234 -2.877486714891
1.236 -2.8830688301675
1.238 -2.8887174201852
1.24 -2.8944328955648
1.242 -2.9002156696945
1.244 -2.906066158756
1.246 -2.9119847817516
1.248 -2.9179719605305
1.25 -2.924028119816
1.252 -2.9301536872331
1.254 -2.9363490933362
1.256 -2.942614771637
1.258 -2.9489511586326
1.26 -2.9553586938344
1.262 -2.9618378197967
1.264 -2.9683889821461
1.266 -2.9750126296108
1.268 -2.9817092140503
1.27 -2.9884791904856
1.272 -2.9953230171292
1.274 -3.0022411554162
1.276 -3.0092340700349
1.278 -3.0163022289582
1.28 -3.0234461034748
1.282 -3.0306661682214
1.284 -3.0379629012145
1.286 -3.045336783883
1.288 -3.0527883011005
1.29 -3.0603179412187
1.292 -3.0679261961006
1.294 -3.0756135611536
1.296 -3.0833805353639
1.298 -3.0912276213302
1.3 -3.0991553252981
1.302 -3.107164157195
1.304 -3.1152546306649
1.306 -3.1234272631036
1.308 -3.1316825756941
1.31 -3.1400210934425
1.312 -3.1484433452139
1.314 -3.1569498637688
1.316 -3.1655411857993
1.318 -3.1742178519661
1.32 -3.1829804069357
1.322 -3.1918293994173
1.324 -3.2007653822005
1.326 -3.2097889121929
1.328 -3.2189005504581
1.33 -3.228100862254
1.332 -3.2373904170711
1.334 -3.2467697886707
1.336 -3.2562395551246
1.338 -3.2658002988532
1.34 -3.275452606665
1.342 -3.285197069796
1.344 -3.2950342839492
1.346 -3.3049648493342
1.348 -3.3149893707071
1.35 -3.3251084574103
1.352 -3.3353227234129
1.354 -3.3456327873506
1.356 -3.3560392725661
1.358 -3.36654280715
1.36 -3.3771440239804
1.362 -3.3878435607643
1.364 -3.3986420600779
1.366 -3.4095401694073
1.368 -3.4205385411896
1.37 -3.4316378328529
1.372 -3.4428387068579
1.374 -3.4541418307381
1.376 -3.465547877141
1.378 -3.4770575238682
1.38 -3.4886714539167
1.382 -3.500390355519
1.384 -3.5122149221837
1.386 -3.5241458527361
1.388 -3.5361838513581
1.39 -3.5483296276286
1.392 -3.5605838965631
1.394 -3.5729473786537
1.396 -3.5854207999087
1.398 -3.5980048918914
1.4 -3.6107003917599
1.402 -3.6235080423051
1.404 -3.6364285919896
1.406 -3.6494627949857
1.408 -3.6626114112134
1.41 -3.6758752063771
1.412 -3.6892549520036
1.414 -3.7027514254778
1.416 -3.7163654100791
1.418 -3.7300976950172
1.42 -3.7439490754667
1.422 -3.7579203526021
1.424 -3.7720123336314
1.426 -3.7862258318295
1.428 -3.800561666571
1.43 -3.8150206633619
1.432 -3.8296036538713
1.434 -3.8443114759615
1.436 -3.8591449737178
1.438 -3.8741049974775
1.44 -3.8891924038581
1.442 -3.9044080557839
1.444 -3.9197528225127
1.446 -3.9352275796607
1.448 -3.9508332092271
1.45 -3.9665705996164
1.452 -3.9824406456614
1.454 -3.9984442486434
1.456 -4.0145823163119
1.458 -4.0308557629035
1.46 -4.0472655091586
1.462 -4.0638124823373
1.464 -4.080497616234
1.466 -4.0973218511903
1.468 -4.1142861341065
1.47 -4.131391418452
1.472 -4.1486386642732
1.474 -4.1660288382007
1.476 -4.1835629134545
1.478 -4.2012418698473
1.48 -4.2190666937861
1.482 -4.2370383782725
1.484 -4.2551579229001
1.486 -4.2734263338511
1.488 -4.2918446238899
1.49 -4.3104138123553
1.492 -4.3291349251507
1.494 -4.3480089947315
1.496 -4.3670370600909
1.498 -4.3862201667433
1.5 -4.4055593667051
1.502 -4.4250557184735
1.504 -4.4447102870028
1.506 -4.4645241436781
1.508 -4.4844983662866
1.51 -4.5046340389861
1.512 -4.524932252271
1.514 -4.5453941029361
1.516 -4.5660206940365
1.518 -4.5868131348458
1.52 -4.6077725408109
1.522 -4.628900033504
1.524 -4.6501967405719
1.526 -4.6716637956816
1.528 -4.6933023384637
1.53 -4.7151135144523
1.532 -4.7370984750215
1.534 -4.7592583773191
1.536 -4.781594384197
1.538 -4.8041076641382
1.54 -4.8267993911806
1.542 -4.849670744837
1.544 -4.8727229100127
1.546 -4.8959570769186
1.548 -4.9193744409812
1.55 -4.9429762027496
1.552 -4.9667635677981
1.554 -4.9907377466263
1.556 -5.0148999545542
1.558 -5.0392514116154
1.56 -5.0637933424455
1.562 -5.0885269761672
1.564 -5.1134535462719
1.566 -5.1385742904976
1.568 -5.1638904507032
1.57 -5.1894032727391
1.572 -5.2151140063143
1.574 -5.2410239048598
1.576 -5.2671342253883
1.578 -5.293446228351
1.58 -5.3199611774895
1.582 -5.3466803396861
1.584 -5.3736049848086
1.586 -5.4007363855534
1.588 -5.4280758172841
1.59 -5.4556245578674
1.592 -5.4833838875055
1.594 -5.5113550885655
1.596 -5.5395394454052
1.598 -5.5679382441971
1.6 -5.5965527727476
1.602 -5.6253843203155
1.604 -5.654434177426
1.606 -5.6837036356833
1.608 -5.7131939875802
1.61 -5.7429065263054
1.612 -5.7728425455487
1.614 -5.8030033393045
1.616 -5.8333902016725
1.618 -5.8640044266581
1.62 -5.8948473079696
1.622 -5.925920138816
1.624 -5.9572242117017
1.626 -5.9887608182219
1.628 -6.0205312488566
1.63 -6.0525367927641
1.632 -6.0847787375746
1.634 -6.1172583691836
1.636 -6.1499769715459
1.638 -6.1829358264701
1.64 -6.2161362134137
1.642 -6.2495794092802
1.644 -6.2832666882169
1.646 -6.3171993214149
1.648 -6.3513785769117
1.65 -6.3858057193954
1.652 -6.4204820100129
1.654 -6.455408706181
1.656 -6.4905870614005
1.658 -6.5260183250759
1.66 -6.5617037423382
1.662 -6.5976445538735
1.664 -6.6338419957569
1.666 -6.6702972992919
1.668 -6.7070116908564
1.67 -6.743986391756
1.672 -6.7812226180835
1.674 -6.8187215805874
1.676 -6.8564844845477
1.678 -6.8945125296618
1.68 -6.9328069099386
1.682 -6.9713688136034
1.684 -7.0101994230131
1.686 -7.0492999145824
1.688 -7.0886714587219
1.69 -7.1283152197887
1.692 -7.1682323560494
1.694 -7.2084240196574
1.696 -7.2488913566435
1.698 -7.2896355069221
1.7 -7.3306576043128
1.702 -7.3719587765775
1.704 -7.4135401454748
1.706 -7.4554028268322
1.708 -7.4975479306355
1.71 -7.5399765611381
1.712 -7.5826898169887
1.714 -7.6256887913803
1.716 -7.6689745722196
1.718 -7.7125482423176
1.72 -7.7564108796032
1.722 -7.8005635573596
1.724 -7.8450073444843
1.726 -7.8897433057734
1.728 -7.9347725022313
1.73 -7.9800959914064
1.732 -8.0257148277527
1.734 -8.0716300630188
1.736 -8.1178427466657
1.738 -8.1643539263119
1.74 -8.2111646482085
1.742 -8.2582759577441
1.744 -8.3056888999808
1.746 -8.3534045202204
1.748 -8.4014238646035
1.75 -8.4497479807408
1.752 -8.4983779183779
1.754 -8.5473147300932
1.756 -8.5965594720307
1.758 -8.6461132046682
1.76 -8.6959769936201
1.762 -8.7461519104769
1.764 -8.7966390336816
1.766 -8.8474394494425
1.768 -8.8985542526843
1.77 -8.949984548037
1.772 -9.0017314508638
1.774 -9.0537960883275
1.776 -9.1061796004968
1.778 -9.158883141492
1.78 -9.2119078806715
1.782 -9.2652550038586
1.784 -9.3189257146086
1.786 -9.3729212355182
1.788 -9.4272428095751
1.79 -9.4818917015505
1.792 -9.5368691994323
1.794 -9.5921766159012
1.796 -9.6478152898489
1.798 -9.7037865879381
1.8 -9.7600919062055
1.802 -9.8167326717074
1.804 -9.873710344207
1.806 -9.9310264179056
1.808 -9.9886824232149
1.81 -10.046679928573
1.812 -10.105020542301
1.814 -10.163705914506
1.816 -10.22273773902
1.818 -10.282117755386
1.82 -10.341847750883
1.822 -10.401929562595
1.824 -10.462365079517
1.826 -10.523156244709
1.828 -10.584305057479
1.83 -10.645813575622
1.832 -10.707683917683
1.834 -10.769918265271
1.836 -10.832518865404
1.838 -10.895488032898
1.84 -10.958828152791
1.842 -11.022541682804
1.844 -11.086631155841
1.846 -11.15109918252
1.848 -11.215948453747
1.85 -11.281181743315
1.852 -11.346801910546
1.854 -11.412811902957
1.856 -11.479214758968
1.858 -11.546013610628
1.86 -11.613211686385
1.862 -11.680812313874
1.864 -11.748818922735
1.866 -11.817235047467
1.868 -11.886064330289
1.87 -11.955310524042
1.872 -12.024977495105
1.874 -12.095069226331
1.876 -12.165589820004
1.878 -12.236543500815
1.88 -12.307934618849
1.882 -12.379767652586
1.884 -12.452047211916
1.886 -12.524778041157
1.888 -12.597965022079
1.89 -12.671613176937
1.892 -12.745727671494
1.894 -12.820313818043
1.896 -12.895377078424
1.898 -12.970923067026
1.9 -13.046957553767
1.902 -13.123486467063
1.904 -13.20051589676
1.906 -13.278052097038
1.908 -13.356101489273
1.91 -13.43467066485
1.912 -13.513766387927
1.914 -13.593395598132
1.916 -13.673565413182
1.918 -13.754283131432
1.92 -13.835556234315
1.922 -13.917392388683
1.924 -13.999799449027
1.926 -14.082785459559
1.928 -14.16635865614
1.93 -14.250527468043
1.932 -14.335300519518
1.934 -14.420686631149
1.936 -14.506694820975
1.938 -14.593334305343
1.94 -14.680614499472
1.942 -14.768545017687
1.944 -14.8571356733
1.946 -14.946396478086
1.948 -15.036337641316
1.95 -15.126969568308
1.952 -15.218302858425
1.954 -15.310348302488
1.956 -15.403116879519
1.958 -15.49661975276
1.96 -15.590868264881
1.962 -15.68587393231
1.964 -15.781648438569
1.966 -15.878203626544
1.968 -15.975551489555
1.97 -16.073704161116
1.972 -16.172673903246
1.974 -16.272473093196
1.976 -16.373114208412
1.978 -16.474609809567
1.98 -16.576972521473
1.982 -16.680215011646
1.984 -16.784349966295
1.986 -16.889390063481
1.988 -16.995347943149
1.99 -17.10223617374
1.992 -17.210067215027
1.994 -17.318853376799
1.996 -17.428606772999
1.998 -17.539339270843
2.0 -17.651062434446
2.002 -17.7637874624
2.004 -17.877525118722
2.006 -17.992285656524
2.008 -18.108078733699
2.01 -18.224913319853
2.012 -18.34279759365
2.014 -18.461738829647
2.016 -18.581743273648
2.018 -18.702816005481
2.02 -18.824960788053
2.022 -18.948179901429
2.024 -19.072473960575
2.026 -19.197841715333
2.028 -19.324279831069
2.03 -19.451782648361
2.032 -19.580341919982
2.034 -19.709946523338
2.036 -19.840582146469
2.038 -19.97223094561
2.04 -20.104871172309
2.042 -20.238476768034
2.044 -20.373016924256
2.046 -20.508455606034
2.048 -20.644751037257
2.05 -20.781855145892
2.052 -20.919712967888
2.054 -21.058262008764
2.056 -21.19743156248
2.058 -21.337141987865
2.06 -21.477303943777
2.062 -21.617817585318
2.064 -21.758571724775
2.066 -21.899442962656
2.068 -22.040294796206
2.07 -22.180976715158
2.072 -22.321323297221
2.074 -22.46115331902
2.076 -22.600268901705
2.078 -22.738454714469
2.08 -22.875477263419
2.082 -23.011084297787
2.084 -23.145004370025
2.086 -23.276946590798
2.088 -23.406600623956
2.09 -23.533636969895
2.092 -23.657707587894
2.094 -23.778446908589
2.096 -23.895473286052
2.098 -24.008390934691
2.1 -24.116792388482
2.102 -24.220261508845
2.104 -24.318377052106
2.106 -24.410716788258
2.108 -24.496862139577
2.11 -24.576403281562
2.112 -24.648944620496
2.114 -24.714110533416
2.116 -24.771551229301
2.118 -24.820948567099
2.12 -24.862021649176
2.122 -24.894531999982
2.124 -24.918288140991
2.126 -24.933149385343
2.128 -24.939028699095
2.13 -24.935894509903
2.132 -24.923771386093
2.134 -24.902739556891
2.136 -24.872933294461
2.138 -24.834538226803
2.14 -24.787787693935
2.142 -24.732958295257
2.144 -24.670364801414
2.146 -24.600354618246
2.148 -24.523301993584
2.15 -24.439602150473
2.152 -24.349665514659
2.154 -24.253912181875
2.156 -24.152766744
2.158 -24.046653564732
2.16 -23.935992567104
2.162 -23.82119556859
2.164 -23.702663175867
2.166 -23.580782231301
2.168 -23.455923787263
2.17 -23.328441572386
2.172 -23.198670905659
2.174 -23.066928009413
2.176 -22.93350967015
2.178 -22.79869319641
2.18 -22.662736624788
2.182 -22.525879128374
2.184 -22.388341585877
2.186 -22.250327274077
2.188 -22.112022650857
2.19 -21.973598200564
2.192 -21.83520931779
2.194 -21.696997209648
2.196 -21.559089800282
2.198 -21.421602624557
2.2 -21.284639700742
2.202 -21.148294374411
2.204 -21.012650127874
2.206 -20.87778135119
2.208 -20.74375407222
2.21 -20.61062664439
2.212 -20.478450391707
2.214 -20.347270211367
2.216 -20.217125134806
2.218 -20.088048848517
2.22 -19.960070176209
2.222 -19.833213524151
2.224 -19.707499291644
2.226 -19.582944248636
2.228 -19.459561882543
2.23 -19.337362716285
2.232 -19.216354599558
2.234 -19.096542975235
2.236 -18.977931122764
2.238 -18.860520380316
2.24 -18.744310347338
2.242 -18.629299069082
2.244 -18.515483204572
2.246 -18.402858179378
2.248 -18.291418324453
2.25 -18.181157002237
2.252 -18.072066721088
2.254 -17.964139239068
2.256 -17.85736565799
2.258 -17.751736508598
2.26 -17.647241827639
2.262 -17.543871227567
2.264 -17.441613959514
2.266 -17.340458970139
2.268 -17.240394952913
2.27 -17.141410394323
2.272 -17.043493615467
2.274 -16.946632809457
2.276 -16.850816075004
2.278 -16.756031446547
2.28 -16.662266921224
2.282 -16.569510482992
2.284 -16.477750124153
2.286 -16.386973864518
2.288 -16.29716976844
2.29 -16.208325959907
2.292 -16.120430635877
2.294 -16.033472078026
2.296 -15.947438663041
2.298 -15.862318871624
2.3 -15.778101296299
2.302 -15.694774648158
2.304 -15.612327762638
2.306 -15.530749604427
2.308 -15.450029271578
2.31 -15.370155998919
2.312 -15.291119160812
2.314 -15.212908273348
2.316 -15.135512996016
2.318 -15.058923132904
2.32 -14.983128633494
2.322 -14.908119593067
2.324 -14.83388625279
2.326 -14.760418999493
2.328 -14.687708365184
2.33 -14.615745026333
2.332 -14.544519802941
2.334 -14.474023657427
2.336 -14.404247693354
2.338 -14.335183154011
2.34 -14.266821420875
2.342 -14.19915401196
2.344 -14.132172580081
2.346 -14.065868911036
2.348 -14.000234921719
2.35 -13.935262658181
2.352 -13.87094429365
2.354 -13.807272126503
2.356 -13.744238578224
2.358 -13.68183619133
2.36 -13.620057627291
2.362 -13.558895664434
2.364 -13.498343195852
2.366 -13.43839322731
2.368 -13.379038875157
2.37 -13.32027336425
2.372 -13.262090025888
2.374 -13.204482295768
2.376 -13.147443711952
2.378 -13.090967912858
2.38 -13.035048635279
2.382 -12.979679712418
2.384 -12.924855071955
2.386 -12.87056873414
2.388 -12.816814809915
2.39 -12.763587499063
2.392 -12.710881088393
2.394 -12.658689949948
2.396 -12.607008539252
2.398 -12.555831393584
2.4 -12.505153130284
2.402 -12.454968445096
2.404 -12.405272110538
2.406 -12.356058974303
2.408 -12.307323957703
2.41 -12.25906205413
2.412 -12.211268327559
2.414 -12.163937911083
2.416 -12.117066005472
2.418 -12.070647877772
2.42 -12.024678859925
2.422 -11.979154347432
2.424 -11.934069798032
2.426 -11.889420730423
2.428 -11.845202723004
2.43 -11.801411412649
2.432 -11.758042493509
2.434 -11.715091715841
2.436 -11.672554884865
2.438 -11.63042785965
2.44 -11.58870655202
2.442 -11.547386925493
2.444 -11.506464994241
2.446 -11.465936822077
2.448 -11.425798521463
2.45 -11.386046252546
2.452 -11.346676222217
2.454 -11.307684683187
2.456 -11.269067933094
2.458 -11.230822313626
2.46 -11.192944209665
2.462 -11.155430048456
2.464 -11.118276298792
2.466 -11.081479470225
2.468 -11.045036112287
2.47 -11.00894281374
2.472 -10.973196201839
2.474 -10.937792941612
2.476 -10.902729735163
2.478 -10.868003320987
2.48 -10.833610473306
2.482 -10.799548001415
2.484 -10.765812749057
2.486 -10.732401593795
2.488 -10.699311446417
2.49 -10.666539250345
2.492 -10.634081981063
2.494 -10.601936645554
2.496 -10.570100281762
2.498 -10.538569958053
2.5 -10.507342772699
2.502 -10.476415853374
2.504 -10.445786356655
2.506 -10.415451467546
2.508 -10.385408399004
2.51 -10.355654391482
2.512 -10.326186712484
2.514 -10.297002656124
2.516 -10.268099542705
2.518 -10.2394747183
2.52 -10.211125554348
2.522 -10.183049447261
2.524 -10.155243818031
2.526 -10.127706111862
2.528 -10.100433797795
2.53 -10.073424368352
2.532 -10.046675339186
2.534 -10.020184248737
2.536 -9.9939486578998
2.538 -9.9679661496956
2.54 -9.9422343289555
2.542 -9.9167508220082
2.544 -9.8915132763762
2.546 -9.8665193604792
2.548 -9.8417667633439
2.55 -9.8172531943206
2.552 -9.7929763828067
2.554 -9.7689340779757
2.556 -9.7451240485131
2.558 -9.7215440823578
2.56 -9.6981919864495
2.562 -9.6750655864816
2.564 -9.6521627266598
2.566 -9.629481269466
2.568 -9.607019095427
2.57 -9.5847741028887
2.572 -9.5627442077951
2.574 -9.540927343472
2.576 -9.5193214604152
2.578 -9.4979245260834
2.58 -9.4767345246957
2.582 -9.4557494570327
2.584 -9.4349673402421
2.586 -9.4143862076491
2.588 -9.3940041085688
2.59 -9.3738191081245
2.592 -9.3538292870685
2.594 -9.3340327416066
2.596 -9.3144275832264
2.598 -9.2950119385289
2.6 -9.275783949063
2.602 -9.2567417711644
2.604 -9.2378835757957
2.606 -9.2192075483914
2.608 -9.2007118887051
2.61 -9.1823948106588
2.612 -9.1642545421966
2.614 -9.1462893251397
2.616 -9.1284974150448
2.618 -9.1108770810648
2.62 -9.093426605812
2.622 -9.076144285224
2.624 -9.0590284284311
2.626 -9.0420773576275
2.628 -9.0252894079431
2.63 -9.0086629273185
2.632 -8.9921962763818
2.634 -8.9758878283277
2.636 -8.9597359687981
2.638 -8.9437390957647
2.64 -8.9278956194144
2.642 -8.9122039620352
2.644 -8.8966625579049
2.646 -8.8812698531811
2.648 -8.866024305793
2.65 -8.8509243853347
2.652 -8.8359685729606
2.654 -8.8211553612815
2.656 -8.8064832542633
2.658 -8.7919507671262
2.66 -8.7775564262462
2.662 -8.7632987690572
2.664 -8.749176343955
2.666 -8.7351877102027
2.668 -8.7213314378372
2.67 -8.7076061075768
2.672 -8.6940103107303
2.674 -8.6805426491075
2.676 -8.6672017349305
2.678 -8.6539861907463
2.68 -8.6408946493406
2.682 -8.6279257536527
2.684 -8.6150781566912
2.686 -8.6023505214514
2.688 -8.589741520833
2.69 -8.5772498375591
2.692 -8.5648741640965
2.694 -8.5526132025764
2.696 -8.5404656647163
2.698 -8.5284302717433
2.7 -8.5165057543171
2.702 -8.5046908524554
2.704 -8.4929843154587
2.706 -8.4813849018371
2.708 -8.4698913792375
2.71 -8.4585025243712
2.712 -8.447217122943
2.714 -8.4360339695808
2.716 -8.4249518677657
2.718 -8.4139696297635
2.72 -8.4030860765562
2.722 -8.3923000377745
2.724 -8.3816103516316
2.726 -8.3710158648568
2.728 -8.3605154326302
2.73 -8.3501079185183
2.732 -8.33979219441
2.734 -8.3295671404532
2.736 -8.319431644992
2.738 -8.3093846045054
2.74 -8.2994249235452
2.742 -8.2895515146756
2.744 -8.2797632984131
2.746 -8.2700592031669
2.748 -8.2604381651802
2.75 -8.2508991284717
2.752 -8.2414410447778
2.754 -8.2320628734957
2.756 -8.2227635816267
2.758 -8.2135421437203
2.76 -8.2043975418185
2.762 -8.1953287654012
2.764 -8.1863348113318
2.766 -8.1774146838032
2.768 -8.1685673942849
2.77 -8.1597919614699
2.772 -8.1510874112227
2.774 -8.1424527765276
2.776 -8.1338870974378
2.778 -8.1253894210242
2.78 -8.1169588013258
2.782 -8.1085942992999
2.784 -8.1002949827729
2.786 -8.0920599263919
2.788 -8.0838882115765
2.79 -8.075778926471
2.792 -8.0677311658977
2.794 -8.0597440313099
2.796 -8.051816630746
2.798 -8.0439480787837
2.8 -8.0361374964948
2.802 -8.0283840114008
2.804 -8.0206867574283
2.806 -8.0130448748656
2.808 -8.0054575103192
2.81 -7.9979238166712
2.812 -7.9904429530369
2.814 -7.9830140847227
2.816 -7.9756363831854
2.818 -7.9683090259906
2.82 -7.9610311967726
2.822 -7.9538020851945
2.824 -7.9466208869082
2.826 -7.9394868035161
2.828 -7.9323990425318
2.83 -7.9253568173424
2.832 -7.9183593471708
2.834 -7.9114058570382
2.836 -7.9044955777277
2.838 -7.8976277457479
2.84 -7.8908016032968
2.842 -7.8840163982268
2.844 -7.8772713840097
2.846 -7.8705658197021
2.848 -7.8638989699112
2.85 -7.8572701047619
2.852 -7.850678499863
2.854 -7.844123436275
2.856 -7.8376042004777
2.858 -7.8311200843385
2.86 -7.8246703850811
2.862 -7.818254405255
2.864 -7.8118714527046
2.866 -7.8055208405394
2.868 -7.799201887105
2.87 -7.7929139159536
2.872 -7.7866562558156
2.874 -7.7804282405716
2.876 -7.7742292092245
2.878 -7.7680585058728
2.88 -7.7619154796832
2.882 -7.755799484865
2.884 -7.7497098806437
2.886 -7.7436460312361
2.888 -7.7376073058252
2.89 -7.7315930785357
2.892 -7.7256027284099
2.894 -7.7196356393847
2.896 -7.713691200268
2.898 -7.7077688047161
2.9 -7.7018678512119
2.902 -7.6959877430429
2.904 -7.6901278882802
2.906 -7.6842876997575
2.908 -7.6784665950509
2.91 -7.672663996459
2.912 -7.6668793309837
2.914 -7.6611120303109
2.916 -7.6553615307925
2.918 -7.649627273428
2.92 -7.6439087038472
2.922 -7.6382052722932
2.924 -7.6325164336054
2.926 -7.6268416472037
2.928 -7.621180377073
2.93 -7.6155320917476
2.932 -7.6098962642964
2.934 -7.6042723723093
2.936 -7.5986598978825
2.938 -7.5930583276061
2.94 -7.5874671525505
2.942 -7.5818858682543
2.944 -7.5763139747124
2.946 -7.5707509763647
2.948 -7.5651963820848
2.95 -7.5596497051696
2.952 -7.5541104633296
2.954 -7.5485781786789
2.956 -7.5430523777264
2.958 -7.5375325913672
2.96 -7.5320183548744
2.962 -7.5265092078913
2.964 -7.5210046944246
2.966 -7.5155043628374
2.968 -7.5100077658432
2.97 -7.5045144604999
2.972 -7.4990240082049
2.974 -7.49353597469
2.976 -7.4880499300174
2.978 -7.4825654485757
2.98 -7.4770821090763
2.982 -7.4715994945514
2.984 -7.4661171923506
2.986 -7.4606347941399
2.988 -7.4551518958995
2.99 -7.4496680979236
2.992 -7.4441830048194
2.994 -7.4386962255078
2.996 -7.4332073732229
2.998 -7.4277160655143
3.0 -7.4222219242475
3.002 -7.4167245756064
3.004 -7.4112236500959
3.006 -7.4057187825445
3.008 -7.4002096121078
3.01 -7.3946957822727
3.012 -7.3891769408616
3.014 -7.3836527400373
3.016 -7.3781228363084
3.018 -7.3725868905351
3.02 -7.3670445679359
3.022 -7.3614955380938
3.024 -7.3559394749643
3.026 -7.3503760568826
3.028 -7.3448049665726
3.03 -7.3392258911548
3.032 -7.3336385221564
3.034 -7.3280425555203
3.036 -7.322437691616
3.038 -7.3168236352497
3.04 -7.311200095676
3.042 -7.3055667866092
3.044 -7.2999234262357
3.046 -7.2942697372263
3.048 -7.2886054467497
3.05 -7.2829302864857
3.052 -7.2772439926396
3.054 -7.2715463059566
3.056 -7.2658369717365
3.058 -7.2601157398497
3.06 -7.2543823647528
3.062 -7.2486366055051
3.064 -7.2428782257856
3.066 -7.2371069939101
3.068 -7.2313226828491
3.07 -7.2255250702464
3.072 -7.2197139384373
3.074 -7.2138890744682
3.076 -7.2080502701161
3.078 -7.2021973219087
3.08 -7.1963300311449
3.082 -7.1904482039161
3.084 -7.1845516511273
3.086 -7.1786401885192
3.088 -7.1727136366903
3.09 -7.1667718211201
3.092 -7.160814572192
3.094 -7.154841725217
3.096 -7.1488531204577
3.098 -7.142848603153
3.1 -7.1368280235428
3.102 -7.1307912368935
3.104 -7.1247381035238
3.106 -7.1186684888304
3.108 -7.1125822633152
3.11 -7.1064793026119
3.112 -7.1003594875132
3.114 -7.0942227039989
3.116 -7.0880688432641
3.118 -7.081897801747
3.12 -7.0757094811587
3.122 -7.0695037885119
3.124 -7.0632806361505
3.126 -7.0570399417799
3.128 -7.050781628497
3.13 -7.0445056248211
3.132 -7.0382118647246
3.134 -7.0319002876649
3.136 -7.0255708386152
3.138 -7.0192234680974
3.14 -7.0128581322136
3.142 -7.0064747926793
3.144 -7.0000734168557
3.146 -6.9936539777832
3.148 -6.987216454215
3.15 -6.9807608306503
3.152 -6.9742870973685
3.154 -6.9677952504635
3.156 -6.9612852918779
3.158 -6.9547572294379
3.16 -6.948211076888
3.162 -6.9416468539261
3.164 -6.9350645862389
3.166 -6.9284643055372
3.168 -6.9218460495917
3.17 -6.9152098622684
3.172 -6.9085557935651
3.174 -6.901883899647
3.176 -6.8951942428834
3.178 -6.8884868918832
3.18 -6.8817619215322
3.182 -6.8750194130288
3.184 -6.8682594539212
3.186 -6.8614821381434
3.188 -6.8546875660522
3.19 -6.847875844464
3.192 -6.8410470866907
3.194 -6.8342014125773
3.196 -6.8273389485377
3.198 -6.820459827592
3.2 -6.8135641894022
