Frequency s24
1.2 -6.5441766221942
1.202 -6.5353228426905
1.204 -6.5264405254575
1.206 -6.517529661633
1.208 -6.5085902447901
1.21 -6.4996222709769
1.212 -6.4906257387587
1.214 -6.4816006492591
1.216 -6.4725470062014
1.218 -6.4634648159514
1.22 -6.454354087559
1.222 -6.4452148328012
1.224 -6.4360470662249
1.226 -6.42685080519
1.228 -6.4176260699123
1.23 -6.4083728835081
1.232 -6.3990912720368
1.234 -6.3897812645461
1.236 -6.3804428931155
1.238 -6.3710761929011
1.24 -6.3616812021802
1.242 -6.3522579623965
1.244 -6.3428065182048
1.246 -6.3333269175165
1.248 -6.3238192115448
1.25 -6.3142834548507
1.252 -6.3047197053883
1.254 -6.2951280245511
1.256 -6.2855084772177
1.258 -6.2758611317982
1.26 -6.2661860602801
1.262 -6.256483338275
1.264 -6.2467530450647
1.266 -6.2369952636482
1.268 -6.2272100807876
1.27 -6.217397587055
1.272 -6.2075578768794
1.274 -6.1976910485929
1.276 -6.1877972044774
1.278 -6.1778764508117
1.28 -6.1679288979175
1.282 -6.1579546602062
1.284 -6.1479538562258
1.286 -6.1379266087065
1.288 -6.1278730446078
1.29 -6.1177932951645
1.292 -6.1076874959325
1.294 -6.0975557868351
1.296 -6.0873983122088
1.298 -6.0772152208487
1.3 -6.067006666054
1.302 -6.0567728056734
1.304 -6.0465138021497
1.306 -6.0362298225647
1.308 -6.0259210386835
1.31 -6.0155876269988
1.312 -6.0052297687743
1.314 -5.9948476500886
1.316 -5.9844414618779
1.318 -5.9740113999786
1.32 -5.9635576651698
1.322 -5.9530804632152
1.324 -5.9425800049039
1.326 -5.9320565060916
1.328 -5.9215101877408
1.33 -5.9109412759608
1.332 -5.9003500020465
1.334 -5.8897366025173
1.336 -5.8791013191547
1.338 -5.8684443990403
1.34 -5.8577660945915
1.342 -5.8470666635982
1.344 -5.8363463692576
1.346 -5.8256054802088
1.348 -5.8148442705659
1.35 -5.8040630199516
1.352 -5.7932620135284
1.354 -5.7824415420299
1.356 -5.771601901791
1.358 -5.7607433947768
1.36 -5.7498663286107
1.362 -5.738971016602
1.364 -5.7280577777714
1.366 -5.7171269368762
1.368 -5.7061788244341
1.37 -5.6952137767463
1.372 -5.6842321359182
1.374 -5.6732342498803
1.376 -5.6622204724072
1.378 -5.6511911631349
1.38 -5.6401466875776
1.382 -5.6290874171424
1.384 -5.618013729143
1.386 -5.6069260068122
1.388 -5.5958246393119
1.39 -5.5847100217429
1.392 -5.5735825551521
1.394 -5.5624426465388
1.396 -5.551290708859
1.398 -5.5401271610278
1.4 -5.528952427921
1.402 -5.5177669403741
1.404 -5.5065711351797
1.406 -5.4953654550834
1.408 -5.4841503487774
1.41 -5.4729262708928
1.412 -5.4616936819893
1.414 -5.4504530485433
1.416 -5.4392048429342
1.418 -5.427949543428
1.42 -5.4166876341598
1.422 -5.4054196051128
1.424 -5.3941459520971
1.426 -5.382867176724
1.428 -5.3715837863801
1.43 -5.3602962941981
1.432 -5.3490052190252
1.434 -5.3377110853899
1.436 -5.3264144234658
1.438 -5.3151157690335
1.44 -5.3038156634394
1.442 -5.2925146535528
1.444 -5.2812132917198
1.446 -5.2699121357156
1.448 -5.2586117486932
1.45 -5.2473126991299
1.452 -5.2360155607718
1.454 -5.2247209125749
1.456 -5.2134293386434
1.458 -5.2021414281664
1.46 -5.1908577753506
1.462 -5.1795789793509
1.464 -5.1683056441985
1.466 -5.1570383787254
1.468 -5.145777796487
1.47 -5.1345245156808
1.472 -5.1232791590637
1.474 -5.1120423538648
1.476 -5.1008147316968
1.478 -5.0895969284633
1.48 -5.078389584264
1.482 -5.0671933432967
1.484 -5.0560088537563
1.486 -5.0448367677309
1.488 -5.0336777410949
1.49 -5.0225324333995
1.492 -5.0114015077599
1.494 -5.0002856307394
1.496 -4.9891854722308
1.498 -4.9781017053352
1.5 -4.9670350062368
1.502 -4.9559860540763
1.504 -4.9449555308194
1.506 -4.9339441211244
1.508 -4.9229525122054
1.51 -4.9119813936933
1.512 -4.9010314574937
1.514 -4.8901033976421
1.516 -4.8791979101561
1.518 -4.8683156928847
1.52 -4.857457445355
1.522 -4.8466238686162
1.524 -4.8358156650804
1.526 -4.8250335383614
1.528 -4.8142781931102
1.53 -4.803550334848
1.532 -4.7928506697971
1.534 -4.7821799047083
1.536 -4.7715387466872
1.538 -4.7609279030162
1.54 -4.7503480809758
1.542 -4.7397999876625
1.544 -4.729284329805
1.546 -4.7188018135775
1.548 -4.7083531444116
1.55 -4.6979390268054
1.552 -4.687560164131
1.554 -4.6772172584396
1.556 -4.6669110102652
1.558 -4.6566421184261
1.56 -4.6464112798245
1.562 -4.6362191892449
1.564 -4.6260665391503
1.566 -4.6159540194776
1.568 -4.6058823174307
1.57 -4.5958521172729
1.572 -4.5858641001177
1.574 -4.5759189437189
1.576 -4.5660173222588
1.578 -4.5561599061361
1.58 -4.5463473617527
1.582 -4.5365803513
1.584 -4.5268595325437
1.586 -4.5171855586091
1.588 -4.5075590777652
1.59 -4.4979807332089
1.592 -4.4884511628486
1.594 -4.4789709990875
1.596 -4.4695408686081
1.598 -4.460161392155
1.6 -4.4508331843194
1.602 -4.4415568533233
1.604 -4.4323330008042
1.606 -4.4231622216005
1.608 -4.4140451035375
1.61 -4.4049822272144
1.612 -4.3959741657924
1.614 -4.3870214847831
1.616 -4.3781247418393
1.618 -4.3692844865461
1.62 -4.3605012602142
1.622 -4.3517755956745
1.624 -4.3431080170744
1.626 -4.3344990396757
1.628 -4.3259491696556
1.63 -4.3174589039084
1.632 -4.3090287298503
1.634 -4.3006591252264
1.636 -4.2923505579205
1.638 -4.2841034857667
1.64 -4.2759183563649
1.642 -4.2677956068982
1.644 -4.259735663954
1.646 -4.2517389433481
1.648 -4.2438058499519
1.65 -4.2359367775228
1.652 -4.2281321085392
1.654 -4.2203922140376
1.656 -4.2127174534547
1.658 -4.2051081744726
1.66 -4.1975647128689
1.662 -4.1900873923696
1.664 -4.1826765245074
1.666 -4.175332408484
1.668 -4.1680553310365
1.67 -4.1608455663083
1.672 -4.1537033757257
1.674 -4.1466290078778
1.676 -4.1396226984021
1.678 -4.1326846698749
1.68 -4.1258151317065
1.682 -4.119014280042
1.684 -4.1122822976665
1.686 -4.1056193539166
1.688 -4.0990256045962
1.69 -4.0925011918983
1.692 -4.0860462443326
1.694 -4.0796608766579
1.696 -4.0733451898205
1.698 -4.0670992708988
1.7 -4.0609231930524
1.702 -4.0548170154782
1.704 -4.0487807833719
1.706 -4.0428145278951
1.708 -4.0369182661487
1.71 -4.0310920011523
1.712 -4.0253357218291
1.714 -4.0196494029975
1.716 -4.014033005368
1.718 -4.0084864755471
1.72 -4.003009746046
1.722 -3.9976027352968
1.724 -3.9922653476737
1.726 -3.9869974735208
1.728 -3.9817989891857
1.73 -3.9766697570599
1.732 -3.971609625624
1.734 -3.9666184295004
1.736 -3.9616959895107
1.738 -3.9568421127403
1.74 -3.9520565926082
1.742 -3.9473392089429
1.744 -3.9426897280645
1.746 -3.9381079028725
1.748 -3.9335934729394
1.75 -3.9291461646101
1.752 -3.9247656911072
1.754 -3.9204517526417
1.756 -3.91620403653
1.758 -3.9120222173151
1.76 -3.9079059568951
1.762 -3.9038549046558
1.764 -3.8998686976089
1.766 -3.8959469605362
1.768 -3.892089306138
1.77 -3.8882953351874
1.772 -3.8845646366893
1.774 -3.8808967880445
1.776 -3.8772913552183
1.778 -3.8737478929147
1.78 -3.8702659447544
1.782 -3.8668450434577
1.784 -3.8634847110322
1.786 -3.8601844589645
1.788 -3.8569437884162
1.79 -3.8537621904243
1.792 -3.8506391461057
1.794 -3.8475741268649
1.796 -3.844566594607
1.798 -3.8416160019528
1.8 -3.8387217924587
1.802 -3.8358834008397
1.804 -3.8331002531956
1.806 -3.8303717672406
1.808 -3.8276973525365
1.81 -3.8250764107279
1.812 -3.8225083357813
1.814 -3.8199925142266
1.816 -3.8175283254012
1.818 -3.8151151416964
1.82 -3.812752328807
1.822 -3.8104392459823
1.824 -3.8081752462798
1.826 -3.8059596768207
1.828 -3.8037918790475
1.83 -3.8016711889834
1.832 -3.7995969374928
1.834 -3.7975684505442
1.836 -3.7955850494741
1.838 -3.793646051252
1.84 -3.7917507687468
1.842 -3.7898985109944
1.844 -3.7880885834657
1.846 -3.7863202883362
1.848 -3.7845929247552
1.85 -3.7829057891169
1.852 -3.7812581753307
1.854 -3.7796493750922
1.856 -3.7780786781551
1.858 -3.7765453726024
1.86 -3.7750487451174
1.862 -3.7735880812556
1.864 -3.772162665715
1.866 -3.7707717826074
1.868 -3.7694147157279
1.87 -3.768090748825
1.872 -3.766799165869
1.874 -3.7655392513202
1.876 -3.764310290396
1.878 -3.7631115693369
1.88 -3.7619423756714
1.882 -3.7608019984801
1.884 -3.7596897286575
1.886 -3.7586048591731
1.888 -3.7575466853313
1.89 -3.7565145050285
1.892 -3.7555076190094
1.894 -3.7545253311214
1.896 -3.7535669485666
1.898 -3.7526317821521
1.9 -3.7517191465387
1.902 -3.750828360486
1.904 -3.749958747097
1.906 -3.7491096340587
1.908 -3.7482803538815
1.91 -3.7474702441354
1.912 -3.7466786476835
1.914 -3.7459049129136
1.916 -3.7451483939655
1.918 -3.7444084509575
1.92 -3.7436844502078
1.922 -3.7429757644546
1.924 -3.7422817730721
1.926 -3.7416018622839
1.928 -3.7409354253726
1.93 -3.7402818628865
1.932 -3.7396405828431
1.934 -3.7390110009283
1.936 -3.7383925406931
1.938 -3.7377846337463
1.94 -3.737186719943
1.942 -3.7365982475703
1.944 -3.7360186735288
1.946 -3.7354474635099
1.948 -3.7348840921701
1.95 -3.7343280433001
1.952 -3.7337788099912
1.954 -3.7332358947968
1.956 -3.7326988098896
1.958 -3.7321670772155
1.96 -3.7316402286423
1.962 -3.7311178061047
1.964 -3.7305993617448
1.966 -3.7300844580482
1.968 -3.7295726679755
1.97 -3.7290635750893
1.972 -3.7285567736772
1.974 -3.7280518688696
1.976 -3.7275484767531
1.978 -3.7270462244791
1.98 -3.7265447503678
1.982 -3.7260437040079
1.984 -3.7255427463503
1.986 -3.7250415497984
1.988 -3.7245397982925
1.99 -3.7240371873899
1.992 -3.7235334243396
1.994 -3.7230282281526
1.996 -3.7225213296664
1.998 -3.7220124716057
2.0 -3.7215014086367
2.002 -3.7209879074175
2.004 -3.7204717466423
2.006 -3.7199527170817
2.008 -3.7194306216168
2.01 -3.7189052752689
2.012 -3.7183765052236
2.014 -3.7178441508497
2.016 -3.7173080637136
2.018 -3.7167681075874
2.02 -3.7162241584527
2.022 -3.7156761044989
2.024 -3.7151238461161
2.026 -3.7145672958831
2.028 -3.71400637855
2.03 -3.7134410310153
2.032 -3.7128712022987
2.034 -3.7122968535076
2.036 -3.7117179577994
2.038 -3.7111345003376
2.04 -3.7105464782438
2.042 -3.7099539005438
2.044 -3.7093567881089
2.046 -3.7087551735919
2.048 -3.7081491013584
2.05 -3.7075386274125
2.052 -3.7069238193182
2.054 -3.706304756115
2.056 -3.7056815282292
2.058 -3.7050542373797
2.06 -3.7044229964799
2.062 -3.7037879295335
2.064 -3.7031491715265
2.066 -3.7025068683141
2.068 -3.701861176503
2.07 -3.7012122633287
2.072 -3.700560306529
2.074 -3.6999054942124
2.076 -3.6992480247222
2.078 -3.698588106496
2.08 -3.6979259579217
2.082 -3.6972618071882
2.084 -3.6965958921326
2.086 -3.6959284600832
2.088 -3.6952597676985
2.09 -3.694590080802
2.092 -3.6939196742137
2.094 -3.6932488315774
2.096 -3.6925778451845
2.098 -3.6919070157943
2.1 -3.6912366524507
2.102 -3.6905670722956
2.104 -3.6898986003792
2.106 -3.6892315694669
2.108 -3.6885663198432
2.11 -3.6879031991126
2.112 -3.6872425619979
2.114 -3.6865847701357
2.116 -3.6859301918689
2.118 -3.6852792020374
2.12 -3.6846321817656
2.122 -3.6839895182488
2.124 -3.6833516045359
2.126 -3.6827188393118
2.128 -3.6820916266764
2.13 -3.6814703759229
2.132 -3.6808555013143
2.134 -3.6802474218578
2.136 -3.6796465610783
2.138 -3.6790533467911
2.14 -3.6784682108725
2.142 -3.6778915890303
2.144 -3.6773239205731
2.146 -3.6767656481787
2.148 -3.6762172176628
2.15 -3.675679077746
2.152 -3.6751516798219
2.154 -3.6746354777238
2.156 -3.6741309274922
2.158 -3.6736384871425
2.16 -3.6731586164323
2.162 -3.6726917766294
2.164 -3.6722384302811
2.166 -3.6717990409827
2.168 -3.6713740731482
2.17 -3.6709639917812
2.172 -3.6705692622471
2.174 -3.6701903500465
2.176 -3.6698277205899
2.178 -3.6694818389739
2.18 -3.6691531697593
2.182 -3.6688421767503
2.184 -3.6685493227761
2.186 -3.6682750694744
2.188 -3.6680198770768
2.19 -3.6677842041966
2.192 -3.667568507619
2.194 -3.6673732420933
2.196 -3.6671988601286
2.198 -3.6670458117912
2.2 -3.6669145445052
2.202 -3.6668055028564
2.204 -3.6667191283983
2.206 -3.6666558594621
2.208 -3.6666161309695
2.21 -3.6666003742484
2.212 -3.6666090168531
2.214 -3.6666424823865
2.216 -3.6667011903272
2.218 -3.6667855558595
2.22 -3.6668959897071
2.222 -3.667032897971
2.224 -3.667196681971
2.226 -3.667387738091
2.228 -3.6676064576287
2.23 -3.6678532266492
2.232 -3.668128425842
2.234 -3.6684324303838
2.236 -3.6687656098036
2.238 -3.6691283278536
2.24 -3.6695209423833
2.242 -3.669943805219
2.244 -3.6703972620465
2.246 -3.6708816522993
2.248 -3.6713973090503
2.25 -3.671944558909
2.252 -3.6725237219219
2.254 -3.6731351114787
2.256 -3.6737790342218
2.258 -3.6744557899614
2.26 -3.6751656715944
2.262 -3.6759089650281
2.264 -3.676685949108
2.266 -3.6774968955512
2.268 -3.6783420688829
2.27 -3.6792217263783
2.272 -3.6801361180088
2.274 -3.6810854863925
2.276 -3.6820700667492
2.278 -3.6830900868599
2.28 -3.6841457670306
2.282 -3.6852373200601
2.284 -3.6863649512131
2.286 -3.6875288581963
2.288 -3.6887292311395
2.29 -3.689966252581
2.292 -3.6912400974563
2.294 -3.6925509330921
2.296 -3.693898919203
2.298 -3.6952842078934
2.3 -3.6967069436625
2.302 -3.6981672634133
2.304 -3.6996652964659
2.306 -3.7012011645738
2.308 -3.7027749819446
2.31 -3.7043868552636
2.312 -3.7060368837215
2.314 -3.7077251590451
2.316 -3.7094517655321
2.318 -3.7112167800883
2.32 -3.7130202722687
2.322 -3.7148623043216
2.324 -3.7167429312355
2.326 -3.7186622007896
2.328 -3.7206201536067
2.33 -3.7226168232092
2.332 -3.7246522360778
2.334 -3.7267264117127
2.336 -3.7288393626981
2.338 -3.730991094768
2.34 -3.7331816068757
2.342 -3.7354108912649
2.344 -3.7376789335431
2.346 -3.7399857127577
2.348 -3.7423312014734
2.35 -3.7447153658523
2.352 -3.7471381657355
2.354 -3.749599554727
2.356 -3.7520994802786
2.358 -3.7546378837772
2.36 -3.7572147006334
2.362 -3.7598298603714
2.364 -3.7624832867209
2.366 -3.7651748977094
2.368 -3.767904605757
2.37 -3.7706723177712
2.372 -3.7734779352432
2.374 -3.7763213543458
2.376 -3.7792024660313
2.378 -3.782121156131
2.38 -3.7850773054547
2.382 -3.7880707898921
2.384 -3.7911014805133
2.386 -3.7941692436713
2.388 -3.7972739411041
2.39 -3.8004154300374
2.392 -3.8035935632881
2.394 -3.806808189367
2.396 -3.8100591525832
2.398 -3.8133462931472
2.4 -3.8166694472752
2.402 -3.8200284472926
2.404 -3.8234231217381
2.406 -3.8268532954672
2.408 -3.8303187897559
2.41 -3.8338194224037
2.412 -3.8373550078372
2.414 -3.8409253572123
2.416 -3.8445302785168
2.418 -3.8481695766722
2.42 -3.8518430536352
2.422 -3.8555505084987
2.424 -3.8592917375918
2.426 -3.8630665345799
2.428 -3.8668746905633
2.43 -3.8707159941759
2.432 -3.8745902316827
2.434 -3.8784971870765
2.436 -3.8824366421739
2.438 -3.8864083767105
2.44 -3.890412168435
2.442 -3.8944477932028
2.444 -3.898515025068
2.446 -3.9026136363749
2.448 -3.9067433978484
2.45 -3.9109040786834
2.452 -3.9150954466328
2.454 -3.9193172680949
2.456 -3.9235693081993
2.458 -3.9278513308918
2.46 -3.9321630990184
2.462 -3.9365043744076
2.464 -3.9408749179519
2.466 -3.945274489688
2.468 -3.9497028488759
2.47 -3.9541597540764
2.472 -3.9586449632278
2.474 -3.963158233721
2.476 -3.9676993224737
2.478 -3.9722679860025
2.48 -3.9768639804952
2.482 -3.9814870618801
2.484 -3.9861369858953
2.486 -3.9908135081561
2.488 -3.995516384221
2.49 -4.0002453696569
2.492 -4.0050002201026
2.494 -4.009780691331
2.496 -4.01458653931
2.498 -4.0194175202623
2.5 -4.0242733907239
2.502 -4.0291539076005
2.504 -4.0340588282242
2.506 -4.0389879104069
2.508 -4.0439409124942
2.51 -4.0489175934169
2.512 -4.0539177127416
2.514 -4.05894103072
2.516 -4.063987308337
2.518 -4.0690563073573
2.52 -4.0741477903708
2.522 -4.0792615208371
2.524 -4.0843972631285
2.526 -4.0895547825715
2.528 -4.0947338454876
2.53 -4.0999342192326
2.532 -4.1051556722346
2.534 -4.1103979740314
2.536 -4.1156608953057
2.538 -4.1209442079203
2.54 -4.1262476849512
2.542 -4.1315711007204
2.544 -4.1369142308266
2.546 -4.1422768521757
2.548 -4.14765874301
2.55 -4.1530596829355
2.552 -4.1584794529497
2.554 -4.1639178354667
2.556 -4.1693746143425
2.558 -4.1748495748984
2.56 -4.1803425039443
2.562 -4.1858531897999
2.564 -4.1913814223162
2.566 -4.1969269928947
2.568 -4.2024896945067
2.57 -4.2080693217114
2.572 -4.2136656706726
2.574 -4.2192785391753
2.576 -4.2249077266406
2.578 -4.2305530341404
2.58 -4.2362142644111
2.582 -4.2418912218659
2.584 -4.2475837126071
2.586 -4.2532915444373
2.588 -4.2590145268693
2.59 -4.2647524711361
2.592 -4.2705051901996
2.594 -4.2762724987585
2.596 -4.2820542132558
2.598 -4.2878501518855
2.6 -4.2936601345983
2.602 -4.2994839831071
2.604 -4.3053215208914
2.606 -4.3111725732015
2.608 -4.3170369670615
2.61 -4.3229145312722
2.612 -4.3288050964131
2.614 -4.334708494844
2.616 -4.3406245607057
2.618 -4.3465531299206
2.62 -4.3524940401923
2.622 -4.3584471310051
2.624 -4.3644122436224
2.626 -4.3703892210855
2.628 -4.3763779082105
2.63 -4.3823781515867
2.632 -4.3883897995723
2.634 -4.3944127022913
2.636 -4.4004467116296
2.638 -4.4064916812301
2.64 -4.4125474664876
2.642 -4.4186139245443
2.644 -4.424690914283
2.646 -4.4307782963218
2.648 -4.4368759330072
2.65 -4.4429836884074
2.652 -4.4491014283054
2.654 -4.4552290201907
2.656 -4.4613663332523
2.658 -4.4675132383703
2.66 -4.4736696081071
2.662 -4.4798353166991
2.664 -4.4860102400477
2.666 -4.4921942557094
2.668 -4.4983872428871
2.67 -4.5045890824198
2.672 -4.5107996567726
2.674 -4.5170188500266
2.676 -4.5232465478681
2.678 -4.5294826375784
2.68 -4.5357270080224
2.682 -4.5419795496378
2.684 -4.5482401544238
2.686 -4.5545087159295
2.688 -4.5607851292422
2.69 -4.567069290976
2.692 -4.5733610992593
2.694 -4.5796604537233
2.696 -4.5859672554893
2.698 -4.5922814071565
2.7 -4.5986028127895
2.702 -4.6049313779059
2.704 -4.6112670094631
2.706 -4.6176096158461
2.708 -4.623959106854
2.71 -4.6303153936874
2.712 -4.6366783889352
2.714 -4.6430480065613
2.716 -4.6494241618916
2.718 -4.6558067716005
2.72 -4.6621957536976
2.722 -4.6685910275143
2.724 -4.6749925136902
2.726 -4.68140013416
2.728 -4.6878138121393
2.73 -4.6942334721117
2.732 -4.7006590398144
2.734 -4.7070904422256
2.736 -4.7135276075497
2.738 -4.7199704652046
2.74 -4.7264189458072
2.742 -4.7328729811603
2.744 -4.7393325042388
2.746 -4.7457974491758
2.748 -4.7522677512488
2.75 -4.7587433468666
2.752 -4.765224173555
2.754 -4.7717101699435
2.756 -4.7782012757516
2.758 -4.7846974317751
2.76 -4.7911985798727
2.762 -4.7977046629521
2.764 -4.8042156249569
2.766 -4.8107314108529
2.768 -4.8172519666146
2.77 -4.8237772392118
2.772 -4.8303071765965
2.774 -4.8368417276892
2.776 -4.8433808423657
2.778 -4.8499244714443
2.78 -4.856472566672
2.782 -4.8630250807118
2.784 -4.8695819671296
2.786 -4.8761431803811
2.788 -4.8827086757989
2.79 -4.8892784095797
2.792 -4.8958523387713
2.794 -4.9024304212601
2.796 -4.9090126157582
2.798 -4.9155988817912
2.8 -4.9221891796851
2.802 -4.9287834705543
2.804 -4.9353817162889
2.806 -4.9419838795428
2.808 -4.948589923721
2.81 -4.9551998129679
2.812 -4.9618135121547
2.814 -4.9684309868681
2.816 -4.9750522033977
2.818 -4.9816771287246
2.82 -4.9883057305096
2.822 -4.9949379770815
2.824 -5.0015738374256
2.826 -5.0082132811719
2.828 -5.0148562785843
2.83 -5.0215028005487
2.832 -5.028152818562
2.834 -5.0348063047214
2.836 -5.0414632317125
2.838 -5.0481235727991
2.84 -5.054787301812
2.842 -5.0614543931383
2.844 -5.0681248217107
2.846 -5.0747985629971
2.848 -5.0814755929898
2.85 -5.0881558881954
2.852 -5.0948394256242
2.854 -5.1015261827803
2.856 -5.1082161376514
2.858 -5.1149092686986
2.86 -5.1216055548467
2.862 -5.1283049754741
2.864 -5.1350075104037
2.866 -5.1417131398922
2.868 -5.1484218446215
2.87 -5.155133605689
2.872 -5.1618484045979
2.874 -5.1685662232482
2.876 -5.1752870439277
2.878 -5.1820108493026
2.88 -5.1887376224088
2.882 -5.1954673466426
2.884 -5.2022000057526
2.886 -5.2089355838301
2.888 -5.2156740653015
2.89 -5.222415434919
2.892 -5.2291596777524
2.894 -5.2359067791811
2.896 -5.2426567248854
2.898 -5.2494095008388
2.9 -5.2561650932996
2.902 -5.262923488803
2.904 -5.2696846741536
2.906 -5.2764486364172
2.908 -5.2832153629133
2.91 -5.2899848412077
2.912 -5.2967570591044
2.914 -5.3035320046392
2.916 -5.3103096660713
2.918 -5.3170900318769
2.92 -5.3238730907416
2.922 -5.3306588315536
2.924 -5.3374472433966
2.926 -5.3442383155431
2.928 -5.3510320374472
2.93 -5.3578283987387
2.932 -5.3646273892155
2.934 -5.371428998838
2.936 -5.378233217722
2.938 -5.3850400361329
2.94 -5.3918494444787
2.942 -5.3986614333047
2.944 -5.4054759932867
2.946 -5.4122931152255
2.948 -5.4191127900405
2.95 -5.4259350087642
2.952 -5.4327597625364
2.954 -5.4395870425983
2.956 -5.4464168402872
2.958 -5.4532491470306
2.96 -5.4600839543414
2.962 -5.4669212538116
2.964 -5.4737610371079
2.966 -5.4806032959661
2.968 -5.4874480221859
2.97 -5.4942952076261
2.972 -5.5011448441993
2.974 -5.5079969238674
2.976 -5.5148514386366
2.978 -5.5217083805524
2.98 -5.5285677416953
2.982 -5.5354295141763
2.984 -5.5422936901317
2.986 -5.5491602617194
2.988 -5.5560292211142
2.99 -5.5629005605035
2.992 -5.569774272083
2.994 -5.5766503480528
2.996 -5.583528780613
2.998 -5.5904095619598
3.0 -5.5972926842816
3.002 -5.6041781397551
3.004 -5.6110659205414
3.006 -5.6179560187824
3.008 -5.624848426597
3.01 -5.6317431360773
3.012 -5.6386401392855
3.014 -5.6455394282502
3.016 -5.6524409949628
3.018 -5.6593448313743
3.02 -5.6662509293922
3.022 -5.6731592808769
3.024 -5.6800698776386
3.026 -5.6869827114347
3.028 -5.6938977739659
3.03 -5.7008150568741
3.032 -5.7077345517388
3.034 -5.7146562500745
3.036 -5.721580143328
3.038 -5.7285062228755
3.04 -5.73543448002
3.042 -5.7423649059886
3.044 -5.74929749193
3.046 -5.7562322289119
3.048 -5.7631691079187
3.05 -5.7701081198487
3.052 -5.7770492555125
3.054 -5.7839925056299
3.056 -5.7909378608281
3.058 -5.7978853116394
3.06 -5.8048348484993
3.062 -5.8117864617439
3.064 -5.8187401416085
3.066 -5.8256958782249
3.068 -5.8326536616203
3.07 -5.8396134817147
3.072 -5.8465753283197
3.074 -5.853539191136
3.076 -5.8605050597524
3.078 -5.8674729236437
3.08 -5.8744427721691
3.082 -5.8814145945708
3.084 -5.8883883799721
3.086 -5.8953641173766
3.088 -5.9023417956658
3.09 -5.9093214035986
3.092 -5.9163029298093
3.094 -5.9232863628068
3.096 -5.9302716909728
3.098 -5.9372589025611
3.1 -5.944247985696
3.102 -5.9512389283716
3.104 -5.95823171845
3.106 -5.9652263436612
3.108 -5.9722227916013
3.11 -5.9792210497319
3.112 -5.986221105379
3.114 -5.9932229457323
3.116 -6.0002265578441
3.118 -6.0072319286289
3.12 -6.0142390448621
3.122 -6.0212478931796
3.124 -6.0282584600771
3.126 -6.0352707319093
3.128 -6.0422846948892
3.13 -6.0493003350879
3.132 -6.0563176384337
3.134 -6.0633365907117
3.136 -6.0703571775631
3.138 -6.0773793844852
3.14 -6.0844031968308
3.142 -6.0914285998074
3.144 -6.0984555784775
3.146 -6.1054841177581
3.148 -6.1125142024199
3.15 -6.1195458170879
3.152 -6.1265789462404
3.154 -6.1336135742096
3.156 -6.1406496851805
3.158 -6.1476872631918
3.16 -6.1547262921348
3.162 -6.1617667557543
3.164 -6.1688086376477
3.166 -6.1758519212656
3.168 -6.1828965899117
3.17 -6.1899426267424
3.172 -6.1969900147676
3.174 -6.2040387368504
3.176 -6.211088775707
3.178 -6.2181401139073
3.18 -6.2251927338751
3.182 -6.2322466178879
3.184 -6.2393017480775
3.186 -6.2463581064298
3.188 -6.253415674786
3.19 -6.2604744348417
3.192 -6.2675343681483
3.194 -6.2745954561128
3.196 -6.2816576799981
3.198 -6.2887210209239
3.2 -6.2957854598666
