Frequency s33_phase
1.2 146.99547994678
1.202 146.86675536997
1.204 146.73775403597
1.206 146.6084757522
1.208 146.47892032999
1.21 146.34908758472
1.212 146.21897733582
1.214 146.08858940689
1.216 145.95792362574
1.218 145.82697982445
1.22 145.69575783949
1.222 145.56425751176
1.224 145.43247868668
1.226 145.30042121426
1.228 145.16808494919
1.23 145.03546975092
1.232 144.90257548373
1.234 144.76940201685
1.236 144.63594922451
1.238 144.50221698606
1.24 144.36820518604
1.242 144.2339137143
1.244 144.09934246607
1.246 143.96449134207
1.248 143.82936024862
1.25 143.69394909773
1.252 143.55825780721
1.254 143.42228630078
1.256 143.28603450819
1.258 143.14950236531
1.26 143.01268981426
1.262 142.87559680353
1.264 142.73822328812
1.266 142.60056922961
1.268 142.46263459633
1.27 142.3244193635
1.272 142.18592351331
1.274 142.04714703511
1.276 141.90808992553
1.278 141.76875218859
1.28 141.6291338359
1.282 141.48923488677
1.284 141.34905536838
1.286 141.20859531592
1.288 141.06785477275
1.29 140.92683379059
1.292 140.78553242965
1.294 140.64395075882
1.296 140.50208885581
1.298 140.35994680739
1.3 140.21752470952
1.302 140.07482266755
1.304 139.93184079639
1.306 139.78857922074
1.308 139.64503807527
1.31 139.50121750481
1.312 139.35711766456
1.314 139.21273872033
1.316 139.0680808487
1.318 138.92314423728
1.32 138.77792908494
1.322 138.63243560202
1.324 138.48666401054
1.326 138.3406145445
1.328 138.19428745007
1.33 138.04768298588
1.332 137.90080142324
1.334 137.75364304641
1.336 137.60620815289
1.338 137.45849705365
1.34 137.31051007343
1.342 137.16224755104
1.344 137.01370983961
1.346 136.86489730691
1.348 136.71581033563
1.35 136.56644932371
1.352 136.41681468465
1.354 136.26690684778
1.356 136.11672625868
1.358 135.96627337941
1.36 135.81554868892
1.362 135.66455268336
1.364 135.51328587644
1.366 135.3617487998
1.368 135.20994200336
1.37 135.05786605571
1.372 134.90552154445
1.374 134.75290907663
1.376 134.60002927913
1.378 134.44688279904
1.38 134.29347030408
1.382 134.13979248303
1.384 133.98585004615
1.386 133.83164372561
1.388 133.67717427593
1.39 133.52244247444
1.392 133.36744912173
1.394 133.21219504212
1.396 133.05668108411
1.398 132.90090812092
1.4 132.74487705094
1.402 132.58858879821
1.404 132.432044313
1.406 132.27524457225
1.408 132.11819058017
1.41 131.9608833687
1.412 131.80332399814
1.414 131.64551355762
1.416 131.48745316574
1.418 131.32914397108
1.42 131.17058715282
1.422 131.01178392135
1.424 130.8527355188
1.426 130.69344321973
1.428 130.53390833171
1.43 130.37413219596
1.432 130.214116188
1.434 130.05386171827
1.436 129.89337023284
1.438 129.73264321403
1.44 129.57168218113
1.442 129.41048869107
1.444 129.24906433913
1.446 129.08741075964
1.448 128.92552962671
1.45 128.76342265497
1.452 128.60109160028
1.454 128.43853826052
1.456 128.27576447632
1.458 128.11277213185
1.46 127.9495631556
1.462 127.78613952116
1.464 127.62250324803
1.466 127.45865640243
1.468 127.29460109812
1.47 127.13033949723
1.472 126.96587381111
1.474 126.80120630116
1.476 126.63633927972
1.478 126.4712751109
1.48 126.30601621149
1.482 126.14056505184
1.484 125.97492415675
1.486 125.80909610638
1.488 125.64308353716
1.49 125.47688914273
1.492 125.31051567485
1.494 125.14396594433
1.496 124.97724282202
1.498 124.81034923972
1.5 124.64328819117
1.502 124.47606273302
1.504 124.30867598578
1.506 124.14113113482
1.508 123.97343143137
1.51 123.80558019352
1.512 123.63758080717
1.514 123.4694367271
1.516 123.30115147795
1.518 123.13272865524
1.52 122.96417192639
1.522 122.79548503175
1.524 122.62667178561
1.526 122.45773607727
1.528 122.28868187201
1.53 122.11951321219
1.532 121.95023421825
1.534 121.78084908973
1.536 121.61136210637
1.538 121.44177762907
1.54 121.27210010097
1.542 121.1023340485
1.544 120.93248408237
1.546 120.76255489861
1.548 120.59255127961
1.55 120.42247809515
1.552 120.25234030337
1.554 120.08214295184
1.556 119.91189117853
1.558 119.74159021279
1.56 119.57124537639
1.562 119.40086208447
1.564 119.23044584649
1.566 119.06000226722
1.568 118.88953704771
1.57 118.71905598614
1.572 118.54856497884
1.574 118.37807002114
1.576 118.20757720827
1.578 118.03709273627
1.58 117.86662290278
1.582 117.69617410795
1.584 117.52575285523
1.586 117.35536575217
1.588 117.1850195112
1.59 117.01472095038
1.592 116.84447699415
1.594 116.67429467402
1.596 116.50418112927
1.598 116.33414360756
1.6 116.16418946561
1.602 115.99432616977
1.604 115.82456129658
1.606 115.65490253329
1.608 115.48535767841
1.61 115.31593464213
1.612 115.14664144675
1.614 114.97748622709
1.616 114.80847723085
1.618 114.63962281891
1.62 114.47093146559
1.622 114.30241175893
1.624 114.13407240083
1.626 113.96592220724
1.628 113.79797010824
1.63 113.63022514809
1.632 113.46269648524
1.634 113.29539339231
1.636 113.12832525597
1.638 112.96150157685
1.64 112.79493196929
1.642 112.62862616111
1.644 112.46259399336
1.646 112.29684541992
1.648 112.13139050709
1.65 111.96623943318
1.652 111.80140248793
1.654 111.63689007197
1.656 111.47271269621
1.658 111.30888098107
1.66 111.1454056558
1.662 110.98229755767
1.664 110.81956763103
1.666 110.65722692647
1.668 110.49528659978
1.67 110.3337579109
1.672 110.17265222284
1.674 110.01198100046
1.676 109.85175580932
1.678 109.69198831432
1.68 109.53269027836
1.682 109.37387356099
1.684 109.21555011688
1.686 109.05773199435
1.688 108.90043133376
1.69 108.7436603659
1.692 108.58743141027
1.694 108.43175687342
1.696 108.27664924707
1.698 108.12212110632
1.7 107.96818510779
1.702 107.81485398763
1.704 107.66214055959
1.706 107.510057713
1.708 107.3586184107
1.71 107.207835687
1.712 107.05772264548
1.714 106.90829245693
1.716 106.75955835712
1.718 106.6115336446
1.72 106.46423167852
1.722 106.31766587636
1.724 106.17184971172
1.726 106.02679671205
1.728 105.88252045638
1.73 105.73903457311
1.732 105.59635273777
1.734 105.45448867074
1.736 105.31345613508
1.738 105.17326893437
1.74 105.03394091048
1.742 104.89548594153
1.744 104.75791793974
1.746 104.62125084949
1.748 104.48549864527
1.75 104.3506753298
1.752 104.21679493223
1.754 104.08387150634
1.756 103.95191912887
1.758 103.82095189799
1.76 103.69098393179
1.762 103.56202936693
1.764 103.43410235741
1.766 103.30721707346
1.768 103.18138770058
1.77 103.05662843871
1.772 102.93295350158
1.774 102.81037711625
1.776 102.68891352275
1.778 102.56857697403
1.78 102.44938173601
1.782 102.33134208788
1.784 102.21447232267
1.786 102.09878674797
1.788 101.98429968701
1.79 101.87102547986
1.792 101.75897848506
1.794 101.64817308144
1.796 101.53862367026
1.798 101.43034467767
1.8 101.32335055754
1.802 101.21765579455
1.804 101.1132749077
1.806 101.0102224542
1.808 100.90851303371
1.81 100.80816129298
1.812 100.70918193098
1.814 100.61158970438
1.816 100.51539943351
1.818 100.42062600882
1.82 100.32728439782
1.822 100.23538965245
1.824 100.1449569171
1.826 100.05600143706
1.828 99.968538567561
1.83 99.882583783452
1.832 99.798152689392
1.834 99.715261030715
1.836 99.633924704916
1.838 99.554159773808
1.84 99.475982476359
1.842 99.399409242238
1.844 99.324456706093
1.846 99.251141722582
1.848 99.179481382192
1.85 99.109493027856
1.852 99.041194272413
1.854 98.974603016921
1.856 98.90973746987
1.858 98.846616167307
1.86 98.785257993923
1.862 98.725682205115
1.864 98.667908450073
1.866 98.611956795918
1.868 98.557847752931
1.87 98.505602300912
1.872 98.4552419167
1.874 98.406788602921
1.876 98.360264917967
1.878 98.315694007296
1.88 98.273099636069
1.882 98.23250622319
1.884 98.193938876794
1.886 98.157423431252
1.888 98.122986485729
1.89 98.090655444385
1.892 98.060458558256
1.894 98.032424968902
1.896 98.006584753893
1.898 97.982968974193
1.9 97.961609723549
1.902 97.942540179936
1.904 97.925794659184
1.906 97.911408670848
1.908 97.899418976446
1.91 97.889863650154
1.912 97.882782142079
1.914 97.878215344218
1.916 97.876205659245
1.918 97.876797072234
1.92 97.880035225474
1.922 97.885967496524
1.924 97.894643079655
1.926 97.906113070842
1.928 97.920430556501
1.93 97.937650706128
1.932 97.957830869056
1.934 97.981030675531
1.936 98.007312142322
1.938 98.036739783105
1.94 98.069380723856
1.942 98.105304823522
1.944 98.144584800245
1.946 98.187296363412
1.948 98.233518351868
1.95 98.283332878585
1.952 98.336825482151
1.954 98.394085285439
1.956 98.455205161818
1.958 98.520281909344
1.96 98.589416433321
1.962 98.662713937703
1.964 98.740284125808
1.966 98.822241410821
1.968 98.908705136639
1.97 98.999799809576
1.972 99.095655341529
1.974 99.196407305191
1.976 99.302197201954
1.978 99.413172743146
1.98 99.529488145312
1.982 99.651304440231
1.984 99.778789800425
1.986 99.91211988092
1.988 100.05147817806
1.99 100.19705640616
1.992 100.34905489289
1.994 100.50768299415
1.996 100.67315952937
1.998 100.84571323804
2.0 101.02558325832
2.002 101.21301962862
2.004 101.40828381293
2.006 101.61164925055
2.008 101.82340193115
2.01 102.0438409956
2.012 102.2732793631
2.014 102.51204438505
2.016 102.76047852582
2.018 103.01894007042
2.02 103.28780385872
2.022 103.56746204566
2.024 103.8583248865
2.026 104.16082154542
2.028 104.47540092569
2.03 104.80253251844
2.032 105.14270726666
2.034 105.49643843978
2.036 105.8642625134
2.038 106.24674004712
2.04 106.64445655213
2.042 107.05802333823
2.044 107.48807832814
2.046 107.93528682431
2.048 108.40034221101
2.05 108.88396657102
2.052 109.38691119304
2.054 109.90995694166
2.056 110.45391445717
2.058 111.01962414781
2.06 111.60795593082
2.062 112.21980867301
2.064 112.85610927449
2.066 113.51781133208
2.068 114.20589331124
2.07 114.92135614727
2.072 115.66522018862
2.074 116.43852138704
2.076 117.24230663213
2.078 118.07762812119
2.08 118.94553665103
2.082 119.84707371557
2.084 120.78326229462
2.086 121.75509622458
2.088 122.76352805326
2.09 123.80945529968
2.092 124.89370506691
2.094 126.01701699393
2.096 127.18002458185
2.098 128.38323499193
2.1 129.62700748922
2.102 130.91153079452
2.104 132.23679970927
2.106 133.60259148914
2.108 135.00844255898
2.11 136.4536262773
2.112 137.93713256603
2.114 139.45765030911
2.116 141.01355348167
2.118 142.60289198787
2.12 144.22338814863
2.122 145.87243968155
2.124 147.54712984917
2.126 149.24424521834
2.128 150.96030117913
2.13 152.69157503098
2.132 154.43414607663
2.134 156.18394179701
2.136 157.93678884289
2.138 159.68846729913
2.14 161.43476648222
2.142 163.17154043849
2.144 164.89476132853
2.146 166.60056901157
2.148 168.28531536839
2.15 169.94560220313
2.152 171.57831191476
2.154 173.18063049939
2.156 174.75006280564
2.158 176.28444029334
2.16 177.78192182084
2.162 179.24098819894
2.164 -179.33956860712
2.166 -177.96066066795
2.168 -176.62292269455
2.17 -175.32673311003
2.172 -174.07223671106
2.174 -172.8593681364
2.176 -171.68787547149
2.178 -170.55734343458
2.18 -169.46721570563
2.182 -168.41681606769
2.184 -167.40536812823
2.186 -166.43201347315
2.188 -165.49582817741
2.19 -164.59583765453
2.192 -163.73102987246
2.194 -162.90036699761
2.196 -162.1027955532
2.198 -161.33725519412
2.2 -160.60268620991
2.202 -159.8980358714
2.204 -159.22226373655
2.206 -158.57434602775
2.208 -157.9532791876
2.21 -157.35808271343
2.212 -156.78780136315
2.214 -156.24150681718
2.216 -155.71829887285
2.218 -155.21730624013
2.22 -154.73768699958
2.222 -154.27862877673
2.224 -153.83934868018
2.226 -153.41909304489
2.228 -153.01713701665
2.23 -152.63278400889
2.232 -152.26536505834
2.234 -151.91423810262
2.236 -151.57878719912
2.238 -151.25842170152
2.24 -150.95257540794
2.242 -150.66070569227
2.244 -150.38229262821
2.246 -150.11683811395
2.248 -149.86386500413
2.25 -149.622916254
2.252 -149.39355408029
2.254 -149.17535914172
2.256 -148.96792974191
2.258 -148.77088105643
2.26 -148.58384438527
2.262 -148.40646643178
2.264 -148.23840860833
2.266 -148.07934636914
2.268 -147.92896857004
2.27 -147.78697685496
2.272 -147.65308506881
2.274 -147.52701869601
2.276 -147.40851432426
2.278 -147.29731913259
2.28 -147.19319040312
2.282 -147.09589505555
2.284 -147.00520920359
2.286 -146.92091773255
2.288 -146.84281389714
2.29 -146.77069893859
2.292 -146.7043817204
2.294 -146.64367838174
2.296 -146.58841200777
2.298 -146.53841231607
2.3 -146.49351535844
2.302 -146.45356323723
2.304 -146.41840383571
2.306 -146.38789056152
2.308 -146.36188210277
2.31 -146.34024219607
2.312 -146.32283940587
2.314 -146.30954691456
2.316 -146.30024232285
2.318 -146.29480745979
2.32 -146.29312820202
2.322 -146.29509430177
2.324 -146.30059922309
2.326 -146.30953998608
2.328 -146.32181701838
2.33 -146.33733401396
2.332 -146.35599779841
2.334 -146.37771820083
2.336 -146.40240793154
2.338 -146.42998246572
2.34 -146.46035993237
2.342 -146.49346100851
2.344 -146.52920881825
2.346 -146.56752883655
2.348 -146.60834879736
2.35 -146.65159860602
2.352 -146.6972102556
2.354 -146.74511774703
2.356 -146.79525701291
2.358 -146.84756584462
2.36 -146.90198382278
2.362 -146.95845225077
2.364 -147.01691409116
2.366 -147.07731390501
2.368 -147.13959779374
2.37 -147.20371334361
2.372 -147.26960957254
2.374 -147.33723687931
2.376 -147.4065469948
2.378 -147.47749293548
2.38 -147.55002895874
2.382 -147.62411052015
2.384 -147.69969423257
2.386 -147.77673782687
2.388 -147.85520011435
2.39 -147.9350409507
2.392 -148.01622120145
2.394 -148.09870270878
2.396 -148.18244825977
2.398 -148.26742155586
2.4 -148.35358718357
2.402 -148.44091058637
2.404 -148.52935803774
2.406 -148.61889661519
2.408 -148.70949417537
2.41 -148.80111933015
2.412 -148.89374142364
2.414 -148.98733051004
2.416 -149.08185733242
2.418 -149.17729330226
2.42 -149.27361047979
2.422 -149.3707815551
2.424 -149.46877982987
2.426 -149.56757919991
2.428 -149.66715413824
2.43 -149.76747967889
2.432 -149.8685314012
2.434 -149.97028541474
2.436 -150.07271834484
2.438 -150.17580731852
2.44 -150.279529951
2.442 -150.38386433273
2.444 -150.48878901674
2.446 -150.59428300661
2.448 -150.70032574473
2.45 -150.80689710103
2.452 -150.91397736209
2.454 -151.02154722062
2.456 -151.12958776529
2.458 -151.23808047092
2.46 -151.34700718902
2.462 -151.45635013857
2.464 -151.56609189723
2.466 -151.67621539272
2.468 -151.78670389455
2.47 -151.89754100602
2.472 -152.00871065642
2.474 -152.12019709358
2.476 -152.23198487657
2.478 -152.34405886867
2.48 -152.45640423057
2.482 -152.56900641374
2.484 -152.68185115405
2.486 -152.79492446559
2.488 -152.90821263462
2.49 -153.02170221379
2.492 -153.13538001645
2.494 -153.24923311117
2.496 -153.36324881646
2.498 -153.47741469558
2.5 -153.5917185515
2.502 -153.70614842208
2.504 -153.82069257534
2.506 -153.93533950482
2.508 -154.05007792517
2.51 -154.1648967678
2.512 -154.27978517665
2.514 -154.39473250409
2.516 -154.50972830694
2.518 -154.62476234261
2.52 -154.73982456528
2.522 -154.85490512227
2.524 -154.96999435042
2.526 -155.08508277264
2.528 -155.20016109451
2.53 -155.31522020096
2.532 -155.43025115306
2.534 -155.54524518487
2.536 -155.66019370039
2.538 -155.77508827056
2.54 -155.88992063037
2.542 -156.00468267598
2.544 -156.11936646199
2.546 -156.23396419871
2.548 -156.34846824952
2.55 -156.46287112828
2.552 -156.57716549683
2.554 -156.69134416253
2.556 -156.8054000758
2.558 -156.91932632786
2.56 -157.03311614835
2.562 -157.1467629031
2.564 -157.26026009197
2.566 -157.37360134665
2.568 -157.48678042859
2.57 -157.59979122692
2.572 -157.71262775643
2.574 -157.82528415562
2.576 -157.93775468476
2.578 -158.05003372395
2.58 -158.16211577135
2.582 -158.27399544129
2.584 -158.38566746253
2.586 -158.4971266765
2.588 -158.60836803557
2.59 -158.71938660142
2.592 -158.83017754335
2.594 -158.94073613669
2.596 -159.0510577612
2.598 -159.16113789953
2.6 -159.27097213569
2.602 -159.38055615355
2.604 -159.4898857354
2.606 -159.59895676044
2.608 -159.70776520345
2.61 -159.81630713332
2.612 -159.92457871174
2.614 -160.03257619184
2.616 -160.14029591686
2.618 -160.24773431886
2.62 -160.35488791746
2.622 -160.46175331858
2.624 -160.5683272132
2.626 -160.67460637617
2.628 -160.78058766499
2.63 -160.88626801868
2.632 -160.99164445661
2.634 -161.09671407735
2.636 -161.20147405761
2.638 -161.30592165108
2.64 -161.4100541874
2.642 -161.5138690711
2.644 -161.61736378052
2.646 -161.72053586683
2.648 -161.82338295298
2.65 -161.92590273273
2.652 -162.02809296968
2.654 -162.12995149629
2.656 -162.23147621293
2.658 -162.33266508695
2.66 -162.43351615178
2.662 -162.534027506
2.664 -162.63419731247
2.666 -162.73402379743
2.668 -162.83350524966
2.67 -162.93264001962
2.672 -163.0314265186
2.674 -163.12986321791
2.676 -163.22794864807
2.678 -163.32568139801
2.68 -163.42306011427
2.682 -163.52008350021
2.684 -163.61675031528
2.686 -163.71305937427
2.688 -163.80900954652
2.69 -163.90459975522
2.692 -163.99982897671
2.694 -164.09469623972
2.696 -164.18920062471
2.698 -164.28334126319
2.7 -164.37711733699
2.702 -164.47052807764
2.704 -164.56357276571
2.706 -164.65625073011
2.708 -164.74856134752
2.71 -164.84050404172
2.712 -164.93207828298
2.714 -165.02328358744
2.716 -165.11411951653
2.718 -165.20458567635
2.72 -165.29468171711
2.722 -165.38440733253
2.724 -165.47376225932
2.726 -165.56274627655
2.728 -165.65135920517
2.73 -165.73960090743
2.732 -165.82747128635
2.734 -165.91497028521
2.736 -166.00209788702
2.738 -166.08885411401
2.74 -166.17523902714
2.742 -166.26125272559
2.744 -166.34689534629
2.746 -166.43216706343
2.748 -166.517068088
2.75 -166.6015986673
2.752 -166.68575908451
2.754 -166.76954965823
2.756 -166.85297074204
2.758 -166.93602272406
2.76 -167.0187060265
2.762 -167.1010211053
2.764 -167.18296844965
2.766 -167.26454858158
2.768 -167.34576205563
2.77 -167.42660945836
2.772 -167.50709140803
2.774 -167.58720855419
2.776 -167.66696157728
2.778 -167.74635118831
2.78 -167.82537812844
2.782 -167.90404316867
2.784 -167.98234710945
2.786 -168.06029078033
2.788 -168.13787503966
2.79 -168.21510077421
2.792 -168.29196889886
2.794 -168.36848035627
2.796 -168.44463611656
2.798 -168.52043717699
2.8 -168.59588456167
2.802 -168.67097932124
2.804 -168.74572253257
2.806 -168.82011529846
2.808 -168.8941587474
2.81 -168.96785403321
2.812 -169.04120233483
2.814 -169.114204856
2.816 -169.18686282502
2.818 -169.25917749448
2.82 -169.33115014099
2.822 -169.40278206493
2.824 -169.47407459022
2.826 -169.54502906404
2.828 -169.61564685662
2.83 -169.68592936099
2.832 -169.75587799273
2.834 -169.82549418979
2.836 -169.89477941222
2.838 -169.96373514198
2.84 -170.0323628827
2.842 -170.10066415951
2.844 -170.16864051877
2.846 -170.23629352793
2.848 -170.3036247753
2.85 -170.37063586986
2.852 -170.43732844105
2.854 -170.50370413863
2.856 -170.56976463244
2.858 -170.63551161226
2.86 -170.70094678763
2.862 -170.76607188765
2.864 -170.83088866083
2.866 -170.89539887493
2.868 -170.95960431678
2.87 -171.02350679213
2.872 -171.0871081255
2.874 -171.15041016002
2.876 -171.21341475728
2.878 -171.27612379718
2.88 -171.33853917779
2.882 -171.40066281522
2.884 -171.46249664347
2.886 -171.52404261431
2.888 -171.58530269711
2.89 -171.64627887877
2.892 -171.70697316355
2.894 -171.76738757296
2.896 -171.82752414564
2.898 -171.88738493725
2.9 -171.94697202034
2.902 -172.00628748424
2.904 -172.06533343499
2.906 -172.12411199514
2.908 -172.18262530375
2.91 -172.24087551623
2.912 -172.29886480423
2.914 -172.35659535559
2.916 -172.41406937418
2.918 -172.47128907989
2.92 -172.52825670843
2.922 -172.58497451136
2.924 -172.64144475591
2.926 -172.69766972493
2.928 -172.7536517168
2.93 -172.80939304539
2.932 -172.86489603988
2.934 -172.92016304481
2.936 -172.97519641989
2.938 -173.02999853999
2.94 -173.08457179507
2.942 -173.13891859006
2.944 -173.19304134485
2.946 -173.24694249416
2.948 -173.30062448754
2.95 -173.35408978924
2.952 -173.4073408782
2.954 -173.46038024796
2.956 -173.5132104066
2.958 -173.56583387667
2.96 -173.61825319517
2.962 -173.67047091345
2.964 -173.72248959718
2.966 -173.77431182628
2.968 -173.82594019487
2.97 -173.87737731122
2.972 -173.9286257977
2.974 -173.97968829072
2.976 -174.03056744067
2.978 -174.0812659119
2.98 -174.13178638264
2.982 -174.18213154498
2.984 -174.2323041048
2.986 -174.28230678171
2.988 -174.33214230905
2.99 -174.38181343381
2.992 -174.43132291656
2.994 -174.48067353148
2.996 -174.52986806624
2.998 -174.57890932197
3.0 -174.62780011327
3.002 -174.67654326809
3.004 -174.72514162773
3.006 -174.77359804679
3.008 -174.8219153931
3.01 -174.87009654773
3.012 -174.91814440489
3.014 -174.96606187189
3.016 -175.01385186915
3.018 -175.0615173301
3.02 -175.10906120113
3.022 -175.1564864416
3.024 -175.20379602373
3.026 -175.25099293261
3.028 -175.29808016611
3.03 -175.34506073485
3.032 -175.39193766214
3.034 -175.43871398396
3.036 -175.48539274888
3.038 -175.53197701802
3.04 -175.578469865
3.042 -175.6248743759
3.044 -175.67119364917
3.046 -175.71743079562
3.048 -175.76358893833
3.05 -175.80967121263
3.052 -175.85568076598
3.054 -175.901620758
3.056 -175.94749436033
3.058 -175.99330475661
3.06 -176.0390551424
3.062 -176.08474872513
3.064 -176.13038872403
3.066 -176.17597837005
3.068 -176.22152090581
3.07 -176.26701958549
3.072 -176.31247767483
3.074 -176.35789845098
3.076 -176.40328520247
3.078 -176.44864122909
3.08 -176.49396984187
3.082 -176.53927436294
3.084 -176.58455812547
3.086 -176.62982447359
3.088 -176.67507676227
3.09 -176.72031835727
3.092 -176.76555263501
3.094 -176.81078298248
3.096 -176.85601279717
3.098 -176.90124548692
3.1 -176.94648446985
3.102 -176.99173317424
3.104 -177.03699503842
3.106 -177.08227351066
3.108 -177.12757204904
3.11 -177.17289412135
3.112 -177.21824320494
3.114 -177.26362278664
3.116 -177.30903636256
3.118 -177.35448743803
3.12 -177.39997952742
3.122 -177.44551615399
3.124 -177.49110084981
3.126 -177.53673715552
3.128 -177.58242862027
3.13 -177.62817880148
3.132 -177.67399126476
3.134 -177.71986958369
3.136 -177.76581733968
3.138 -177.81183812178
3.14 -177.85793552652
3.142 -177.90411315774
3.144 -177.95037462636
3.146 -177.99672355026
3.148 -178.043163554
3.15 -178.08969826872
3.152 -178.13633133185
3.154 -178.18306638696
3.156 -178.2299070835
3.158 -178.27685707664
3.16 -178.323920027
3.162 -178.37109960044
3.164 -178.41839946782
3.166 -178.46582330476
3.168 -178.51337479142
3.17 -178.56105761222
3.172 -178.60887545561
3.174 -178.65683201377
3.176 -178.7049309824
3.178 -178.75317606041
3.18 -178.80157094964
3.182 -178.8501193546
3.184 -178.89882498217
3.186 -178.94769154128
3.188 -178.99672274264
3.19 -179.04592229844
3.192 -179.09529392197
3.194 -179.14484132739
3.196 -179.19456822932
3.198 -179.24447834256
3.2 -179.29457538174
