Frequency s43
1.2 -10.733766252795
1.202 -10.733079081183
1.204 -10.732285396438
1.206 -10.731384145853
1.208 -10.730374273137
1.21 -10.729254718611
1.212 -10.728024419409
1.214 -10.72668230969
1.216 -10.725227320849
1.218 -10.72365838174
1.22 -10.721974418897
1.222 -10.720174356769
1.224 -10.718257117958
1.226 -10.71622162346
1.228 -10.714066792918
1.23 -10.711791544873
1.232 -10.709394797028
1.234 -10.706875466513
1.236 -10.704232470163
1.238 -10.701464724789
1.24 -10.698571147472
1.242 -10.695550655847
1.244 -10.6924021684
1.246 -10.689124604776
1.248 -10.68571688608
1.25 -10.682177935196
1.252 -10.678506677106
1.254 -10.674702039212
1.256 -10.670762951669
1.258 -10.666688347724
1.26 -10.66247716405
1.262 -10.658128341103
1.264 -10.653640823466
1.266 -10.64901356021
1.268 -10.644245505258
1.27 -10.639335617748
1.272 -10.634282862411
1.274 -10.629086209942
1.276 -10.623744637386
1.278 -10.618257128524
1.28 -10.61262267426
1.282 -10.60684027302
1.284 -10.600908931147
1.286 -10.594827663307
1.288 -10.588595492892
1.29 -10.582211452431
1.292 -10.575674584004
1.294 -10.56898393966
1.296 -10.562138581829
1.298 -10.555137583755
1.3 -10.54798002991
1.302 -10.54066501643
1.304 -10.533191651537
1.306 -10.525559055974
1.308 -10.517766363439
1.31 -10.509812721016
1.312 -10.50169728961
1.314 -10.493419244388
1.316 -10.484977775212
1.318 -10.476372087078
1.32 -10.467601400553
1.322 -10.458664952214
1.324 -10.449561995086
1.326 -10.440291799075
1.328 -10.430853651407
1.33 -10.421246857063
1.332 -10.411470739208
1.334 -10.401524639627
1.336 -10.391407919151
1.338 -10.381119958087
1.34 -10.370660156638
1.342 -10.360027935327
1.344 -10.349222735413
1.346 -10.338244019308
1.348 -10.327091270983
1.35 -10.31576399638
1.352 -10.304261723805
1.354 -10.292584004334
1.356 -10.280730412199
1.358 -10.268700545172
1.36 -10.256494024952
1.362 -10.244110497533
1.364 -10.231549633576
1.366 -10.218811128765
1.368 -10.205894704167
1.37 -10.192800106573
1.372 -10.179527108841
1.374 -10.166075510226
1.376 -10.152445136701
1.378 -10.138635841275
1.38 -10.124647504294
1.382 -10.110480033744
1.384 -10.096133365532
1.386 -10.081607463767
1.388 -10.066902321028
1.39 -10.052017958621
1.392 -10.036954426826
1.394 -10.021711805136
1.396 -10.006290202481
1.398 -9.9906897574435
1.4 -9.9749106384651
1.402 -9.9589530440349
1.404 -9.942817202873
1.406 -9.9265033740989
1.408 -9.9100118473885
1.41 -9.8933429431191
1.412 -9.8764970125021
1.414 -9.8594744377027
1.416 -9.842275631948
1.418 -9.8249010396215
1.42 -9.8073511363451
1.422 -9.789626429048
1.424 -9.771727456023
1.426 -9.7536547869691
1.428 -9.7354090230214
1.43 -9.7169907967672
1.432 -9.6984007722495
1.434 -9.6796396449563
1.436 -9.6607081417978
1.438 -9.6416070210684
1.44 -9.6223370723975
1.442 -9.6028991166851
1.444 -9.5832940060247
1.446 -9.5635226236136
1.448 -9.5435858836487
1.45 -9.5234847312098
1.452 -9.5032201421301
1.454 -9.4827931228524
1.456 -9.4622047102738
1.458 -9.4414559715763
1.46 -9.4205480040456
1.462 -9.3994819348765
1.464 -9.3782589209663
1.466 -9.3568801486954
1.468 -9.3353468336962
1.47 -9.3136602206093
1.472 -9.2918215828287
1.474 -9.2698322222341
1.476 -9.2476934689127
1.478 -9.2254066808694
1.48 -9.2029732437254
1.482 -9.1803945704067
1.484 -9.1576721008211
1.486 -9.1348073015253
1.488 -9.1118016653817
1.49 -9.0886567112049
1.492 -9.0653739833987
1.494 -9.0419550515837
1.496 -9.0184015102151
1.498 -8.9947149781929
1.5 -8.9708970984613
1.502 -8.9469495376016
1.504 -8.9228739854162
1.506 -8.8986721545041
1.508 -8.8743457798302
1.51 -8.8498966182858
1.512 -8.8253264482434
1.514 -8.8006370691037
1.516 -8.7758303008369
1.518 -8.7509079835176
1.52 -8.7258719768538
1.522 -8.7007241597102
1.524 -8.6754664296269
1.526 -8.6501007023325
1.528 -8.6246289112523
1.53 -8.5990530070135
1.532 -8.5733749569446
1.534 -8.5475967445721
1.536 -8.5217203691138
1.538 -8.4957478449678
1.54 -8.4696812012003
1.542 -8.4435224810291
1.544 -8.4172737413058
1.546 -8.3909370519959
1.548 -8.3645144956564
1.55 -8.3380081669131
1.552 -8.3114201719352
1.554 -8.2847526279104
1.556 -8.2580076625185
1.558 -8.2311874134044
1.56 -8.2042940276517
1.562 -8.1773296612557
1.564 -8.1502964785973
1.566 -8.1231966519166
1.568 -8.0960323607887
1.57 -8.0688057915989
1.572 -8.0415191370206
1.574 -8.0141745954941
1.576 -7.986774370707
1.578 -7.9593206710768
1.58 -7.9318157092355
1.582 -7.9042617015169
1.584 -7.8766608674461
1.586 -7.8490154292318
1.588 -7.8213276112616
1.59 -7.7935996396005
1.592 -7.7658337414931
1.594 -7.738032144868
1.596 -7.7101970778475
1.598 -7.6823307682601
1.6 -7.6544354431569
1.602 -7.6265133283332
1.604 -7.5985666478527
1.606 -7.5705976235779
1.608 -7.5426084747038
1.61 -7.5146014172967
1.612 -7.4865786638384
1.614 -7.4585424227738
1.616 -7.4304948980658
1.618 -7.402438288753
1.62 -7.3743747885148
1.622 -7.3463065852404
1.624 -7.3182358606041
1.626 -7.2901647896458
1.628 -7.2620955403574
1.63 -7.2340302732752
1.632 -7.2059711410773
1.634 -7.177920288188
1.636 -7.1498798503877
1.638 -7.1218519544287
1.64 -7.0938387176573
1.642 -7.0658422476429
1.644 -7.0378646418116
1.646 -7.0099079870883
1.648 -6.9819743595432
1.65 -6.9540658240463
1.652 -6.9261844339276
1.654 -6.8983322306435
1.656 -6.8705112434511
1.658 -6.8427234890874
1.66 -6.8149709714568
1.662 -6.7872556813236
1.664 -6.7595795960132
1.666 -6.7319446791179
1.668 -6.7043528802111
1.67 -6.6768061345675
1.672 -6.6493063628902
1.674 -6.6218554710448
1.676 -6.5944553498003
1.678 -6.5671078745764
1.68 -6.5398149051985
1.682 -6.5125782856586
1.684 -6.4853998438837
1.686 -6.4582813915112
1.688 -6.4312247236701
1.69 -6.4042316187706
1.692 -6.3773038382992
1.694 -6.3504431266218
1.696 -6.3236512107922
1.698 -6.2969298003691
1.7 -6.2702805872388
1.702 -6.2437052454451
1.704 -6.2172054310256
1.706 -6.1907827818557
1.708 -6.1644389174981
1.71 -6.1381754390603
1.712 -6.1119939290577
1.714 -6.0858959512841
1.716 -6.0598830506889
1.718 -6.0339567532602
1.72 -6.0081185659153
1.722 -5.9823699763975
1.724 -5.9567124531792
1.726 -5.931147445372
1.728 -5.9056763826426
1.73 -5.8803006751358
1.732 -5.8550217134037
1.734 -5.8298408683408
1.736 -5.8047594911259
1.738 -5.7797789131702
1.74 -5.7549004460715
1.742 -5.7301253815744
1.744 -5.7054549915371
1.746 -5.6808905279038
1.748 -5.6564332226833
1.75 -5.6320842879332
1.752 -5.6078449157511
1.754 -5.58371627827
1.756 -5.5596995276608
1.758 -5.53579579614
1.76 -5.512006195983
1.762 -5.4883318195431
1.764 -5.4647737392761
1.766 -5.44133300777
1.768 -5.4180106577806
1.77 -5.3948077022722
1.772 -5.3717251344628
1.774 -5.3487639278763
1.776 -5.3259250363974
1.778 -5.3032093943336
1.78 -5.2806179164808
1.782 -5.2581514981943
1.784 -5.2358110154647
1.786 -5.2135973249978
1.788 -5.1915112642998
1.79 -5.1695536517668
1.792 -5.1477252867787
1.794 -5.126026949797
1.796 -5.1044594024677
1.798 -5.0830233877278
1.8 -5.0617196299158
1.802 -5.0405488348863
1.804 -5.0195116901288
1.806 -4.9986088648895
1.808 -4.9778410102976
1.81 -4.9572087594947
1.812 -4.9367127277678
1.814 -4.9163535126855
1.816 -4.8961316942378
1.818 -4.8760478349792
1.82 -4.8561024801739
1.822 -4.8362961579453
1.824 -4.8166293794274
1.826 -4.7971026389195
1.828 -4.7777164140433
1.83 -4.7584711659023
1.832 -4.7393673392445
1.834 -4.7204053626263
1.836 -4.7015856485798
1.838 -4.6829085937813
1.84 -4.664374579222
1.842 -4.6459839703815
1.844 -4.6277371174015
1.846 -4.6096343552627
1.848 -4.5916760039624
1.85 -4.573862368694
1.852 -4.5561937400277
1.854 -4.5386703940926
1.856 -4.5212925927595
1.858 -4.5040605838257
1.86 -4.4869746011997
1.862 -4.4700348650875
1.864 -4.4532415821793
1.866 -4.4365949458369
1.868 -4.4200951362816
1.87 -4.4037423207828
1.872 -4.3875366538463
1.874 -4.3714782774037
1.876 -4.355567321001
1.878 -4.3398039019882
1.88 -4.3241881257079
1.882 -4.3087200856842
1.884 -4.2933998638117
1.886 -4.278227530543
1.888 -4.2632031450773
1.89 -4.2483267555469
1.892 -4.2335983992044
1.894 -4.219018102608
1.896 -4.2045858818069
1.898 -4.1903017425254
1.9 -4.1761656803459
1.902 -4.1621776808912
1.904 -4.1483377200051
1.906 -4.1346457639322
1.908 -4.1211017694965
1.91 -4.1077056842779
1.912 -4.0944574467878
1.914 -4.0813569866433
1.916 -4.0684042247391
1.918 -4.0555990734185
1.92 -4.0429414366415
1.922 -4.0304312101528
1.924 -4.0180682816461
1.926 -4.0058525309273
1.928 -3.9937838300762
1.93 -3.9818620436046
1.932 -3.9700870286139
1.934 -3.9584586349495
1.936 -3.946976705353
1.938 -3.9356410756124
1.94 -3.9244515747101
1.942 -3.9134080249678
1.944 -3.9025102421895
1.946 -3.891758035802
1.948 -3.8811512089923
1.95 -3.8706895588434
1.952 -3.8603728764662
1.954 -3.8502009471301
1.956 -3.8401735503896
1.958 -3.8302904602095
1.96 -3.8205514450858
1.962 -3.8109562681652
1.964 -3.8015046873615
1.966 -3.7921964554679
1.968 -3.7830313202684
1.97 -3.7740090246449
1.972 -3.765129306682
1.974 -3.7563918997685
1.976 -3.7477965326963
1.978 -3.7393429297566
1.98 -3.731030810832
1.982 -3.7228598914872
1.984 -3.7148298830556
1.986 -3.7069404927233
1.988 -3.69919142361
1.99 -3.6915823748472
1.992 -3.6841130416533
1.994 -3.6767831154053
1.996 -3.6695922837083
1.998 -3.6625402304611
2.0 -3.6556266359201
2.002 -3.6488511767589
2.004 -3.6422135261257
2.006 -3.6357133536979
2.008 -3.6293503257332
2.01 -3.6231241051186
2.012 -3.6170343514157
2.014 -3.6110807209036
2.016 -3.6052628666191
2.018 -3.5995804383938
2.02 -3.5940330828883
2.022 -3.5886204436244
2.024 -3.5833421610135
2.026 -3.5781978723832
2.028 -3.5731872120006
2.03 -3.5683098110935
2.032 -3.5635652978687
2.034 -3.5589532975278
2.036 -3.5544734322801
2.038 -3.5501253213542
2.04 -3.5459085810055
2.042 -3.5418228245224
2.044 -3.5378676622303
2.046 -3.5340427014921
2.048 -3.5303475467078
2.05 -3.5267817993107
2.052 -3.5233450577625
2.054 -3.5200369175453
2.056 -3.516856971152
2.058 -3.5138048080748
2.06 -3.5108800147913
2.062 -3.5080821747488
2.064 -3.5054108683472
2.066 -3.5028656729192
2.068 -3.5004461627095
2.07 -3.4981519088516
2.072 -3.4959824793439
2.074 -3.4939374390231
2.076 -3.4920163495369
2.078 -3.4902187693145
2.08 -3.4885442535366
2.082 -3.4869923541031
2.084 -3.4855626195999
2.086 -3.4842545952645
2.088 -3.4830678229506
2.09 -3.482001841091
2.092 -3.4810561846598
2.094 -3.4802303851339
2.096 -3.4795239704529
2.098 -3.4789364649788
2.1 -3.4784673894545
2.102 -3.4781162609613
2.104 -3.4778825928766
2.106 -3.4777658948304
2.108 -3.4777656726609
2.11 -3.4778814283704
2.112 -3.4781126600807
2.114 -3.4784588619873
2.116 -3.4789195243142
2.118 -3.4794941332685
2.12 -3.480182170994
2.122 -3.4809831155258
2.124 -3.481896440744
2.126 -3.482921616328
2.128 -3.4840581077107
2.13 -3.4853053760327
2.132 -3.4866628780974
2.134 -3.4881300663255
2.136 -3.4897063887105
2.138 -3.4913912887746
2.14 -3.4931842055248
2.142 -3.4950845734096
2.144 -3.4970918222767
2.146 -3.4992053773313
2.148 -3.5014246590944
2.15 -3.503749083363
2.152 -3.5061780611704
2.154 -3.5087109987478
2.156 -3.511347297487
2.158 -3.5140863539034
2.16 -3.516927559601
2.162 -3.5198703012382
2.164 -3.5229139604946
2.166 -3.5260579140395
2.168 -3.5293015335014
2.17 -3.5326441854387
2.172 -3.5360852313126
2.174 -3.5396240274608
2.176 -3.5432599250728
2.178 -3.5469922701668
2.18 -3.5508204035687
2.182 -3.5547436608921
2.184 -3.5587613725203
2.186 -3.5628728635905
2.188 -3.5670774539787
2.19 -3.5713744582877
2.192 -3.5757631858363
2.194 -3.5802429406505
2.196 -3.5848130214566
2.198 -3.5894727216767
2.2 -3.5942213294261
2.202 -3.5990581275119
2.204 -3.6039823934356
2.206 -3.6089933993956
2.208 -3.6140904122939
2.21 -3.6192726937433
2.212 -3.6245395000784
2.214 -3.6298900823671
2.216 -3.6353236864264
2.218 -3.6408395528386
2.22 -3.646436916971
2.222 -3.6521150089975
2.224 -3.6578730539228
2.226 -3.6637102716087
2.228 -3.6696258768029
2.23 -3.6756190791703
2.232 -3.6816890833265
2.234 -3.6878350888739
2.236 -3.6940562904405
2.238 -3.7003518777202
2.24 -3.7067210355168
2.242 -3.7131629437893
2.244 -3.7196767777005
2.246 -3.7262617076678
2.248 -3.7329168994159
2.25 -3.7396415140329
2.252 -3.7464347080282
2.254 -3.7532956333928
2.256 -3.7602234376625
2.258 -3.7672172639831
2.26 -3.7742762511781
2.262 -3.7813995338191
2.264 -3.788586242298
2.266 -3.795835502902
2.268 -3.8031464378911
2.27 -3.810518165577
2.272 -3.8179498004059
2.274 -3.825440453042
2.276 -3.8329892304539
2.278 -3.8405952360039
2.28 -3.8482575695382
2.282 -3.8559753274802
2.284 -3.863747602926
2.286 -3.8715734857414
2.288 -3.8794520626613
2.29 -3.8873824173917
2.292 -3.8953636307127
2.294 -3.9033947805844
2.296 -3.9114749422539
2.298 -3.9196031883655
2.3 -3.9277785890709
2.302 -3.9360002121435
2.304 -3.9442671230922
2.306 -3.9525783852788
2.308 -3.9609330600359
2.31 -3.9693302067873
2.312 -3.9777688831693
2.314 -3.986248145154
2.316 -3.994767047174
2.318 -4.0033246422486
2.32 -4.0119199821115
2.322 -4.0205521173395
2.324 -4.0292200974829
2.326 -4.0379229711971
2.328 -4.0466597863754
2.33 -4.0554295902826
2.332 -4.0642314296903
2.334 -4.0730643510127
2.336 -4.0819274004438
2.338 -4.0908196240954
2.34 -4.0997400681355
2.342 -4.1086877789286
2.344 -4.1176618031755
2.346 -4.1266611880547
2.348 -4.1356849813639
2.35 -4.1447322316626
2.352 -4.1538019884148
2.354 -4.1628933021319
2.356 -4.172005224517
2.358 -4.1811368086084
2.36 -4.1902871089241
2.362 -4.1994551816063
2.364 -4.2086400845658
2.366 -4.2178408776271
2.368 -4.2270566226727
2.37 -4.2362863837883
2.372 -4.2455292274071
2.374 -4.2547842224543
2.376 -4.2640504404916
2.378 -4.2733269558608
2.38 -4.2826128458277
2.382 -4.2919071907253
2.384 -4.3012090740967
2.386 -4.3105175828369
2.388 -4.3198318073353
2.39 -4.3291508416158
2.392 -4.3384737834781
2.394 -4.3477997346365
2.396 -4.3571278008593
2.398 -4.3664570921064
2.4 -4.3757867226665
2.402 -4.3851158112929
2.404 -4.3944434813389
2.406 -4.4037688608914
2.408 -4.4130910829035
2.41 -4.4224092853268
2.412 -4.4317226112408
2.414 -4.4410302089827
2.416 -4.4503312322749
2.418 -4.4596248403508
2.42 -4.4689101980803
2.422 -4.4781864760929
2.424 -4.4874528508995
2.426 -4.4967085050124
2.428 -4.5059526270644
2.43 -4.5151844119253
2.432 -4.5244030608171
2.434 -4.5336077814277
2.436 -4.5427977880223
2.438 -4.5519723015533
2.44 -4.5611305497681
2.442 -4.5702717673152
2.444 -4.5793951958482
2.446 -4.5885000841276
2.448 -4.5975856881214
2.45 -4.6066512711023
2.452 -4.6156961037443
2.454 -4.6247194642158
2.456 -4.6337206382718
2.458 -4.6426989193427
2.46 -4.651653608622
2.462 -4.6605840151513
2.464 -4.6694894559025
2.466 -4.6783692558588
2.468 -4.6872227480927
2.47 -4.6960492738418
2.472 -4.7048481825823
2.474 -4.7136188320999
2.476 -4.7223605885591
2.478 -4.7310728265693
2.48 -4.7397549292485
2.482 -4.7484062882854
2.484 -4.757026303998
2.486 -4.7656143853907
2.488 -4.7741699502085
2.49 -4.7826924249885
2.492 -4.7911812451095
2.494 -4.7996358548387
2.496 -4.8080557073764
2.498 -4.8164402648975
2.5 -4.8247889985913
2.502 -4.8331013886984
2.504 -4.841376924545
2.506 -4.8496151045751
2.508 -4.8578154363803
2.51 -4.8659774367264
2.512 -4.8741006315785
2.514 -4.8821845561229
2.516 -4.890228754787
2.518 -4.8982327812569
2.52 -4.9061961984915
2.522 -4.9141185787361
2.524 -4.9219995035314
2.526 -4.929838563722
2.528 -4.9376353594617
2.53 -4.9453895002158
2.532 -4.9531006047625
2.534 -4.9607683011912
2.536 -4.9683922268978
2.538 -4.9759720285796
2.54 -4.9835073622256
2.542 -4.9909978931068
2.544 -4.9984432957624
2.546 -5.0058432539854
2.548 -5.0131974608047
2.55 -5.0205056184659
2.552 -5.0277674384097
2.554 -5.0349826412483
2.556 -5.0421509567394
2.558 -5.0492721237588
2.56 -5.0563458902702
2.562 -5.0633720132938
2.564 -5.0703502588724
2.566 -5.077280402036
2.568 -5.0841622267637
2.57 -5.0909955259451
2.572 -5.0977801013385
2.574 -5.1045157635282
2.576 -5.1112023318798
2.578 -5.1178396344933
2.58 -5.1244275081556
2.582 -5.1309657982899
2.584 -5.137454358905
2.586 -5.1438930525418
2.588 -5.1502817502187
2.59 -5.1566203313758
2.592 -5.1629086838171
2.594 -5.1691467036514
2.596 -5.1753342952322
2.598 -5.1814713710953
2.6 -5.1875578518965
2.602 -5.1935936663462
2.604 -5.1995787511445
2.606 -5.2055130509139
2.608 -5.2113965181311
2.61 -5.2172291130581
2.612 -5.2230108036714
2.614 -5.228741565591
2.616 -5.2344213820075
2.618 -5.2400502436089
2.62 -5.2456281485061
2.622 -5.2511551021574
2.624 -5.2566311172924
2.626 -5.262056213835
2.628 -5.2674304188251
2.63 -5.2727537663401
2.632 -5.2780262974158
2.634 -5.2832480599657
2.636 -5.2884191087003
2.638 -5.2935395050461
2.64 -5.2986093170631
2.642 -5.3036286193622
2.644 -5.3085974930225
2.646 -5.3135160255071
2.648 -5.3183843105795
2.65 -5.3232024482186
2.652 -5.3279705445343
2.654 -5.3326887116821
2.656 -5.3373570677772
2.658 -5.341975736809
2.66 -5.3465448485549
2.662 -5.3510645384938
2.664 -5.3555349477195
2.666 -5.3599562228544
2.668 -5.364328515962
2.67 -5.3686519844605
2.672 -5.3729267910355
2.674 -5.3771531035529
2.676 -5.3813310949718
2.678 -5.3854609432577
2.68 -5.3895428312949
2.682 -5.3935769468
2.684 -5.3975634822347
2.686 -5.4015026347192
2.688 -5.4053946059456
2.69 -5.4092396020912
2.692 -5.4130378337323
2.694 -5.4167895157583
2.696 -5.4204948672858
2.698 -5.424154111573
2.7 -5.4277674759345
2.702 -5.4313351916561
2.704 -5.4348574939106
2.706 -5.4383346216733
2.708 -5.4417668176379
2.71 -5.4451543281333
2.712 -5.4484974030404
2.714 -5.4517962957093
2.716 -5.4550512628772
2.718 -5.4582625645864
2.72 -5.4614304641035
2.722 -5.4645552278381
2.724 -5.4676371252628
2.726 -5.4706764288332
2.728 -5.4736734139092
2.73 -5.4766283586757
2.732 -5.479541544065
2.734 -5.4824132536792
2.736 -5.4852437737134
2.738 -5.4880333928789
2.74 -5.4907824023284
2.742 -5.4934910955803
2.744 -5.4961597684446
2.746 -5.4987887189492
2.748 -5.5013782472668
2.75 -5.5039286556423
2.752 -5.5064402483216
2.754 -5.5089133314803
2.756 -5.5113482131531
2.758 -5.513745203165
2.76 -5.5161046130617
2.762 -5.5184267560416
2.764 -5.5207119468887
2.766 -5.5229605019056
2.768 -5.5251727388475
2.77 -5.5273489768574
2.772 -5.529489536401
2.774 -5.5315947392037
2.776 -5.5336649081872
2.778 -5.5357003674073
2.78 -5.5377014419927
2.782 -5.5396684580842
2.784 -5.5416017427748
2.786 -5.5435016240509
2.788 -5.5453684307334
2.79 -5.5472024924204
2.792 -5.5490041394306
2.794 -5.5507737027469
2.796 -5.5525115139615
2.798 -5.5542179052212
2.8 -5.5558932091737
2.802 -5.5575377589149
2.804 -5.5591518879364
2.806 -5.5607359300744
2.808 -5.562290219459
2.81 -5.5638150904646
2.812 -5.5653108776602
2.814 -5.5667779157617
2.816 -5.5682165395843
2.818 -5.5696270839953
2.82 -5.5710098838685
2.822 -5.5723652740388
2.824 -5.5736935892577
2.826 -5.5749951641492
2.828 -5.5762703331675
2.83 -5.577519430554
2.832 -5.5787427902961
2.834 -5.5799407460863
2.836 -5.581113631282
2.838 -5.5822617788665
2.84 -5.5833855214098
2.842 -5.5844851910311
2.844 -5.5855611193615
2.846 -5.5866136375071
2.848 -5.5876430760138
2.85 -5.5886497648314
2.852 -5.58963403328
2.854 -5.5905962100155
2.856 -5.5915366229968
2.858 -5.5924555994534
2.86 -5.5933534658537
2.862 -5.5942305478735
2.864 -5.5950871703661
2.866 -5.5959236573321
2.868 -5.5967403318902
2.87 -5.597537516249
2.872 -5.5983155316788
2.874 -5.5990746984843
2.876 -5.599815335978
2.878 -5.6005377624543
2.88 -5.6012422951635
2.882 -5.6019292502874
2.884 -5.602598942915
2.886 -5.6032516870184
2.888 -5.6038877954299
2.89 -5.6045075798195
2.892 -5.6051113506727
2.894 -5.605699417269
2.896 -5.6062720876611
2.898 -5.6068296686548
2.9 -5.6073724657882
2.902 -5.6079007833136
2.904 -5.6084149241776
2.906 -5.6089151900036
2.908 -5.6094018810736
2.91 -5.6098752963108
2.912 -5.6103357332631
2.914 -5.6107834880866
2.916 -5.6112188555298
2.918 -5.6116421289183
2.92 -5.6120536001395
2.922 -5.6124535596288
2.924 -5.6128422963548
2.926 -5.6132200978065
2.928 -5.6135872499796
2.93 -5.6139440373641
2.932 -5.6142907429319
2.934 -5.6146276481251
2.936 -5.6149550328441
2.938 -5.6152731754372
2.94 -5.6155823526894
2.942 -5.6158828398126
2.944 -5.6161749104353
2.946 -5.6164588365933
2.948 -5.6167348887208
2.95 -5.617003335641
2.952 -5.6172644445584
2.954 -5.6175184810506
2.956 -5.6177657090601
2.958 -5.6180063908876
2.96 -5.6182407871846
2.962 -5.6184691569468
2.964 -5.6186917575079
2.966 -5.6189088445331
2.968 -5.619120672014
2.97 -5.6193274922627
2.972 -5.6195295559066
2.974 -5.6197271118842
2.976 -5.6199204074399
2.978 -5.62010968812
2.98 -5.6202951977687
2.982 -5.6204771785246
2.984 -5.6206558708169
2.986 -5.6208315133625
2.988 -5.6210043431631
2.99 -5.6211745955023
2.992 -5.6213425039435
2.994 -5.6215083003276
2.996 -5.621672214771
2.998 -5.6218344756641
3.0 -5.6219953096697
3.002 -5.6221549417218
3.004 -5.6223135950246
3.006 -5.6224714910518
3.008 -5.622628849546
3.01 -5.6227858885179
3.012 -5.6229428242469
3.014 -5.6230998712806
3.016 -5.623257242435
3.018 -5.6234151487953
3.02 -5.623573799716
3.022 -5.6237334028222
3.024 -5.62389416401
3.026 -5.6240562874483
3.028 -5.6242199755794
3.03 -5.6243854291212
3.032 -5.6245528470679
3.034 -5.624722426693
3.036 -5.6248943635501
3.038 -5.6250688514757
3.04 -5.6252460825913
3.042 -5.6254262473056
3.044 -5.6256095343175
3.046 -5.6257961306182
3.048 -5.6259862214943
3.05 -5.626179990531
3.052 -5.6263776196147
3.054 -5.6265792889364
3.056 -5.6267851769953
3.058 -5.6269954606018
3.06 -5.6272103148813
3.062 -5.6274299132778
3.064 -5.627654427558
3.066 -5.6278840278146
3.068 -5.6281188824709
3.07 -5.6283591582846
3.072 -5.6286050203519
3.074 -5.6288566321121
3.076 -5.6291141553521
3.078 -5.6293777502103
3.08 -5.6296475751818
3.082 -5.6299237871227
3.084 -5.6302065412553
3.086 -5.6304959911724
3.088 -5.6307922888425
3.09 -5.6310955846149
3.092 -5.6314060272246
3.094 -5.6317237637977
3.096 -5.6320489398564
3.098 -5.6323816993243
3.1 -5.6327221845319
3.102 -5.6330705362222
3.104 -5.6334268935557
3.106 -5.6337913941166
3.108 -5.6341641739179
3.11 -5.6345453674073
3.112 -5.6349351074732
3.114 -5.6353335254501
3.116 -5.6357407511246
3.118 -5.6361569127413
3.12 -5.636582137009
3.122 -5.6370165491064
3.124 -5.6374602726883
3.126 -5.6379134298918
3.128 -5.6383761413421
3.13 -5.6388485261592
3.132 -5.6393307019638
3.134 -5.6398227848836
3.136 -5.6403248895599
3.138 -5.6408371291535
3.14 -5.6413596153516
3.142 -5.6418924583738
3.144 -5.6424357669788
3.146 -5.6429896484709
3.148 -5.6435542087064
3.15 -5.6441295521004
3.152 -5.644715781633
3.154 -5.6453129988563
3.156 -5.645921303901
3.158 -5.6465407954828
3.16 -5.6471715709093
3.162 -5.6478137260868
3.164 -5.6484673555269
3.166 -5.6491325523533
3.168 -5.6498094083087
3.17 -5.6504980137613
3.172 -5.6511984577121
3.174 -5.6519108278015
3.176 -5.6526352103159
3.178 -5.6533716901951
3.18 -5.6541203510389
3.182 -5.654881275114
3.184 -5.655654543361
3.186 -5.6564402354015
3.188 -5.6572384295446
3.19 -5.6580492027946
3.192 -5.658872630857
3.194 -5.6597087881465
3.196 -5.6605577477932
3.198 -5.6614195816503
3.2 -5.6622943603004
