freq	dB(S(2,1))
0.00000000000000000E0	-6.02103861243953986E0
5.00501000000000040E6	-6.02206889565392345E0
1.00100200000000017E7	-6.02357266951036419E0
1.50150300000000003E7	-6.02542441189508970E0
2.00200400000000034E7	-6.02761824078057451E0
2.50250500000000020E7	-6.03015791411131374E0
3.00300600000000006E7	-6.03303538542500295E0
3.50350700000000037E7	-6.03624780017410512E0
4.00400800000000068E7	-6.03979244863401554E0
4.50450900000000054E7	-6.04366676774778089E0
5.00501000000000040E7	-6.04786833233177568E0
5.50551100000000027E7	-6.05239483696623637E0
6.00601200000000013E7	-6.05724407207770810E0
6.50651300000000088E7	-6.06241389762743577E0
7.00701400000000074E7	-6.06790221751132197E0
7.50751499999999972E7	-6.07370695646904935E0
8.00801600000000136E7	-6.07982604039889818E0
8.50851699999999944E7	-6.08625738041716602E0
9.00901800000000108E7	-6.09299886044387762E0
9.50951900000000094E7	-6.10004832782094919E0
1.00100200000000017E8	-6.10740358656450066E0
1.05105210000000016E8	-6.11506239266825702E0
1.10110220000000014E8	-6.12302245105518139E0
1.15115230000000013E8	-6.13128141377834002E0
1.20120240000000011E8	-6.13983687915395038E0
1.25125250000000010E8	-6.14868639163349773E0
1.30130260000000009E8	-6.15782744217244726E0
1.35135270000000007E8	-6.16725746896424631E0
1.40140280000000006E8	-6.17697385854077119E0
1.45145290000000005E8	-6.18697394695914404E0
1.50150300000000003E8	-6.19725502120760741E0
1.55155310000000002E8	-6.20781432073248762E0
1.60160320000000023E8	-6.21864903895663979E0
1.65165330000000021E8	-6.22975632495831633E0
1.70170339999999998E8	-6.24113328508529630E0
1.75175350000000019E8	-6.25277698467796128E0
1.80180360000000017E8	-6.26468444975834426E0
1.85185370000000016E8	-6.27685266876744841E0
1.90190380000000014E8	-6.28927859425550206E0
1.95195389999999991E8	-6.30195914462845685E0
2.00200400000000034E8	-6.31489120589492448E0
2.05205410000000033E8	-6.32807163332883693E0
2.10210420000000031E8	-6.34149725324157121E0
2.15215429999999985E8	-6.35516486465558028E0
2.20220440000000028E8	-6.36907124100526900E0
2.25225450000000027E8	-6.38321313183745875E0
2.30230460000000026E8	-6.39758726445854720E0
2.35235470000000024E8	-6.41219034561088463E0
2.40240480000000023E8	-6.42701906310132109E0
2.45245489999999977E8	-6.44207008742242326E0
2.50250500000000020E8	-6.45734007337121696E0
2.55255510000000019E8	-6.47282566160256589E0
2.60260520000000017E8	-6.48852348020218272E0
2.65265529999999972E8	-6.50443014622790550E0
2.70270540000000015E8	-6.52054226721568408E0
2.75275550000000013E8	-6.53685644265784482E0
2.80280560000000012E8	-6.55336926546540965E0
2.85285570000000011E8	-6.57007732339441475E0
2.90290580000000009E8	-6.58697720045873503E0
2.95295590000000008E8	-6.60406547827562118E0
3.00300600000000006E8	-6.62133873742921342E0
3.05305610000000005E8	-6.63879355875504817E0
3.10310620000000004E8	-6.65642652464014972E0
3.15315630000000002E8	-6.67423422023218826E0
3.20320640000000045E8	-6.69221323468181950E0
3.25325650000000044E8	-6.71036016226033727E0
3.30330660000000043E8	-6.72867160357623728E0
3.35335670000000041E8	-6.74714416660016525E0
3.40340679999999995E8	-6.76577446776842972E0
3.45345689999999994E8	-6.78455913301069469E0
3.50350700000000037E8	-6.80349479872218144E0
3.55355710000000036E8	-6.82257811273360559E0
3.60360720000000034E8	-6.84180573523969571E0
3.65365729999999989E8	-6.86117433964257373E0
3.70370740000000032E8	-6.88068061342994675E0
3.75375749999999986E8	-6.90032125897018656E0
3.80380760000000029E8	-6.92009299426542857E0
3.85385770000000027E8	-6.93999255370139512E0
3.90390779999999982E8	-6.96001668873005652E0
3.95395789999999980E8	-6.98016216851384819E0
4.00400800000000068E8	-7.00042578057838583E0
4.05405809999999978E8	-7.02080433134887194E0
4.10410820000000065E8	-7.04129464672326755E0
4.15415830000000064E8	-7.06189357257532713E0
4.20420840000000062E8	-7.08259797521534029E0
4.25425849999999972E8	-7.10340474183927739E0
4.30430859999999971E8	-7.12431078092153225E0
4.35435869999999969E8	-7.14531302256679801E0
4.40440880000000057E8	-7.16640841885883173E0
4.45445889999999967E8	-7.18759394414598063E0
4.50450900000000054E8	-7.20886659529467977E0
4.55455910000000053E8	-7.23022339192342756E0
4.60460920000000051E8	-7.25166137658881471E0
4.65465930000000050E8	-7.27317761494605275E0
4.70470940000000049E8	-7.29476919588553674E0
4.75475950000000047E8	-7.31643323160230263E0
4.80480960000000046E8	-7.33816685768001076E0
4.85485970000000044E8	-7.35996723310588763E0
4.90490979999999954E8	-7.38183154029003852E0
4.95495990000000042E8	-7.40375698500298629E0
5.00501000000000040E8	-7.42574079633591033E0
5.05506009999999950E8	-7.44778022662030281E0
5.10511020000000038E8	-7.46987255125879202E0
5.15516030000000036E8	-7.49201506863492384E0
5.20521040000000035E8	-7.51420509988674379E0
5.25526050000000033E8	-7.53643998872455967E0
5.30531059999999943E8	-7.55871710119238394E0
5.35536070000000031E8	-7.58103382539249893E0
5.40541080000000029E8	-7.60338757122570907E0
5.45546090000000028E8	-7.62577577003550111E0
5.50551100000000027E8	-7.64819587429076986E0
5.55556110000000025E8	-7.67064535721968177E0
5.60561120000000024E8	-7.69312171239786569E0
5.65566129999999934E8	-7.71562245333765873E0
5.70571140000000021E8	-7.73814511305808139E0
5.75576150000000109E8	-7.76068724357672934E0
5.80581160000000018E8	-7.78324641545574814E0
5.85586170000000017E8	-7.80582021725987030E0
5.90591180000000016E8	-7.82840625502067322E0
5.95596190000000014E8	-7.85100215166582416E0
6.00601200000000013E8	-7.87360554642777455E0
6.05606210000000011E8	-7.89621409423786780E0
6.10611220000000010E8	-7.91882546507053142E0
6.15616230000000009E8	-7.94143734331081230E0
6.20621240000000007E8	-7.96404742703694968E0
6.25626250000000006E8	-7.98665342734149242E0
6.30631260000000005E8	-8.00925306757708810E0
6.35636270000000003E8	-8.03184408261525462E0
6.40641280000000091E8	-8.05442421807532405E0
6.45646290000000000E8	-8.07699122951216708E0
6.50651300000000088E8	-8.09954288160600910E0
6.55656309999999998E8	-8.12207694730168583E0
6.60661320000000085E8	-8.14459120696550265E0
6.65666329999999995E8	-8.16708344746514392E0
6.70671340000000082E8	-8.18955146127793121E0
6.75676349999999992E8	-8.21199304554406950E0
6.80681359999999991E8	-8.23440600111836751E0
6.85686369999999989E8	-8.25678813156213742E0
6.90691379999999988E8	-8.27913724216220182E0
6.95696389999999987E8	-8.30145113889286179E0
7.00701400000000074E8	-8.32372762734644311E0
7.05706409999999984E8	-8.34596451169139897E0
7.10711420000000071E8	-8.36815959352937000E0
7.15716429999999981E8	-8.39031067079421433E0
7.20721440000000069E8	-8.41241553659889973E0
7.25726449999999979E8	-8.43447197805600801E0
7.30731459999999977E8	-8.45647777508988163E0
7.35736470000000065E8	-8.47843069918257797E0
7.40741480000000063E8	-8.50032851216290553E0
7.45746490000000062E8	-8.52216896490378417E0
7.50751499999999972E8	-8.54394979603280902E0
7.55756509999999970E8	-8.56566873059951206E0
7.60761520000000058E8	-8.58732347873203494E0
7.65766530000000056E8	-8.60891173424767331E0
7.70771540000000055E8	-8.63043117325083387E0
7.75776549999999965E8	-8.65187945270158387E0
7.80781559999999963E8	-8.67325420894983701E0
7.85786569999999962E8	-8.69455305626215669E0
7.90791579999999961E8	-8.71577358528296031E0
7.95796590000000226E8	-8.73691336152295506E0
8.00801600000000136E8	-8.75796992376074179E0
8.05806609999999957E8	-8.77894078246281140E0
8.10811619999999955E8	-8.79982341814989510E0
8.15816630000000131E8	-8.82061527974510362E0
8.20821640000000130E8	-8.84131378288603820E0
8.25826650000000129E8	-8.86191630822468390E0
8.30831660000000127E8	-8.88242019967333363E0
8.35836670000000126E8	-8.90282276265234529E0
8.40841680000000125E8	-8.92312126228598856E0
8.45846690000000123E8	-8.94331292157213120E0
8.50851699999999944E8	-8.96339491955004064E0
8.55856710000000120E8	-8.98336438939774595E0
8.60861719999999941E8	-9.00321841654480615E0
8.65866730000000118E8	-9.02295403672795793E0
8.70871739999999939E8	-9.04256823403219201E0
8.75876750000000115E8	-9.06205793890517519E0
8.80881760000000114E8	-9.08142002615088373E0
8.85886769999999935E8	-9.10065131288274820E0
8.90891779999999933E8	-9.11974855647259375E0
8.95896790000000109E8	-9.13870845246277952E0
9.00901800000000108E8	-9.15752763245969348E0
9.05906810000000107E8	-9.17620266201371848E0
9.10911820000000105E8	-9.19473003846385240E0
9.15916830000000104E8	-9.21310618877907572E0
9.20921840000000103E8	-9.23132746737674914E0
9.25926850000000101E8	-9.24939015392745034E0
9.30931860000000100E8	-9.26729045114131011E0
9.35936869999999921E8	-9.28502448255048840E0
9.40941880000000097E8	-9.30258829027767753E0
9.45946889999999918E8	-9.31997783279688541E0
9.50951900000000094E8	-9.33718898270226028E0
9.55956909999999915E8	-9.35421752445192034E0
9.60961920000000092E8	-9.37105915213799356E0
9.65966929999999913E8	-9.38770946724721433E0
9.70971940000000089E8	-9.40416397643111601E0
9.75976949999999910E8	-9.42041808928955327E0
9.80981959999999908E8	-9.43646711617458500E0
9.85986969999999907E8	-9.45230626601282253E0
9.90991980000000083E8	-9.46793064414065277E0
9.95996990000000082E8	-9.48333525018363055E0
1.00100200000000017E9	-9.49851497596902661E0
1.00600701000000003E9	-9.51346460346938549E0
1.01101201999999990E9	-9.52817880279724960E0
1.01601702999999999E9	-9.54265213025188608E0
1.02102204000000008E9	-9.55687902642165099E0
1.02602705000000016E9	-9.57085381435822313E0
1.03103206000000003E9	-9.58457069781108828E0
1.03603706999999989E9	-9.59802375955043097E0
1.04104207999999998E9	-9.61120695977852257E0
1.04604709000000007E9	-9.62411413462356791E0
1.05105210000000016E9	-9.63673899476009943E0
1.05605710999999980E9	-9.64907512411901713E0
1.06106211999999989E9	-9.66111597873678818E0
1.06606712999999997E9	-9.67285488573068797E0
1.07107214000000006E9	-9.68428504241601651E0
1.07607714999999993E9	-9.69539951557705848E0
1.08108216000000001E9	-9.70619124090682206E0
1.08608717000000010E9	-9.71665302261106412E0
1.09109217999999997E9	-9.72677753322011185E0
1.09609719000000005E9	-9.73655731356880771E0
1.10110220000000014E9	-9.74598477302065014E0
1.10610720999999979E9	-9.75505218989319722E0
1.11111222000000009E9	-9.76375171213496174E0
1.11611722999999996E9	-9.77207535823997375E0
1.12112224000000005E9	-9.78001501844165944E0
1.12612725000000014E9	-9.78756245617115894E0
1.13113225999999978E9	-9.79470930981418419E0
1.13613727000000009E9	-9.80144709477774612E0
1.14114227999999995E9	-9.80776720586574768E0
1.14614729000000004E9	-9.81366091999827894E0
1.15115230000000013E9	-9.81911939928017397E0
1.15615730999999999E9	-9.82413369442794071E0
1.16116232000000008E9	-9.82869474857085201E0
1.16616732999999995E9	-9.83279340145937297E0
1.17117234000000003E9	-9.83642039405287960E0
1.17617735000000012E9	-9.83956637355317376E0
1.18118235999999999E9	-9.84222189884342136E0
1.18618737000000007E9	-9.84437744639302181E0
1.19119237999999994E9	-9.84602341659901370E0
1.19619739000000003E9	-9.84715014060894944E0
1.20120240000000011E9	-9.84774788760860886E0
1.20620740999999998E9	-9.84780687260649223E0
1.21121242000000007E9	-9.84731726470752378E0
1.21621742999999993E9	-9.84626919588999705E0
1.22122244000000002E9	-9.84465277029060459E0
1.22622744999999989E9	-9.84245807400606054E0
1.23123245999999997E9	-9.83967518541260944E0
1.23623747000000006E9	-9.83629418599639749E0
1.24124247999999993E9	-9.83230517171810980E0
1.24624749000000001E9	-9.82769826488129894E0
1.25125250000000010E9	-9.82246362652232463E0
1.25625750999999997E9	-9.81659146931498761E0
1.26126252000000005E9	-9.81007207096594414E0
1.26626752999999992E9	-9.80289578811185969E0
1.27127254000000001E9	-9.79505307069497633E0
1.27627755000000009E9	-9.78653447680497024E0
1.28128256000000018E9	-9.77733068797158289E0
1.28628757000000005E9	-9.76743252488976665E0
1.29129257999999991E9	-9.75683096355008139E0
1.29629759000000000E9	-9.74551715176191813E0
1.30130260000000009E9	-9.73348242602776814E0
1.30630760999999973E9	-9.72071832875159458E0
1.31131262000000004E9	-9.70721662574423405E0
1.31631762999999991E9	-9.69296932398680688E0
1.32132264000000021E9	-9.67796868962589407E0
1.32632764999999986E9	-9.66220726614992209E0
1.33133265999999995E9	-9.64567789271105269E0
1.33633766999999981E9	-9.62837372254376334E0
1.34134268000000012E9	-9.61028824144145943E0
1.34634768999999999E9	-9.59141528622849648E0
1.35135270000000007E9	-9.57174906319310992E0
1.35635770999999994E9	-9.55128416641613676E0
1.36136272000000003E9	-9.53001559594704695E0
1.36636772999999989E9	-9.50793877577501512E0
1.37137273999999998E9	-9.48504957152820083E0
1.37637775000000007E9	-9.46134430785727965E0
1.38138275999999993E9	-9.43681978543385824E0
1.38638777000000002E9	-9.41147329751516182E0
1.39139277999999988E9	-9.38530264600595032E0
1.39639779000000042E9	-9.35830615697426893E0
1.40140280000000006E9	-9.33048269554557308E0
1.40640780999999992E9	-9.30183168013531159E0
1.41141282000000001E9	-9.27235309595726775E0
1.41641782999999988E9	-9.24204750775038519E0
1.42142284000000019E9	-9.21091607167971027E0
1.42642785000000005E9	-9.17896054635457048E0
1.43143285999999992E9	-9.14618330292541160E0
1.43643786999999978E9	-9.11258733420006806E0
1.44144288000000009E9	-9.07817626275539702E0
1.44644788999999996E9	-9.04295434799154130E0
1.45145290000000005E9	-9.00692649209609719E0
1.45645790999999969E9	-8.97009824490058882E0
1.46146292000000000E9	-8.93247580757444659E0
1.46646792999999986E9	-8.89406603516017924E0
1.47147294000000017E9	-8.85487643791650392E0
1.47647795000000004E9	-8.81491518145032948E0
1.48148296000000013E9	-8.77419108564004802E0
1.48648796999999999E9	-8.73271362233336923E0
1.49149298000000008E9	-8.69049291181562822E0
1.49649798999999994E9	-8.64753971806256594E0
1.50150300000000003E9	-8.60386544277467991E0
1.50650800999999990E9	-8.55948211820390803E0
1.51151301999999998E9	-8.51440239879244665E0
1.51651803000000029E9	-8.46863955164282523E0
1.52152304000000016E9	-8.42220744583276471E0
1.52652805000000003E9	-8.37512054062502109E0
1.53153306000000011E9	-8.32739387256780716E0
1.53653806999999976E9	-8.27904304155174664E0
1.54154308000000007E9	-8.23008419585148054E0
1.54654808999999993E9	-8.18053401617346765E0
1.55155310000000002E9	-8.13040969878344910E0
1.55655810999999988E9	-8.07972893773302658E0
1.56156311999999997E9	-8.02850990625041128E0
1.56656812999999984E9	-7.97677123733150495E0
1.57157313999999992E9	-7.92453200359059728E0
1.57657815000000001E9	-7.87181169642056222E0
1.58158315999999988E9	-7.81863020451853785E0
1.58658816999999974E9	-7.76500779182108491E0
1.59159318000000050E9	-7.71096507491995453E0
1.59659818999999992E9	-7.65652300000783193E0
1.60160320000000023E9	-7.60170281939009129E0
1.60660820999999987E9	-7.54652606765664924E0
1.61161321999999996E9	-7.49101453753961799E0
1.61661822999999982E9	-7.43519025551605761E0
1.62162323999999991E9	-7.37907545721432268E0
1.62662825000000022E9	-7.32269256269034230E0
1.63163326000000031E9	-7.26606415159082442E0
1.63663826999999995E9	-7.20921293829977650E0
1.64164328000000026E9	-7.15216174708585051E0
1.64664828999999990E9	-7.09493348730817885E0
1.65165330000000021E9	-7.03755112873823219E0
1.65665830999999986E9	-6.98003767703277944E0
1.66166332000000017E9	-6.92241614941461503E0
1.66666832999999981E9	-6.86470955058221222E0
1.67167334000000034E9	-6.80694084892575901E0
1.67667835000000021E9	-6.74913295306521999E0
1.68168336000000029E9	-6.69130868873937246E0
1.68668836999999994E9	-6.63349077612617055E0
1.69169338000000025E9	-6.57570180758220779E0
1.69669838999999989E9	-6.51796422586769353E0
1.70170339999999998E9	-6.46030030288084944E0
1.70670840999999984E9	-6.40273211892288163E0
1.71171342000000015E9	-6.34528154254285770E0
1.71671843000000024E9	-6.28797021097464004E0
1.72172343999999988E9	-6.23081951119450395E0
1.72672844999999997E9	-6.17385056163857904E0
1.73173346000000028E9	-6.11708419458908814E0
1.73673847000000015E9	-6.06054093924578208E0
1.74174347999999979E9	-6.00424100552441775E0
1.74674848999999988E9	-5.94820426858952267E0
1.75175350000000019E9	-5.89245025413242995E0
1.75675851000000027E9	-5.83699812441092547E0
1.76176352000000014E9	-5.78186666508960645E0
1.76676852999999978E9	-5.72707427284830750E0
1.77177353999999987E9	-5.67263894381333955E0
1.77677855000000018E9	-5.61857826279120687E0
1.78178355999999982E9	-5.56490939332010637E0
1.78678856999999991E9	-5.51164906856056458E0
1.79179358000000022E9	-5.45881358298426100E0
1.79679858999999986E9	-5.40641878493655437E0
1.80180360000000017E9	-5.35448006998382997E0
1.80680860999999982E9	-5.30301237512325763E0
1.81181362000000012E9	-5.25203017379292980E0
1.81681863000000021E9	-5.20154747171937615E0
1.82182364000000030E9	-5.15157780356320849E0
1.82682864999999994E9	-5.10213423037730873E0
1.83183366000000025E9	-5.05322933783786432E0
1.83683866999999990E9	-5.00487523528214684E0
1.84184368000000021E9	-4.95708355547954760E0
1.84684868999999985E9	-4.90986545516788908E0
1.85185370000000016E9	-4.86323161631154388E0
1.85685870999999980E9	-4.81719224806936896E0
1.86186372000000011E9	-4.77175708944784116E0
1.86686872999999953E9	-4.72693541261746653E0
1.87187373999999984E9	-4.68273602686920487E0
1.87687874999999993E9	-4.63916728318326843E0
1.88188376000000024E9	-4.59623707937976445E0
1.88688876999999988E9	-4.55395286582999592E0
1.89189377999999975E9	-4.51232165169520094E0
1.89689878999999983E9	-4.47135001165035639E0
1.90190380000000014E9	-4.43104409308339076E0
1.90690881000000023E9	-4.39140962372215338E0
1.91191381999999988E9	-4.35245191965199840E0
1.91691883000000018E9	-4.31417589370619226E0
1.92192384000000027E9	-4.27658606417840836E0
1.92692885000000014E9	-4.23968656383414721E0
1.93193385999999978E9	-4.20348114917332616E0
1.93693886999999987E9	-4.16797320993183362E0
1.94194388000000018E9	-4.13316577875238789E0
1.94694889000000027E9	-4.09906154103064146E0
1.95195389999999991E9	-4.06566284486217544E0
1.95695891000000022E9	-4.03297171108675112E0
1.96196391999999986E9	-4.00098984338470753E0
1.96696893000000017E9	-3.96971863838723404E0
1.97197393999999981E9	-3.93915919577460194E0
1.97697894999999990E9	-3.90931232833736075E0
1.98198396000000021E9	-3.88017857195406091E0
1.98698896999999985E9	-3.85175819547372500E0
1.99199398000000016E9	-3.82405121046202101E0
1.99699898999999936E9	-3.79705738079243105E0
2.00200400000000034E9	-3.77077623205308088E0
2.00700900999999998E9	-3.74520706074690679E0
2.01201402000000007E9	-3.72034894325894161E0
2.01701902999999971E9	-3.69620074458022074E0
2.02202403999999980E9	-3.67276112675230504E0
2.02702904999999989E9	-3.65002855703180273E0
2.03203405999999998E9	-3.62800131574110996E0
2.03703906999999962E9	-3.60667750381189922E0
2.04204408000000015E9	-3.58605504998373004E0
2.04704908999999979E9	-3.56613171767015924E0
2.05205410000000033E9	-3.54690511146183862E0
2.05705910999999997E9	-3.52837268327660825E0
2.06206412000000006E9	-3.51053173814042330E0
2.06706912999999970E9	-3.49337943958920194E0
2.07207413999999979E9	-3.47691281470503766E0
2.07707915000000032E9	-3.46112875877002946E0
2.08208415999999996E9	-3.44602403954583414E0
2.08708917000000005E9	-3.43159530117761857E0
2.09209418000000014E9	-3.41783906772547175E0
2.09709918999999978E9	-3.40475174633096600E0
2.10210420000000031E9	-3.39232963002320087E0
2.10710920999999995E9	-3.38056890016553213E0
2.11211421999999960E9	-3.36946562856774889E0
2.11711923000000013E9	-3.35901577925255035E0
2.12212423999999977E9	-3.34921520990684485E0
2.12712924999999986E9	-3.34005967301599194E0
2.13213425999999995E9	-3.33154481670406710E0
2.13713927000000004E9	-3.32366618528810287E0
2.14214428000000012E9	-3.31641921956359331E0
2.14714929000000065E9	-3.30979925684048659E0
2.15215429999999985E9	-3.30380153074010918E0
2.15715930999999994E9	-3.29842117077724595E0
2.16216432000000003E9	-3.29365320173980347E0
2.16716933000000012E9	-3.28949254289122406E0
2.17217434000000020E9	-3.28593400700741967E0
2.17717934999999985E9	-3.28297229927484402E0
2.18218435999999993E9	-3.28060201606428592E0
2.18718937000000002E9	-3.27881764360479089E0
2.19219438000000011E9	-3.27761355657463449E0
2.19719938999999931E9	-3.27698401663177696E0
2.20220440000000028E9	-3.27692317090489782E0
2.20720941000000037E9	-3.27742505046209986E0
2.21221441999999957E9	-3.27848356878177105E0
2.21721943000000010E9	-3.28009252024272424E0
2.22222444000000019E9	-3.28224557865364641E0
2.22722944999999983E9	-3.28493629584327351E0
2.23223445999999992E9	-3.28815810032712363E0
2.23723946999999956E9	-3.29190429607156387E0
2.24224448000000010E9	-3.29616806137244378E0
2.24724948999999974E9	-3.30094244786507796E0
2.25225450000000027E9	-3.30622037968263971E0
2.25725951000000036E9	-3.31199465277796712E0
2.26226451999999956E9	-3.31825793442535577E0
2.26726953000000053E9	-3.32500276291440411E0
2.27227454000000018E9	-3.33222154745034649E0
2.27727955000000026E9	-3.33990656827438137E0
2.28228455999999991E9	-3.34804997701090379E0
2.28728956999999955E9	-3.35664379725830297E0
2.29229458000000008E9	-3.36567992542697381E0
2.29729958999999928E9	-3.37515013183518686E0
2.30230460000000026E9	-3.38504606207080361E0
2.30730961000000034E9	-3.39535923862128541E0
2.31231461999999999E9	-3.40608106278167622E0
2.31731963000000007E9	-3.41720281684011074E0
2.32232464000000016E9	-3.42871566654466076E0
2.32732965000000025E9	-3.44061066385461434E0
2.33233465999999989E9	-3.45287874997375788E0
2.33733967000000042E9	-3.46551075866618374E0
2.34234468000000007E9	-3.47849741985408922E0
2.34734969000000016E9	-3.49182936349033701E0
2.35235470000000024E9	-3.50549712370811406E0
2.35735970999999989E9	-3.51949114323379142E0
2.36236471999999997E9	-3.53380177806637485E0
2.36736972999999962E9	-3.54841930241041670E0
2.37237474000000015E9	-3.56333391385374476E0
2.37737975000000024E9	-3.57853573878630593E0
2.38238475999999988E9	-3.59401483804560939E0
2.38738977000000041E9	-3.60976121277862205E0
2.39239478000000005E9	-3.62576481051215049E0
2.39739979000000014E9	-3.64201553141504331E0
2.40240480000000023E9	-3.65850323474430539E0
2.40740980999999987E9	-3.67521774545751612E0
2.41241481999999996E9	-3.69214886097971640E0
2.41741982999999960E9	-3.70928635811259522E0
2.42242484000000013E9	-3.72662000006546634E0
2.42742985000000022E9	-3.74413954360045542E0
2.43243485999999987E9	-3.76183474627018288E0
2.43743986999999995E9	-3.77969537373622178E0
2.44244488000000004E9	-3.79771120715046173E0
2.44744988999999968E9	-3.81587205058568690E0
2.45245489999999977E9	-3.83416773849607440E0
2.45745990999999986E9	-3.85258814319602738E0
2.46246491999999995E9	-3.87112318233758668E0
2.46746993000000048E9	-3.88976282637225967E0
2.47247494000000012E9	-3.90849710598289279E0
2.47747995000000021E9	-3.92731611946869164E0
2.48248495999999985E9	-3.94621004006519405E0
2.48748996999999950E9	-3.96516912319247883E0
2.49249498000000003E9	-3.98418371360951795E0
2.49749998999999967E9	-4.00324425246254378E0
2.50250500000000020E9	-4.02234128421709336E0
2.50751001000000029E9	-4.04146546345414315E0
2.51251501999999993E9	-4.06060756152425562E0
2.51752003000000091E9	-4.07975847304367623E0
2.52252504000000011E9	-4.09890922222046239E0
2.52753004999999975E9	-4.11805096900135936E0
2.53253505999999984E9	-4.13717501502842566E0
2.53754006999999993E9	-4.15627280939566646E0
2.54254508000000001E9	-4.17533595419405401E0
2.54755008999999966E9	-4.19435620983989033E0
2.55255510000000019E9	-4.21332550017780605E0
2.55756011000000028E9	-4.23223591734883886E0
2.56256512000000036E9	-4.25107972641872323E0
2.56757012999999956E9	-4.26984936976154561E0
2.57257514000000009E9	-4.28853747119186313E0
2.57758015000000018E9	-4.30713683984037221E0
2.58258515999999982E9	-4.32564047377199667E0
2.58759016999999947E9	-4.34404156334081026E0
2.59259518000000000E9	-4.36233349427945072E0
2.59760019000000009E9	-4.38050985052247288E0
2.60260520000000017E9	-4.39856441676262655E0
2.60761020999999982E9	-4.41649118073719826E0
2.61261521999999946E9	-4.43428433524634880E0
2.61762022999999910E9	-4.45193827990685165E0
2.62262524000000008E9	-4.46944762263375583E0
2.62763025000000017E9	-4.48680718086423980E0
2.63263525999999981E9	-4.50401198251435275E0
2.63764026999999990E9	-4.52105726668105135E0
2.64264528000000043E9	-4.53793848408433842E0
2.64765029000000052E9	-4.55465129726166840E0
2.65265529999999972E9	-4.57119158051279673E0
2.65766030999999980E9	-4.58755541960394631E0
2.66266531999999989E9	-4.60373911123241708E0
2.66767032999999953E9	-4.61973916226421188E0
2.67267533999999962E9	-4.63555228873979441E0
2.67768035000000015E9	-4.65117541466701123E0
2.68268536000000024E9	-4.66660567059747589E0
2.68769037000000033E9	-4.68184039199778557E0
2.69269537999999997E9	-4.69687711742396452E0
2.69770039000000006E9	-4.71171358650254035E0
2.70270540000000015E9	-4.72634773772887407E0
2.70771041000000068E9	-4.74077770609057669E0
2.71271541999999988E9	-4.75500182051983078E0
2.71772043000000085E9	-4.76901860118941379E0
2.72272544000000005E9	-4.78282675665358781E0
2.72773045000000014E9	-4.79642518084675995E0
2.73273545999999978E9	-4.80981294994555864E0
2.73774046999999987E9	-4.82298931910366235E0
2.74274547999999996E9	-4.83595371906824489E0
2.74775048999999960E9	-4.84870575268299930E0
2.75275550000000013E9	-4.86124519129058097E0
2.75776051000000066E9	-4.87357197103967188E0
2.76276551999999986E9	-4.88568618910311780E0
2.76777053000000040E9	-4.89758809982029231E0
2.77277554000000004E9	-4.90927811076607057E0
2.77778055000000013E9	-4.92075677875777284E0
2.78278555999999977E9	-4.93202480580414004E0
2.78779056999999941E9	-4.94308303500901491E0
2.79279558000000083E9	-4.95393244643003783E0
2.79780059000000003E9	-4.96457415290707438E0
2.80280560000000012E9	-4.97500939585919788E0
2.80781061000000021E9	-4.98523954106466238E0
2.81281561999999985E9	-4.99526607442366188E0
2.81782062999999994E9	-5.00509059771542120E0
2.82282564000000002E9	-5.01471482435163818E0
2.82783064999999967E9	-5.02414057513460932E0
2.83283565999999976E9	-5.03336977402463326E0
2.83784066999999984E9	-5.04240444392273979E0
2.84284568000000037E9	-5.05124670247138674E0
2.84785069000000046E9	-5.05989875788275167E0
2.85285570000000011E9	-5.06836290479412455E0
2.85786070999999975E9	-5.07664152015848735E0
2.86286571999999984E9	-5.08473705917237062E0
2.86787072999999948E9	-5.09265205124607157E0
2.87287573999999957E9	-5.10038909601901658E0
2.87788075000000054E9	-5.10795085942536886E0
2.88288576000000019E9	-5.11534006981067346E0
2.88789077000000027E9	-5.12255951410454546E0
2.89289577999999992E9	-5.12961203405227373E0
2.89790079000000045E9	-5.13650052250516254E0
2.90290580000000009E9	-5.14322791977646609E0
2.90791081000000018E9	-5.14979721006165647E0
2.91291581999999938E9	-5.15621141792557669E0
2.91792082999999991E9	-5.16247360485862483E0
2.92292584000000000E9	-5.16858686590556449E0
2.92793085000000008E9	-5.17455432636325341E0
2.93293585999999973E9	-5.18037913855505749E0
2.93794086999999982E9	-5.18606447867701181E0
2.94294588000000035E9	-5.19161354372029482E0
2.94795088999999955E9	-5.19702954847051579E0
2.95295590000000008E9	-5.20231572258235886E0
2.95796091000000061E9	-5.20747530773150391E0
2.96296592000000025E9	-5.21251155484506690E0
2.96797093000000034E9	-5.21742772140752997E0
2.97297593999999998E9	-5.22222706884678622E0
2.97798095000000007E9	-5.22691285999633060E0
2.98298596000000016E9	-5.23148835663331901E0
2.98799096999999936E9	-5.23595681709774929E0
2.99299597999999989E9	-5.24032149398483504E0
2.99800098999999909E9	-5.24458563191398941E0
3.00300600000000006E9	-5.24875246537686202E0
3.00801101000000015E9	-5.25282521665539726E0
3.01301601999999979E9	-5.25680709381917666E0
3.01802102999999988E9	-5.26070128879222842E0
3.02302603999999997E9	-5.26451097549617586E0
3.02803105000000006E9	-5.26823930806232532E0
3.03303606000000059E9	-5.27188941911760267E0
3.03804106999999979E9	-5.27546441813786338E0
3.04304608000000032E9	-5.27896738987164404E0
3.04805109000000041E9	-5.28240139283118815E0
3.05305610000000005E9	-5.28576945785145647E0
3.05806110999999969E9	-5.28907458671183406E0
3.06306612000000023E9	-5.29231975082631312E0
3.06807113000000031E9	-5.29550788999334721E0
3.07307613999999951E9	-5.29864191121092531E0
3.07808115000000004E9	-5.30172468754856752E0
3.08308616000000013E9	-5.30475905708374107E0
3.08809116999999933E9	-5.30774782189182304E0
3.09309617999999986E9	-5.31069374709763764E0
3.09810119000000039E9	-5.31359955997872291E0
3.10310620000000004E9	-5.31646794912610332E0
3.10811121000000012E9	-5.31930156365722162E0
3.11311621999999977E9	-5.32210301248066386E0
3.11812123000000074E9	-5.32487486361224427E0
3.12312623999999994E9	-5.32761964354024187E0
3.12813125000000003E9	-5.33033983663923827E0
3.13313625999999967E9	-5.33303788462980410E0
3.13814126999999976E9	-5.33571618608623766E0
3.14314627999999985E9	-5.33837709598637655E0
3.14815129000000038E9	-5.34102292530691791E0
3.15315630000000002E9	-5.34365594065808125E0
3.15816130999999967E9	-5.34627836396284994E0
3.16316631999999975E9	-5.34889237217268754E0
3.16817133000000029E9	-5.35150009702425411E0
3.17317633999999948E9	-5.35410362483235147E0
3.17818135000000002E9	-5.35670499631887598E0
3.18318636000000099E9	-5.35930620647763778E0
3.18819136999999930E9	-5.36190920447473296E0
3.19319637999999983E9	-5.36451589357865899E0
3.19820138999999992E9	-5.36712813112565534E0
3.20320640000000045E9	-5.36974772851374205E0
3.20821140999999965E9	-5.37237645122855767E0
3.21321641999999974E9	-5.37501601889642622E0
3.21822143000000072E9	-5.37766810536679252E0
3.22322643999999991E9	-5.38033433882051071E0
3.22823145000000000E9	-5.38301630190507918E0
3.23323645999999965E9	-5.38571553189476404E0
3.23824146999999973E9	-5.38843352087394223E0
3.24324647999999982E9	-5.39117171594550637E0
3.24825148999999991E9	-5.39393151946003968E0
3.25325650000000044E9	-5.39671428926770691E0
3.25826151000000053E9	-5.39952133899018438E0
3.26326652000000061E9	-5.40235393831259980E0
3.26827153000000070E9	-5.40521331329455013E0
3.27327653999999990E9	-5.40810064669992574E0
3.27828154999999999E9	-5.41101707834340839E0
3.28328656000000052E9	-5.41396370545420602E0
3.28829156999999972E9	-5.41694158305562823E0
3.29329657999999981E9	-5.41995172436039674E0
3.29830158999999989E9	-5.42299510117951389E0
3.30330660000000043E9	-5.42607264434601522E0
3.30831160999999963E9	-5.42918524415149228E0
3.31331661999999971E9	-5.43233375079518499E0
3.31832162999999980E9	-5.43551897484450119E0
3.32332664000000033E9	-5.43874168770851973E0
3.32833164999999997E9	-5.44200262211897989E0
3.33333665999999962E9	-5.44530247262429246E0
3.33834167000000059E9	-5.44864189609130101E0
3.34334668000000068E9	-5.45202151221682740E0
3.34835169000000032E9	-5.45544190404629337E0
3.35335670000000041E9	-5.45890361850141748E0
3.35836170999999961E9	-5.46240716691417472E0
3.36336672000000059E9	-5.46595302556764828E0
3.36837172999999979E9	-5.46954163624252399E0
3.37337673999999987E9	-5.47317340677076469E0
3.37838174999999996E9	-5.47684871159240583E0
3.38338676000000049E9	-5.48056789231850505E0
3.38839177000000058E9	-5.48433125829746082E0
3.39339677999999978E9	-5.48813908718541299E0
3.39840178999999987E9	-5.49199162551965614E0
3.40340679999999995E9	-5.49588908929571218E0
3.40841180999999960E9	-5.49983166454544126E0
3.41341681999999969E9	-5.50381950791856500E0
3.41842182999999888E9	-5.50785274726508955E0
3.42342684000000030E9	-5.51193148221898266E0
3.42843184999999995E9	-5.51605578478265279E0
3.43343686000000048E9	-5.52022569991299861E0
3.43844187000000057E9	-5.52444124610542620E0
3.44344687999999977E9	-5.52870241597991807E0
3.44845188999999985E9	-5.53300917686552207E0
3.45345689999999994E9	-5.53736147138333390E0
3.45846190999999958E9	-5.54175921802953031E0
3.46346692000000056E9	-5.54620231175669698E0
3.46847192999999976E9	-5.55069062455226003E0
3.47347694000000029E9	-5.55522400601604094E0
3.47848194999999993E9	-5.55980228393508913E0
3.48348695999999958E9	-5.56442526485603750E0
3.48849197000000055E9	-5.56909273465357035E0
3.49349697999999975E9	-5.57380445909741695E0
3.49850198999999984E9	-5.57856018441461377E0
3.50350700000000037E9	-5.58335963784905509E0
3.50851200999999957E9	-5.58820252821650776E0
3.51351702000000055E9	-5.59308854645561837E0
3.51852203000000063E9	-5.59801736617546730E0
3.52352704000000028E9	-5.60298864419802722E0
3.52853204999999992E9	-5.60800202109553947E0
3.53353705999999956E9	-5.61305712172422222E0
3.53854207000000054E9	-5.61815355575185382E0
3.54354707999999974E9	-5.62329091818064519E0
3.54855208999999983E9	-5.62846878986532406E0
3.55355710000000036E9	-5.63368673802422926E0
3.55856211000000044E9	-5.63894431674663998E0
3.56356711999999964E9	-5.64424106749288779E0
3.56857212999999973E9	-5.64957651958895823E0
3.57357713999999982E9	-5.65495019071549621E0
3.57858214999999991E9	-5.66036158739047757E0
3.58358716000000044E9	-5.66581020544498948E0
3.58859217000000053E9	-5.67129553049339918E0
3.59359717999999972E9	-5.67681703839686413E0
3.59860219000000026E9	-5.68237419572048452E0
3.60360720000000034E9	-5.68796646018262742E0
3.60861220999999954E9	-5.69359328109959506E0
3.61361721999999963E9	-5.69925409982226228E0
3.61862222999999972E9	-5.70494835016473800E0
3.62362724000000025E9	-5.71067545882896432E0
3.62863224999999989E9	-5.71643484581989725E0
3.63363726000000042E9	-5.72222592485459458E0
3.63864227000000096E9	-5.72804810376420015E0
3.64364728000000060E9	-5.73390078488863342E0
3.64865228999999980E9	-5.73978336546440282E0
3.65365729999999989E9	-5.74569523800487758E0
3.65866231000000131E9	-5.75163579067368147E0
3.66366732000000050E9	-5.75760440765072978E0
3.66867232999999970E9	-5.76360046949079141E0
3.67367733999999979E9	-5.76962335347541266E0
3.67868235000000032E9	-5.77567243395631458E0
3.68368736000000041E9	-5.78174708269321691E0
3.68869236999999961E9	-5.78784666918309121E0
3.69369737999999970E9	-5.79397056098250207E0
3.69870238999999978E9	-5.80011812402258542E0
3.70370740000000032E9	-5.80628872291666731E0
3.70871240999999952E9	-5.81248172126165663E0
3.71371741999999960E9	-5.81869648193026112E0
3.71872242999999880E9	-5.82493236735721531E0
3.72372744000000022E9	-5.83118873981869434E0
3.72873245000000031E9	-5.83746496170315865E0
3.73373745999999906E9	-5.84376039577601514E0
3.73874247000000048E9	-5.85007440543719337E0
3.74374747999999968E9	-5.85640635497034623E0
3.74875248999999977E9	-5.86275560978696042E0
3.75375749999999986E9	-5.86912153666148129E0
3.75876251000000039E9	-5.87550350396039178E0
3.76376752000000048E9	-5.88190088186460880E0
3.76877252999999968E9	-5.88831304258349952E0
3.77377753999999976E9	-5.89473936056363090E0
3.77878254999999985E9	-5.90117921268960366E0
3.78378755999999949E9	-5.90763197847779509E0
3.78879257000000047E9	-5.91409704026503569E0
3.79379757999999967E9	-5.92057378338786666E0
3.79880258999999887E9	-5.92706159635705809E0
3.80380760000000029E9	-5.93355987102517890E0
3.80881261000000126E9	-5.94006800274648494E0
3.81381762000000046E9	-5.94658539053134660E0
3.81882262999999966E9	-5.95311143719353808E0
3.82382763999999975E9	-5.95964554949110337E0
3.82883265000000028E9	-5.96618713826051561E0
3.83383766000000037E9	-5.97273561854534396E0
3.83884267000000046E9	-5.97929040971712400E0
3.84384768000000054E9	-5.98585093559096837E0
3.84885268999999974E9	-5.99241662453430379E0
3.85385770000000027E9	-5.99898690957032077E0
3.85886270999999947E9	-6.00556122847323604E0
3.86386771999999956E9	-6.01213902385963816E0
3.86887272999999965E9	-6.01871974327210957E0
3.87387773999999974E9	-6.02530283925760912E0
3.87888274999999982E9	-6.03188776943953098E0
3.88388776000000036E9	-6.03847399658359318E0
3.88889277000000089E9	-6.04506098865814145E0
3.89389778000000053E9	-6.05164821888806603E0
3.89890279000000017E9	-6.05823516580353161E0
3.90390779999999982E9	-6.06482131328164797E0
3.90891281000000035E9	-6.07140615058380639E0
3.91391782000000044E9	-6.07798917238639014E0
3.91892282999999964E9	-6.08456987880566125E0
3.92392783999999972E9	-6.09114777541670271E0
3.92893284999999981E9	-6.09772237326842603E0
3.93393786000000034E9	-6.10429318889022188E0
3.93894287000000043E9	-6.11085974429509271E0
3.94394787999999963E9	-6.11742156697634698E0
3.94895288999999972E9	-6.12397818989902643E0
3.95395789999999980E9	-6.13052915148533550E0
3.95896291000000122E9	-6.13707399559491140E0
3.96396792000000042E9	-6.14361227149978095E0
3.96897292999999873E9	-6.15014353385334633E0
3.97397793999999971E9	-6.15666734265472915E0
3.97898295000000113E9	-6.16318326320620447E0
3.98398796000000033E9	-6.16969086606693029E0
3.98899297000000042E9	-6.17618972700063118E0
3.99399797999999873E9	-6.18267942691745542E0
3.99900299000000015E9	-6.18915955181058219E0
4.00400800000000068E9	-6.19562969268882036E0
4.00901300999999943E9	-6.20208944550145880E0
4.01401801999999996E9	-6.20853841106043625E0
4.01902302999999961E9	-6.21497619495520937E0
4.02402804000000014E9	-6.22140240746313289E0
4.02903304999999978E9	-6.22781666345484552E0
4.03403805999999943E9	-6.23421858229355408E0
4.03904307000000085E9	-6.24060778773037228E0
4.04404807999999960E9	-6.24698390779254353E0
4.04905308999999924E9	-6.25334657466845556E0
4.05405809999999978E9	-6.25969542458575745E0
4.05906311000000120E9	-6.26603009768540087E0
4.06406811999999995E9	-6.27235023788993562E0
4.06907312999999959E9	-6.27865549276632162E0
4.07407813999999924E9	-6.28494551338452112E0
4.07908315000000066E9	-6.29121995416970847E0
4.08408816000000030E9	-6.29747847275032324E0
4.08909316999999994E9	-6.30372072980017784E0
4.09409817999999959E9	-6.30994638887596970E0
4.09910318999999923E9	-6.31615511624906389E0
4.10410820000000065E9	-6.32234658073289957E0
4.10911321000000029E9	-6.32852045350452563E0
4.11411821999999994E9	-6.33467640792123809E0
4.11912322999999869E9	-6.34081411933278272E0
4.12412824000000011E9	-6.34693326488698784E0
4.12913325000000064E9	-6.35303352333205673E0
4.13413825999999940E9	-6.35911457481257436E0
4.13914327000000082E9	-6.36517610066089556E0
4.14414827999999957E9	-6.37121778318365717E0
4.14915329000000010E9	-6.37723930544350637E0
4.15415830000000064E9	-6.38324035103456211E0
4.15916331000000028E9	-6.38922060385558321E0
4.16416831999999992E9	-6.39517974787530541E0
4.16917332999999957E9	-6.40111746689505168E0
4.17417834000000010E9	-6.40703344430593624E0
4.17918335000000063E9	-6.41292736284074483E0
4.18418836000000027E9	-6.41879890432209699E0
4.18919336999999992E9	-6.42464774940589489E0
4.19419837999999956E9	-6.43047357731882396E0
4.19920338999999920E9	-6.43627606559399634E0
4.20420840000000062E9	-6.44205488979943830E0
4.20921341000000027E9	-6.44780972326446999E0
4.21421841999999991E9	-6.45354023680023836E0
4.21922343000000044E9	-6.45924609841763520E0
4.22422843999999920E9	-6.46492697303988351E0
4.22923345000000062E9	-6.47058252221197616E0
4.23423846000000026E9	-6.47621240380639840E0
4.23924346999999990E9	-6.48181627172521324E0
4.24424847999999955E9	-6.48739377559816432E0
4.24925349000000097E9	-6.49294456047784330E0
4.25425849999999972E9	-6.49846826653222021E0
4.25926350999999936E9	-6.50396452873349684E0
4.26426851999999990E9	-6.50943297654413389E0
4.26927352999999954E9	-6.51487323360079351E0
4.27427854000000007E9	-6.52028491739641147E0
4.27928355000000060E9	-6.52566763895814184E0
4.28428856000000025E9	-6.53102100252582218E0
4.28929356999999989E9	-6.53634460522769878E0
4.29429858000000131E9	-6.54163803675460009E0
4.29930359000000095E9	-6.54690087903324258E0
4.30430859999999971E9	-6.55213270589943342E0
4.30931361000000024E9	-6.55733308277025717E0
4.31431861999999988E9	-6.56250156631579262E0
4.31932363000000130E9	-6.56763770413242831E0
4.32432864000000006E9	-6.57274103441550661E0
4.32933365000000059E9	-6.57781108563358252E0
4.33433866000000023E9	-6.58284737620516047E0
4.33934366999999988E9	-6.58784941417529435E0
4.34434868000000041E9	-6.59281669689618344E0
4.34935368999999916E9	-6.59774871071081126E0
4.35435869999999969E9	-6.60264493063855173E0
4.35936370999999934E9	-6.60750482006669770E0
4.36436871999999987E9	-6.61232783044444794E0
4.36937372999999951E9	-6.61711340098385037E0
4.37437874000000004E9	-6.62186095836529098E0
4.37938375000000057E9	-6.62656991644945670E0
4.38438876000000022E9	-6.63123967599752184E0
4.38939376999999986E9	-6.63586962439708827E0
4.39439877999999862E9	-6.64045913539786881E0
4.39940379000000004E9	-6.64500756885748167E0
4.40440880000000057E9	-6.64951427049418164E0
4.40941380999999932E9	-6.65397857165403828E0
4.41441882000000074E9	-6.65839978908708652E0
4.41942383000000127E9	-6.66277722473718015E0
4.42442883999999914E9	-6.66711016554534375E0
4.42943384999999967E9	-6.67139788326731065E0
4.43443886000000020E9	-6.67563963430527263E0
4.43944386999999985E9	-6.67983465955866507E0
4.44444888000000038E9	-6.68398218428965496E0
4.44945388999999913E9	-6.68808141800815292E0
4.45445889999999967E9	-6.69213155437713247E0
4.45946391000000109E9	-6.69613177113690750E0
4.46446891999999984E9	-6.70008123005317557E0
4.46947393000000037E9	-6.70397907688686701E0
4.47447893999999913E9	-6.70782444138836009E0
4.47948395000000055E9	-6.71161643731842528E0
4.48448896000000019E9	-6.71535416249430561E0
4.48949396999999983E9	-6.71903669886554145E0
4.49449897999999948E9	-6.72266311261887495E0
4.49950399000000001E9	-6.72623245431345040E0
4.50450900000000054E9	-6.72974375904981414E0
4.50951400999999930E9	-6.73319604667123617E0
4.51451902000000072E9	-6.73658832200210078E0
4.51952402999999858E9	-6.73991957512135365E0
4.52452903999999911E9	-6.74318878167652258E0
4.52953405000000053E9	-6.74639490323529412E0
4.53453906000000107E9	-6.74953688768113835E0
4.53954406999999982E9	-6.75261366965060805E0
4.54454908000000035E9	-6.75562417101630874E0
4.54955408999999911E9	-6.75856730141581430E0
4.55455910000000053E9	-6.76144195883023791E0
4.55956411000000017E9	-6.76424703021118034E0
4.56456911999999981E9	-6.76698139216061634E0
4.56957412999999946E9	-6.76964391166410628E0
4.57457913999999910E9	-6.77223344687935747E0
4.57958415000000052E9	-6.77474884798139421E0
4.58458916000000016E9	-6.77718895806840660E0
4.58959416999999981E9	-6.77955261412609733E0
4.59459917999999856E9	-6.78183864805657954E0
4.59960418999999998E9	-6.78404588777163120E0
4.60460920000000051E9	-6.78617315835121548E0
4.60961420999999927E9	-6.78821928327196034E0
4.61461922000000069E9	-6.79018308570522056E0
4.61962422999999944E9	-6.79206338988725289E0
4.62462923999999997E9	-6.79385902256391727E0
4.62963425000000051E9	-6.79556881451222949E0
4.63463926000000015E9	-6.79719160213820039E0
4.63964426999999979E9	-6.79872622915755542E0
4.64464928000000032E9	-6.80017154835685922E0
4.64965428999999997E9	-6.80152642343958469E0
4.65465930000000050E9	-6.80278973095940209E0
4.65966431000000014E9	-6.80396036234055046E0
4.66466931999999979E9	-6.80503722599156724E0
4.66967432999999943E9	-6.80601924950981640E0
4.67467934000000085E9	-6.80690538198317352E0
4.67968434999999960E9	-6.80769459638904362E0
4.68468936000000014E9	-6.80838589209416334E0
4.68969436999999978E9	-6.80897829745725502E0
4.69469938000000031E9	-6.80947087253754724E0
4.69970438999999995E9	-6.80986271191306436E0
4.70470940000000049E9	-6.81015294760901480E0
4.70971440999999924E9	-6.81034075214274992E0
4.71471941999999977E9	-6.81042534168604075E0
4.71972443000000030E9	-6.81040597935069236E0
4.72472943999999995E9	-6.81028197859919970E0
4.72973444999999959E9	-6.81005270678723207E0
4.73473945999999923E9	-6.80971758883920053E0
4.73974447000000065E9	-6.80927611106610176E0
4.74474948000000030E9	-6.80872782512741459E0
4.74975448999999994E9	-6.80807235214574291E0
4.75475950000000047E9	-6.80730938697911458E0
4.75976451000000012E9	-6.80643870265866902E0
4.76476951999999976E9	-6.80546015500075718E0
4.76977452999999940E9	-6.80437368740086512E0
4.77477954000000082E9	-6.80317933581970280E0
4.77978454999999958E9	-6.80187723397270894E0
4.78478956000000011E9	-6.80046761873390171E0
4.78979456999999975E9	-6.79895083576960957E0
4.79479958000000028E9	-6.79732734541338779E0
4.79980458999999993E9	-6.79559772880206481E0
4.80480960000000046E9	-6.79376269428953705E0
4.80981460999999921E9	-6.79182308415780334E0
4.81481961999999974E9	-6.78977988165072599E0
4.81982463000000028E9	-6.78763421835231551E0
4.82482963999999992E9	-6.78538738194077951E0
4.82983464999999956E9	-6.78304082434708633E0
4.83483965999999921E9	-6.78059617035531215E0
4.83984467000000063E9	-6.77805522668165139E0
4.84484968000000027E9	-6.77541999157754837E0
4.84985468999999902E9	-6.77269266500438505E0
4.85485970000000044E9	-6.76987565943377945E0
4.85986471000000009E9	-6.76697161133522940E0
4.86486971999999973E9	-6.76398339341807997E0
4.86987472999999937E9	-6.76091412770342259E0
4.87487973999999991E9	-6.75776719951178073E0
4.87988474999999955E9	-6.75454627246021211E0
4.88488976000000008E9	-6.75125530457609280E0
4.88989477000000061E9	-6.74789856564733359E0
4.89489977999999937E9	-6.74448065594124646E0
4.89990478999999901E9	-6.74100652644375842E0
4.90490979999999954E9	-6.73748150078811747E0
4.90991481000000007E9	-6.73391129906196451E0
4.91491981999999972E9	-6.73030206370761963E0
4.91992483000000025E9	-6.72666038775659025E0
4.92492983999999989E9	-6.72299334567047246E0
4.92993484999999954E9	-6.71930852709565407E0
4.93493986000000096E9	-6.71561407388044884E0
4.93994487000000060E9	-6.71191872074568252E0
4.94494988000000024E9	-6.70823184005903528E0
4.94995488999999900E9	-6.70456349121653972E0
4.95495990000000042E9	-6.70092447520811341E0
4.95996491000000095E9	-6.69732639502441085E0
4.96496991999999970E9	-6.69378172264818883E0
4.96997492999999935E9	-6.69030387348787947E0
4.97497993999999899E9	-6.68690728922329569E0
4.97998495000000041E9	-6.68360753018363951E0
4.98498996000000005E9	-6.68042137853239382E0
4.98999497000000147E9	-6.67736695373133138E0
4.99499997999999934E9	-6.67446384196746578E0
5.00000000000000000E9	-6.67173587052340977E0