freq	phase(S(2,1))
0.00000000000000000E0	0.00000000000000000E0
5.00501000000000040E6	-4.84034662880714261E-1
1.00100200000000017E7	-9.30374363922426895E-1
1.50150300000000003E7	-1.38619955872273382E0
2.00200400000000034E7	-1.84147033052899878E0
2.50250500000000020E7	-2.29610439766837526E0
3.00300600000000006E7	-2.74952142068055627E0
3.50350700000000037E7	-3.20184675502999516E0
4.00400800000000068E7	-3.65316117606558644E0
4.50450900000000054E7	-4.10351807054969964E0
5.00501000000000040E7	-4.55295274080951629E0
5.50551100000000027E7	-5.00148785624306402E0
6.00601200000000013E7	-5.44913687237852695E0
6.50651300000000088E7	-5.89590628384407811E0
7.00701400000000074E7	-6.34179719778486639E0
7.50751499999999972E7	-6.78680647477213483E0
8.00801600000000136E7	-7.23092758180742745E0
8.50851699999999944E7	-7.67415125354059935E0
9.00901800000000108E7	-8.11646601422326697E0
9.50951900000000094E7	-8.55785859246777925E0
1.00100200000000017E8	-8.99831426072745089E0
1.05105210000000016E8	-9.43781711159200754E0
1.10110220000000014E8	-9.87635028667506276E0
1.15115230000000013E8	-1.03138961667278828E1
1.20120240000000011E8	-1.07504365297922111E1
1.25125250000000010E8	-1.11859526857022251E1
1.30130260000000009E8	-1.16204255886519880E1
1.35135270000000007E8	-1.20538359322454847E1
1.40140280000000006E8	-1.24861642339732737E1
1.45145290000000005E8	-1.29173909034629575E1
1.50150300000000003E8	-1.33474963039093875E1
1.55155310000000002E8	-1.37764608058182714E1
1.60160320000000023E8	-1.42042648309949060E1
1.65165330000000021E8	-1.46308888943960369E1
1.70170339999999998E8	-1.50563136375145978E1
1.75175350000000019E8	-1.54805198602673189E1
1.80180360000000017E8	-1.59034885475132226E1
1.85185370000000016E8	-1.63252008935034243E1
1.90190380000000014E8	-1.67456383220481264E1
1.95195389999999991E8	-1.71647825056981884E1
2.00200400000000034E8	-1.75826153828336906E1
2.05205410000000033E8	-1.79991191706313525E1
2.10210420000000031E8	-1.84142763793722675E1
2.15215429999999985E8	-1.88280698228349452E1
2.20220440000000028E8	-1.92404826282940355E1
2.25225450000000027E8	-1.96514982454740017E1
2.30230460000000026E8	-2.00611004533882298E1
2.35235470000000024E8	-2.04692733672321259E1
2.40240480000000023E8	-2.08760014434999963E1
2.45245489999999977E8	-2.12812694845245076E1
2.50250500000000020E8	-2.16850626425052262E1
2.55255510000000019E8	-2.20873664218554300E1
2.60260520000000017E8	-2.24881666817266002E1
2.65265529999999972E8	-2.28874496376872383E1
2.70270540000000015E8	-2.32852018625668755E1
2.75275550000000013E8	-2.36814102866764253E1
2.80280560000000012E8	-2.40760621977643297E1
2.85285570000000011E8	-2.44691452402617404E1
2.90290580000000009E8	-2.48606474143618383E1
2.95295590000000008E8	-2.52505570739774798E1
3.00300600000000006E8	-2.56388629251753164E1
3.05305610000000005E8	-2.60255540233491267E1
3.10310620000000004E8	-2.64106197709036605E1
3.15315630000000002E8	-2.67940499135747023E1
3.20320640000000045E8	-2.71758345375738619E1
3.25325650000000044E8	-2.75559640649232040E1
3.30330660000000043E8	-2.79344292507162040E1
3.35335670000000041E8	-2.83112211775355238E1
3.40340679999999995E8	-2.86863312515158286E1
3.45345689999999994E8	-2.90597511975070777E1
3.50350700000000037E8	-2.94314730537265268E1
3.55355710000000036E8	-2.98014891667634663E1
3.60360720000000034E8	-3.01697921862962559E1
3.65365729999999989E8	-3.05363750589272209E1
3.70370740000000032E8	-3.09012310229335485E1
3.75375749999999986E8	-3.12643536021797352E1
3.80380760000000029E8	-3.16257365998299012E1
3.85385770000000027E8	-3.19853740924255536E1
3.90390779999999982E8	-3.23432604234184051E1
3.95395789999999980E8	-3.26993901965899791E1
4.00400800000000068E8	-3.30537582699868082E1
4.05405809999999978E8	-3.34063597486994457E1
4.10410820000000065E8	-3.37571899785575491E1
4.15415830000000064E8	-3.41062445392975189E1
4.20420840000000062E8	-3.44535192375990240E1
4.25425849999999972E8	-3.47990101003919161E1
4.30430859999999971E8	-3.51427133678331050E1
4.35435869999999969E8	-3.54846254862070953E1
4.40440880000000057E8	-3.58247431011766437E1
4.45445889999999967E8	-3.61630630506683914E1
4.50450900000000054E8	-3.64995823577624501E1
4.55455910000000053E8	-3.68342982237674832E1
4.60460920000000051E8	-3.71672080210916533E1
4.65465930000000050E8	-3.74983092862414935E1
4.70470940000000049E8	-3.78275997129002217E1
4.75475950000000047E8	-3.81550771446352721E1
4.80480960000000046E8	-3.84807395681696907E1
4.85485970000000044E8	-3.88045851062176883E1
4.90490979999999954E8	-3.91266120107716597E1
4.95495990000000042E8	-3.94468186558619482E1
5.00501000000000040E8	-3.97652035309114771E1
5.05506009999999950E8	-4.00817652340216224E1
5.10511020000000038E8	-4.03965024646861792E1
5.15516030000000036E8	-4.07094140176674735E1
5.20521040000000035E8	-4.10204987758262973E1
5.25526050000000033E8	-4.13297557037324292E1
5.30531059999999943E8	-4.16371838410601125E1
5.35536070000000031E8	-4.19427822959386809E1
5.40541080000000029E8	-4.22465502387980330E1
5.45546090000000028E8	-4.25484868955948592E1
5.50551100000000027E8	-4.28485915417525298E1
5.55556110000000025E8	-4.31468634959330366E1
5.60561120000000024E8	-4.34433021137051956E1
5.65566129999999934E8	-4.37379067815446998E1
5.70571140000000021E8	-4.40306769109544138E1
5.75576150000000109E8	-4.43216119321806179E1
5.80581160000000018E8	-4.46107112887306290E1
5.85586170000000017E8	-4.48979744314022966E1
5.90591180000000016E8	-4.51834007671125271E1
5.95596190000000014E8	-4.54669898354640356E1
6.00601200000000013E8	-4.57487410299648101E1
6.05606210000000011E8	-4.60286537748682001E1
6.10611220000000010E8	-4.63067274741559398E1
6.15616230000000009E8	-4.65829615065601477E1
6.20621240000000007E8	-4.68573552201550658E1
6.25626250000000006E8	-4.71299079275715016E1
6.30631260000000005E8	-4.74006189008642398E1
6.35636270000000003E8	-4.76694873667912500E1
6.40641280000000091E8	-4.79365125021276128E1
6.45646290000000000E8	-4.82016934289545151E1
6.50651300000000088E8	-4.84650292102229940E1
6.55656309999999998E8	-4.87265188452439535E1
6.60661320000000085E8	-4.89861612655862366E1
6.65666329999999995E8	-4.92439553306693867E1
6.70671340000000082E8	-4.94998998238783550E1
6.75676349999999992E8	-4.97539934485387114E1
6.80681359999999991E8	-5.00062348241919263E1
6.85686369999999989E8	-5.02566224826978125E1
6.90691379999999988E8	-5.05051548648606374E1
6.95696389999999987E8	-5.07518303169282081E1
7.00701400000000074E8	-5.09966470871554289E1
7.05706409999999984E8	-5.12396033228980752E1
7.10711420000000071E8	-5.14806970672655506E1
7.15716429999999981E8	-5.17199262564060014E1
7.20721440000000069E8	-5.19572887167349595E1
7.25726449999999979E8	-5.21927821623007837E1
7.30731459999999977E8	-5.24264041924093149E1
7.35736470000000065E8	-5.26581522891394194E1
7.40741480000000063E8	-5.28880238154803806E1
7.45746490000000062E8	-5.31160160131793013E1
7.50751499999999972E8	-5.33421260010423648E1
7.55756509999999970E8	-5.35663507732786570E1
7.60761520000000058E8	-5.37886871981474712E1
7.65766530000000056E8	-5.40091320166513889E1
7.70771540000000055E8	-5.42276818415335704E1
7.75776549999999965E8	-5.44443331564408872E1
7.80781559999999963E8	-5.46590823152773098E1
7.85786569999999962E8	-5.48719255418722263E1
7.90791579999999961E8	-5.50828589296599880E1
7.95796590000000226E8	-5.52918784419136156E1
8.00801600000000136E8	-5.54989799118708049E1
8.05806609999999957E8	-5.57041590433870493E1
8.10811619999999955E8	-5.59074114116946141E1
8.15816630000000131E8	-5.61087324644885133E1
8.20821640000000130E8	-5.63081175232547082E1
8.25826650000000129E8	-5.65055617849705172E1
8.30831660000000127E8	-5.67010603239677913E1
8.35836670000000126E8	-5.68946080942740551E1
8.40841680000000125E8	-5.70861999321413549E1
8.45846690000000123E8	-5.72758305589355210E1
8.50851699999999944E8	-5.74634945845015732E1
8.55856710000000120E8	-5.76491865106733137E1
8.60861719999999941E8	-5.78329007353699431E1
8.65866730000000118E8	-5.80146315569494142E1
8.70871739999999939E8	-5.81943731790108476E1
8.75876750000000115E8	-5.83721197156120919E1
8.80881760000000114E8	-5.85478651969711983E1
8.85886769999999935E8	-5.87216035755045418E1
8.90891779999999933E8	-5.88933287324768884E1
8.95896790000000109E8	-5.90630344850285738E1
9.00901800000000108E8	-5.92307145937523050E1
9.05906810000000107E8	-5.93963627708203123E1
9.10911820000000105E8	-5.95599726885743941E1
9.15916830000000104E8	-5.97215379887527931E1
9.20921840000000103E8	-5.98810522922752408E1
9.25926850000000101E8	-6.00385092096249284E1
9.30931860000000100E8	-6.01939023518312855E1
9.35936869999999921E8	-6.03472253421396854E1
9.40941880000000097E8	-6.04984718283119349E1
9.45946889999999918E8	-6.06476354956131836E1
9.50951900000000094E8	-6.07947100805616003E1
9.55956909999999915E8	-6.09396893853063837E1
9.60961920000000092E8	-6.10825672928637076E1
9.65966929999999913E8	-6.12233377830707148E1
9.70971940000000089E8	-6.13619949493373262E1
9.75976949999999910E8	-6.14985330162440036E1
9.80981959999999908E8	-6.16329463579748449E1
9.85986969999999907E8	-6.17652295176452526E1
9.90991980000000083E8	-6.18953772274434044E1
9.95996990000000082E8	-6.20233844297661641E1
1.00100200000000017E9	-6.21492462992727646E1
1.00600701000000003E9	-6.22729582658687431E1
1.01101201999999990E9	-6.23945160386896269E1
1.01601702999999999E9	-6.25139156310798239E1
1.02102204000000008E9	-6.26311533865944625E1
1.02602705000000016E9	-6.27462260060523214E1
1.03103206000000003E9	-6.28591305756193641E1
1.03603706999999989E9	-6.29698645959825676E1
1.04104207999999998E9	-6.30784260126346119E1
1.04604709000000007E9	-6.31848132472038948E1
1.05105210000000016E9	-6.32890252299837464E1
1.05605710999999980E9	-6.33910614335205214E1
1.06106211999999989E9	-6.34909219073692199E1
1.06606712999999997E9	-6.35886073139946983E1
1.07107214000000006E9	-6.36841189658078655E1
1.07607714999999993E9	-6.37774588633495476E1
1.08108216000000001E9	-6.38686297346415355E1
1.08608717000000010E9	-6.39576350756449497E1
1.09109217999999997E9	-6.40444791919055056E1
1.09609719000000005E9	-6.41291672412429925E1
1.10110220000000014E9	-6.42117052776305552E1
1.10610720999999979E9	-6.42921002960939791E1
1.11111222000000009E9	-6.43703602787234352E1
1.11611722999999996E9	-6.44464942416677644E1
1.12112224000000005E9	-6.45205122831783218E1
1.12612725000000014E9	-6.45924256325678137E1
1.13113225999999978E9	-6.46622467001027967E1
1.13613727000000009E9	-6.47299891277719563E1
1.14114227999999995E9	-6.47956678408230413E1
1.14614729000000004E9	-6.48592991000771413E1
1.15115230000000013E9	-6.49209005548942031E1
1.15615730999999999E9	-6.49804912967425263E1
1.16116232000000008E9	-6.50380919132658342E1
1.16616732999999995E9	-6.50937245427951883E1
1.17117234000000003E9	-6.51474129291401738E1
1.17617735000000012E9	-6.51991824766369898E1
1.18118235999999999E9	-6.52490603052523266E1
1.18618737000000007E9	-6.52970753056978914E1
1.19119237999999994E9	-6.53432581943597590E1
1.19619739000000003E9	-6.53876415679573153E1
1.20120240000000011E9	-6.54302599577348509E1
1.20620740999999998E9	-6.54711498830822336E1
1.21121242000000007E9	-6.55103499043725623E1
1.21621742999999993E9	-6.55479006748855397E1
1.22122244000000002E9	-6.55838449915997312E1
1.22622744999999989E9	-6.56182278447161860E1
1.23123245999999997E9	-6.56510964656661589E1
1.23623747000000006E9	-6.56825003734451496E1
1.24124247999999993E9	-6.57124914190439835E1
1.24624749000000001E9	-6.57411238277749277E1
1.25125250000000010E9	-6.57684542392782401E1
1.25625750999999997E9	-6.57945417449669812E1
1.26126252000000005E9	-6.58194479227155238E1
1.26626752999999992E9	-6.58432368685444214E1
1.27127254000000001E9	-6.58659752250692243E1
1.27627755000000009E9	-6.58877322064958282E1
1.28128256000000018E9	-6.59085796199205465E1
1.28628757000000005E9	-6.59285918826947359E1
1.29129257999999991E9	-6.59478460356743046E1
1.29629759000000000E9	-6.59664217520417662E1
1.30130260000000009E9	-6.59844013415758202E1
1.30630760999999973E9	-6.60018697500900764E1
1.31131262000000004E9	-6.60189145538646205E1
1.31631762999999991E9	-6.60356259488558983E1
1.32132264000000021E9	-6.60520967345118759E1
1.32632764999999986E9	-6.60684222920139952E1
1.33133265999999995E9	-6.60847005567637602E1
1.33633766999999981E9	-6.61010319850039707E1
1.34134268000000012E9	-6.61175195143992234E1
1.34634768999999999E9	-6.61342685185048573E1
1.35135270000000007E9	-6.61513867549756718E1
1.35635770999999994E9	-6.61689843075024875E1
1.36136272000000003E9	-6.61871735213555912E1
1.36636772999999989E9	-6.62060689325572138E1
1.37137273999999998E9	-6.62257871906358453E1
1.37637775000000007E9	-6.62464469749858420E1
1.38138275999999993E9	-6.62681689048879896E1
1.38638777000000002E9	-6.62910754432425620E1
1.39139277999999988E9	-6.63152907940884084E1
1.39639779000000042E9	-6.63409407940646467E1
1.40140280000000006E9	-6.63681527979069585E1
1.40640780999999992E9	-6.63970555582010302E1
1.41141282000000001E9	-6.64277790995562611E1
1.41641782999999988E9	-6.64604545874049002E1
1.42142284000000019E9	-6.64952141917216721E1
1.42642785000000005E9	-6.65321909458940297E1
1.43143285999999992E9	-6.65715186010424542E1
1.43643786999999978E9	-6.66133314761262341E1
1.44144288000000009E9	-6.66577643041494827E1
1.44644788999999996E9	-6.67049520748349778E1
1.45145290000000005E9	-6.67550298741339354E1
1.45645790999999969E9	-6.68081327209866505E1
1.46146292000000000E9	-6.68643954016794417E1
1.46646792999999986E9	-6.69239523022985150E1
1.47147294000000017E9	-6.69869372396370988E1
1.47647795000000004E9	-6.70534832910295364E1
1.48148296000000013E9	-6.71237226235512274E1
1.48648796999999999E9	-6.71977863230152472E1
1.49149298000000008E9	-6.72758042232312903E1
1.49649798999999994E9	-6.73579047359718430E1
1.50150300000000003E9	-6.74442146820733512E1
1.50650800999999990E9	-6.75348591241441465E1
1.51151301999999998E9	-6.76299612012779328E1
1.51651803000000029E9	-6.77296419662284954E1
1.52152304000000016E9	-6.78340202254366886E1
1.52652805000000003E9	-6.79432123823260792E1
1.53153306000000011E9	-6.80573322842419515E1
1.53653806999999976E9	-6.81764910734208307E1
1.54154308000000007E9	-6.83007970423226851E1
1.54654808999999993E9	-6.84303554936900138E1
1.55155310000000002E9	-6.85652686056212701E1
1.55655810999999988E9	-6.87056353019744215E1
1.56156311999999997E9	-6.88515511283699766E1
1.56656812999999984E9	-6.90031081340358288E1
1.57157313999999992E9	-6.91603947597503854E1
1.57657815000000001E9	-6.93234957320565304E1
1.58158315999999988E9	-6.94924919639710748E1
1.58658816999999974E9	-6.96674604623142812E1
1.59159318000000050E9	-6.98484742418370086E1
1.59659818999999992E9	-7.00356022462164596E1
1.60160320000000023E9	-7.02289092760912403E1
1.60660820999999987E9	-7.04284559241208008E1
1.61161321999999996E9	-7.06342985171806514E1
1.61661822999999982E9	-7.08464890657222934E1
1.62162323999999991E9	-7.10650752203143554E1
1.62662825000000022E9	-7.12901002353066549E1
1.63163326000000031E9	-7.15216029396986208E1
1.63663826999999995E9	-7.17596177150626069E1
1.64164328000000026E9	-7.20041744805395467E1
1.64664828999999990E9	-7.22552986848198309E1
1.65165330000000021E9	-7.25130113050119451E1
1.65665830999999986E9	-7.27773288523067485E1
1.66166332000000017E9	-7.30482633843077345E1
1.66666832999999981E9	-7.33258225239807881E1
1.67167334000000034E9	-7.36100094849623332E1
1.67667835000000021E9	-7.39008231031705520E1
1.68168336000000029E9	-7.41982578745882115E1
1.68668836999999994E9	-7.45023039989404889E1
1.69169338000000025E9	-7.48129474292025343E1
1.69669838999999989E9	-7.51301699267207823E1
1.70170339999999998E9	-7.54539491217240688E1
1.70670840999999984E9	-7.57842585791062628E1
1.71171342000000015E9	-7.61210678691974429E1
1.71671843000000024E9	-7.64643426433740991E1
1.72172343999999988E9	-7.68140447142885296E1
1.72672844999999997E9	-7.71701321404528784E1
1.73173346000000028E9	-7.75325593149902836E1
1.73673847000000015E9	-7.79012770583840375E1
1.74174347999999979E9	-7.82762327148701154E1
1.74674848999999988E9	-7.86573702522974649E1
1.75175350000000019E9	-7.90446303652474569E1
1.75675851000000027E9	-7.94379505811750342E1
1.76176352000000014E9	-7.98372653691678380E1
1.76676852999999978E9	-8.02425062513419540E1
1.77177353999999987E9	-8.06536019163676343E1
1.77677855000000018E9	-8.10704783350333358E1
1.78178355999999982E9	-8.14930588775505349E1
1.78678856999999991E9	-8.19212644322387185E1
1.79179358000000022E9	-8.23550135256297544E1
1.79679858999999986E9	-8.27942224432248253E1
1.80180360000000017E9	-8.32388053512662829E1
1.80680860999999982E9	-8.36886744187296294E1
1.81181362000000012E9	-8.41437399396312102E1
1.81681863000000021E9	-8.46039104551848453E1
1.82182364000000030E9	-8.50690928757017062E1
1.82682864999999994E9	-8.55391926018533155E1
1.83183366000000025E9	-8.60141136452772415E1
1.83683866999999990E9	-8.64937587478801007E1
1.84184368000000021E9	-8.69780295001081427E1
1.84684868999999985E9	-8.74668264575530152E1
1.85185370000000016E9	-8.79600492558594915E1
1.85685870999999980E9	-8.84575967236753868E1
1.86186372000000011E9	-8.89593669934427744E1
1.86686872999999953E9	-8.94652576098392771E1
1.87187373999999984E9	-8.99751656356515994E1
1.87687874999999993E9	-9.04889878459960606E1
1.88188376000000024E9	-9.10066204642427401E1
1.88688876999999988E9	-9.15279598057050592E1
1.89189377999999975E9	-9.20529020072297222E1
1.89689878999999983E9	-9.25813432089884358E1
1.90190380000000014E9	-9.31131796415833257E1
1.90690881000000023E9	-9.36483077096231753E1
1.91191381999999988E9	-9.41866240716504954E1
1.91691883000000018E9	-9.47280257162504036E1
1.92192384000000027E9	-9.52724100343579750E1
1.92692885000000014E9	-9.58196748876548554E1
1.93193385999999978E9	-9.63697186730689381E1
1.93693886999999987E9	-9.69224403831823977E1
1.94194388000000018E9	-9.74777396628437920E1
1.94694889000000027E9	-9.80355168615544770E1
1.95195389999999991E9	-9.85956730821011895E1
1.95695891000000022E9	-9.91581102250752622E1
1.96196391999999986E9	-9.97227310294711522E1
1.96696893000000017E9	-1.00289439109461975E2
1.97197393999999981E9	-1.00858138987364887E2
1.97697894999999990E9	-1.01428736122742658E2
1.98198396000000021E9	-1.02001136937972503E2
1.98698896999999985E9	-1.02575248840121747E2
1.99199398000000016E9	-1.03150980239435586E2
1.99699898999999936E9	-1.03728240564391738E2
2.00200400000000034E9	-1.04306940273542414E2
2.00700900999999998E9	-1.04886990864243157E2
2.01201402000000007E9	-1.05468304878428709E2
2.01701902999999971E9	-1.06050795905454120E2
2.02202403999999980E9	-1.06634378582380585E2
2.02702904999999989E9	-1.07218968591606512E2
2.03203405999999998E9	-1.07804482656282685E2
2.03703906999999962E9	-1.08390838533299272E2
2.04204408000000015E9	-1.08977955004478266E2
2.04704908999999979E9	-1.09565751865687089E2
2.05205410000000033E9	-1.10154149914436639E2
2.05705910999999997E9	-1.10743070935822274E2
2.06206412000000006E9	-1.11332437687097485E2
2.06706912999999970E9	-1.11922173881284315E2
2.07207413999999979E9	-1.12512204169538244E2
2.07707915000000032E9	-1.13102454122833995E2
2.08208415999999996E9	-1.13692850212926855E2
2.08708917000000005E9	-1.14283319792876048E2
2.09209418000000014E9	-1.14873791077252152E2
2.09709918999999978E9	-1.15464193122128500E2
2.10210420000000031E9	-1.16054455805108492E2
2.10710920999999995E9	-1.16644509805589647E2
2.11211421999999960E9	-1.17234286585126046E2
2.11711923000000013E9	-1.17823718368519170E2
2.12212423999999977E9	-1.18412738125226968E2
2.12712924999999986E9	-1.19001279551724992E2
2.13213425999999995E9	-1.19589277054501664E2
2.13713927000000004E9	-1.20176665734178512E2
2.14214428000000012E9	-1.20763381370675060E2
2.14714929000000065E9	-1.21349360409446083E2
2.15215429999999985E9	-1.21934539949150245E2
2.15715930999999994E9	-1.22518857730572583E2
2.16216432000000003E9	-1.23102252127084566E2
2.16716933000000012E9	-1.23684662136479995E2
2.17217434000000020E9	-1.24266027374562671E2
2.17717934999999985E9	-1.24846288070247313E2
2.18218435999999993E9	-1.25425385062434147E2
2.18718937000000002E9	-1.26003259798488587E2
2.19219438000000011E9	-1.26579854334607567E2
2.19719938999999931E9	-1.27155111337892168E2
2.20220440000000028E9	-1.27728974090161862E2
2.20720941000000037E9	-1.28301386493649505E2
2.21221441999999957E9	-1.28872293078443834E2
2.21721943000000010E9	-1.29441639011643628E2
2.22222444000000019E9	-1.30009370108348277E2
2.22722944999999983E9	-1.30575432844362682E2
2.23223445999999992E9	-1.31139774370480744E2
2.23723946999999956E9	-1.31702342528598892E2
2.24224448000000010E9	-1.32263085869175123E2
2.24724948999999974E9	-1.32821953670433901E2
2.25225450000000027E9	-1.33378895958938370E2
2.25725951000000036E9	-1.33933863531493325E2
2.26226451999999956E9	-1.34486807978538203E2
2.26726953000000053E9	-1.35037681662976672E2
2.27227454000000018E9	-1.35586437928144177E2
2.27727955000000026E9	-1.36133030851126469E2
2.28228455999999991E9	-1.36677415452633766E2
2.28728956999999955E9	-1.37219547679939113E2
2.29229458000000008E9	-1.37759384436062216E2
2.29729958999999928E9	-1.38296883609676224E2
2.30230460000000026E9	-1.38832004105445361E2
2.30730961000000034E9	-1.39364705874743144E2
2.31231461999999999E9	-1.39894949946812064E2
2.31731963000000007E9	-1.40422698459883288E2
2.32232464000000016E9	-1.40947914692492349E2
2.32732965000000025E9	-1.41470563094661839E2
2.33233465999999989E9	-1.41990609318932370E2
2.33733967000000042E9	-1.42508020250992673E2
2.34234468000000007E9	-1.43022764040071793E2
2.34734969000000016E9	-1.43534810128556356E2
2.35235470000000024E9	-1.44044129281196875E2
2.35735970999999989E9	-1.44550693613316672E2
2.36236471999999997E9	-1.45054476618315076E2
2.36736972999999962E9	-1.45555453194170115E2
2.37237474000000015E9	-1.46053599668742229E2
2.37737975000000024E9	-1.46548893824078275E2
2.38238475999999988E9	-1.47041314919302435E2
2.38738977000000041E9	-1.47530843712187609E2
2.39239478000000005E9	-1.48017462479341289E2
2.39739979000000014E9	-1.48501155034747723E2
2.40240480000000023E9	-1.48981906746825987E2
2.40740980999999987E9	-1.49459704553760031E2
2.41241481999999996E9	-1.49934536977104615E2
2.41741982999999960E9	-1.50406394133607746E2
2.42242484000000013E9	-1.50875267745181985E2
2.42742985000000022E9	-1.51341151147023445E2
2.43243485999999987E9	-1.51804039293751503E2
2.43743986999999995E9	-1.52263928763647316E2
2.44244488000000004E9	-1.52720817760860728E2
2.44744988999999968E9	-1.53174706115649206E2
2.45245489999999977E9	-1.53625595282562477E2
2.45745990999999986E9	-1.54073488336610698E2
2.46246491999999995E9	-1.54518389967427261E2
2.46746993000000048E9	-1.54960306471348641E2
2.47247494000000012E9	-1.55399245741523195E2
2.47747995000000021E9	-1.55835217256018077E2
2.48248495999999985E9	-1.56268232063868795E2
2.48748996999999950E9	-1.56698302769278963E2
2.49249498000000003E9	-1.57125443513815144E2
2.49749998999999967E9	-1.57549669956731719E2
2.50250500000000020E9	-1.57970999253472288E2
2.50751001000000029E9	-1.58389450032325430E2
2.51251501999999993E9	-1.58805042369333860E2
2.51752003000000091E9	-1.59217797761544699E2
2.52252504000000011E9	-1.59627739098564581E2
2.52753004999999975E9	-1.60034890632551052E2
2.53253505999999984E9	-1.60439277946679693E2
2.53754006999999993E9	-1.60840927922216470E2
2.54254508000000001E9	-1.61239868704107825E2
2.54755008999999966E9	-1.61636129665324901E2
2.55255510000000019E9	-1.62029741370006763E2
2.55756011000000028E9	-1.62420735535381344E2
2.56256512000000036E9	-1.62809144992632815E2
2.56757012999999956E9	-1.63195003646797754E2
2.57257514000000009E9	-1.63578346435723709E2
2.57758015000000018E9	-1.63959209288180441E2
2.58258515999999982E9	-1.64337629081236747E2
2.58759016999999947E9	-1.64713643596988346E2
2.59259518000000000E9	-1.65087291478667164E2
2.59760019000000009E9	-1.65458612186236342E2
2.60260520000000017E9	-1.65827645951627689E2
2.60761020999999982E9	-1.66194433733579494E2
2.61261521999999946E9	-1.66559017172219415E2
2.61762022999999910E9	-1.66921438543547973E2
2.62262524000000008E9	-1.67281740713681515E2
2.62763025000000017E9	-1.67639967093213538E2
2.63263525999999981E9	-1.67996161591552950E2
2.63764026999999990E9	-1.68350368571417808E2
2.64264528000000043E9	-1.68702632803500019E2
2.64765029000000052E9	-1.69052999421432126E2
2.65265529999999972E9	-1.69401513877076804E2
2.65766030999999980E9	-1.69748221896212037E2
2.66266531999999989E9	-1.70093169434700231E2
2.66767032999999953E9	-1.70436402635188888E2
2.67267533999999962E9	-1.70777967784335272E2
2.67768035000000015E9	-1.71117911270753953E2
2.68268536000000024E9	-1.71456279543614976E2
2.68769037000000033E9	-1.71793119071965350E2
2.69269537999999997E9	-1.72128476304864053E2
2.69770039000000006E9	-1.72462397632360687E2
2.70270540000000015E9	-1.72794929347301407E2
2.70771041000000068E9	-1.73126117608084940E2
2.71271541999999988E9	-1.73456008402360373E2
2.71772043000000085E9	-1.73784647511661960E2
2.72272544000000005E9	-1.74112080477114906E2
2.72773045000000014E9	-1.74438352566118016E2
2.73273545999999978E9	-1.74763508740112128E2
2.73774046999999987E9	-1.75087593623411619E2
2.74274547999999996E9	-1.75410651473132795E2
2.74775048999999960E9	-1.75732726150232632E2
2.75275550000000013E9	-1.76053861091693942E2
2.75776051000000066E9	-1.76374099283774766E2
2.76276551999999986E9	-1.76693483236475335E2
2.76777053000000040E9	-1.77012054959100906E2
2.77277554000000004E9	-1.77329855936964620E2
2.77778055000000013E9	-1.77646927109287267E2
2.78278555999999977E9	-1.77963308848181123E2
2.78779056999999941E9	-1.78279040938812972E2
2.79279558000000083E9	-1.78594162560667624E2
2.79780059000000003E9	-1.78908712269991033E2
2.80280560000000012E9	-1.79222727983269303E2
2.80781061000000021E9	-1.79536246961894008E2
2.81281561999999985E9	-1.79849305797858605E2
2.81782062999999994E9	1.79838059599433464E2
2.82282564000000002E9	1.79525814015341401E2
2.82783064999999967E9	1.79213922941067594E2
2.83283565999999976E9	1.78902352583746027E2
2.83784066999999984E9	1.78591069875537345E2
2.84284568000000037E9	1.78280042481710899E2
2.84785069000000046E9	1.77969238807782526E2
2.85285570000000011E9	1.77658628005735375E2
2.85786070999999975E9	1.77348179979271703E2
2.86286571999999984E9	1.77037865388249283E2
2.86787072999999948E9	1.76727655652178117E2
2.87287573999999957E9	1.76417522952929673E2
2.87788075000000054E9	1.76107440236622925E2
2.88288576000000019E9	1.75797381214692838E2
2.88789077000000027E9	1.75487320364233379E2
2.89289577999999992E9	1.75177232927587956E2
2.89790079000000045E9	1.74867094911213705E2
2.90290580000000009E9	1.74556883083905423E2
2.90791081000000018E9	1.74246574974338198E2
2.91291581999999938E9	1.73936148867964069E2
2.91792082999999991E9	1.73625583803335815E2
2.92292584000000000E9	1.73314859567846868E2
2.92793085000000008E9	1.73003956692896632E2
2.93293585999999973E9	1.72692856448573839E2
2.93794086999999982E9	1.72381540837793823E2
2.94294588000000035E9	1.72069992589994447E2
2.94795088999999955E9	1.71758195154360438E2
2.95295590000000008E9	1.71446132692647946E2
2.95796091000000061E9	1.71133790071570990E2
2.96296592000000025E9	1.70821152854846536E2
2.96797093000000034E9	1.70508207294846992E2
2.97297593999999998E9	1.70194940323957988E2
2.97798095000000007E9	1.69881339545597365E2
2.98298596000000016E9	1.69567393224934126E2
2.98799096999999936E9	1.69253090279388330E2
2.99299597999999989E9	1.68938420268824885E2
2.99800098999999909E9	1.68623373385526198E2
3.00300600000000006E9	1.68307940444016180E2
3.00801101000000015E9	1.67992112870586463E2
3.01301601999999979E9	1.67675882692755129E2
3.01802102999999988E9	1.67359242528468988E2
3.02302603999999997E9	1.67042185575253876E2
3.02803105000000006E9	1.66724705599163547E2
3.03303606000000059E9	1.66406796923695910E2
3.03804106999999979E9	1.66088454418528286E2
3.04304608000000032E9	1.65769673488247160E2
3.04805109000000041E9	1.65450450060968524E2
3.05305610000000005E9	1.65130780576931246E2
3.05806110999999969E9	1.64810661976997319E2
3.06306612000000023E9	1.64490091691206386E2
3.06807113000000031E9	1.64169067627241883E2
3.07307613999999951E9	1.63847588158926172E2
3.07808115000000004E9	1.63525652114697406E2
3.08308616000000013E9	1.63203258766130332E2
3.08809116999999933E9	1.62880407816450368E2
3.09309617999999986E9	1.62557099389104631E2
3.09810119000000039E9	1.62233334016355490E2
3.10310620000000004E9	1.61909112627928065E2
3.10811121000000012E9	1.61584436539736265E2
3.11311621999999977E9	1.61259307442644118E2
3.11812123000000074E9	1.60933727391300008E2
3.12312623999999994E9	1.60607698793092801E2
3.12813125000000003E9	1.60281224397127842E2
3.13313625999999967E9	1.59954307283331199E2
3.13814126999999976E9	1.59626950851652971E2
3.14314627999999985E9	1.59299158811367469E2
3.14815129000000038E9	1.58970935170453953E2
3.15315630000000002E9	1.58642284225110286E2
3.15816130999999967E9	1.58313210549385519E2
3.16316631999999975E9	1.57983718984920163E2
3.16817133000000029E9	1.57653814630808942E2
3.17317633999999948E9	1.57323502833591955E2
3.17818135000000002E9	1.56992789177358860E2
3.18318636000000099E9	1.56661679474009730E2
3.18819136999999930E9	1.56330179753641785E2
3.19319637999999983E9	1.55998296255053992E2
3.19820138999999992E9	1.55666035416408643E2
3.20320640000000045E9	1.55333403866030340E2
3.20821140999999965E9	1.55000408413338664E2
3.21321641999999974E9	1.54667056039935003E2
3.21822143000000072E9	1.54333353890844083E2
3.22322643999999991E9	1.53999309265847684E2
3.22823145000000000E9	1.53664929611046785E2
3.23323645999999965E9	1.53330222510521508E2
3.23824146999999973E9	1.52995195678125895E2
3.24324647999999982E9	1.52659856949496353E2
3.24825148999999991E9	1.52324214274136183E2
3.25325650000000044E9	1.51988275707710452E2
3.25826151000000053E9	1.51652049404456912E2
3.26326652000000061E9	1.51315543609757697E2
3.26827153000000070E9	1.50978766652872642E2
3.27327653999999990E9	1.50641726939807996E2
3.27828154999999999E9	1.50304432946350053E2
3.28328656000000052E9	1.49966893211238728E2
3.28829156999999972E9	1.49629116329500333E2
3.29329657999999981E9	1.49291110945934524E2
3.29830158999999989E9	1.48952885748729869E2
3.30330660000000043E9	1.48614449463252951E2
3.30831160999999963E9	1.48275810845973655E2
3.31331661999999971E9	1.47936978678553510E2
3.31832162999999980E9	1.47597961762043939E2
3.32332664000000033E9	1.47258768911301186E2
3.32833164999999997E9	1.46919408949447639E2
3.33333665999999962E9	1.46579890702569360E2
3.33834167000000059E9	1.46240222994511271E2
3.34334668000000068E9	1.45900414641835008E2
3.34835169000000032E9	1.45560474448886956E2
3.35335670000000041E9	1.45220411203042365E2
3.35836170999999961E9	1.44880233670077141E2
3.36336672000000059E9	1.44539950589673549E2
3.36837172999999979E9	1.44199570671042920E2
3.37337673999999987E9	1.43859102588740440E2
3.37838174999999996E9	1.43518554978554169E2
3.38338676000000049E9	1.43177936433549524E2
3.38839177000000058E9	1.42837255500275129E2
3.39339677999999978E9	1.42496520675036931E2
3.39840178999999987E9	1.42155740400352260E2
3.40340679999999995E9	1.41814923061507270E2
3.40841180999999960E9	1.41474076983246677E2
3.41341681999999969E9	1.41133210426595546E2
3.41842182999999888E9	1.40792331585781594E2
3.42342684000000030E9	1.40451448585278449E2
3.42843184999999995E9	1.40110569477004931E2
3.43343686000000048E9	1.39769702237624527E2
3.43844187000000057E9	1.39428854765914134E2
3.44344687999999977E9	1.39088034880312716E2
3.44845188999999985E9	1.38747250316553772E2
3.45345689999999994E9	1.38406508725403188E2
3.45846190999999958E9	1.38065817670516600E2
3.46346692000000056E9	1.37725184626403818E2
3.46847192999999976E9	1.37384616976484852E2
3.47347694000000029E9	1.37044122011267921E2
3.47848194999999993E9	1.36703706926630941E2
3.48348695999999958E9	1.36363378822172665E2
3.48849197000000055E9	1.36023144699696363E2
3.49349697999999975E9	1.35683011461785452E2
3.49850198999999984E9	1.35342985910444891E2
3.50350700000000037E9	1.35003074745879159E2
3.50851200999999957E9	1.34663284610876732E2
3.51351702000000055E9	1.34323621907552382E2
3.51852203000000063E9	1.33984093069660082E2
3.52352704000000028E9	1.33644704379530510E2
3.52853204999999992E9	1.33305462012778975E2
3.53353705999999956E9	1.32966372037617431E2
3.53854207000000054E9	1.32627440414194409E2
3.54354707999999974E9	1.32288672994030732E2
3.54855208999999983E9	1.31950075519546361E2
3.55355710000000036E9	1.31611653623634250E2
3.55856211000000044E9	1.31273412829335712E2
3.56356711999999964E9	1.30935358549572189E2
3.56857212999999973E9	1.30597496086950815E2
3.57357713999999982E9	1.30259830633639417E2
3.57858214999999991E9	1.29922367271297534E2
3.58358716000000044E9	1.29585110971100947E2
3.58859217000000053E9	1.29248066593802524E2
3.59359717999999972E9	1.28911238889853386E2
3.59860219000000026E9	1.28574632499598929E2
3.60360720000000034E9	1.28238251953545790E2
3.60861220999999954E9	1.27902101672643020E2
3.61361721999999963E9	1.27566185968663848E2
3.61862222999999972E9	1.27230509044610152E2
3.62362724000000025E9	1.26895074995175872E2
3.62863224999999989E9	1.26559887807275695E2
3.63363726000000042E9	1.26224951360606585E2
3.63864227000000096E9	1.25890269428268353E2
3.64364728000000060E9	1.25555845677415756E2
3.64865228999999980E9	1.25221683669967265E2
3.65365729999999989E9	1.24887786863338546E2
3.65866231000000131E9	1.24554158611263999E2
3.66366732000000050E9	1.24220802164604782E2
3.66867232999999970E9	1.23887720672205970E2
3.67367733999999979E9	1.23554917181819279E2
3.67868235000000032E9	1.23222394641056865E2
3.68368736000000041E9	1.22890155898336007E2
3.68869236999999961E9	1.22558203703903490E2
3.69369737999999970E9	1.22226540710877640E2
3.69870238999999978E9	1.21895169476335008E2
3.70370740000000032E9	1.21564092462384932E2
3.70871240999999952E9	1.21233312037309959E2
3.71371741999999960E9	1.20902830476734868E2
3.71872242999999880E9	1.20572649964794576E2
3.72372744000000022E9	1.20242772595352987E2
3.72873245000000031E9	1.19913200373224127E2
3.73373745999999906E9	1.19583935215440440E2
3.73874247000000048E9	1.19254978952502766E2
3.74374747999999968E9	1.18926333329710143E2
3.74875248999999977E9	1.18598000008451199E2
3.75375749999999986E9	1.18269980567536104E2
3.75876251000000039E9	1.17942276504566523E2
3.76376752000000048E9	1.17614889237279852E2
3.76877252999999968E9	1.17287820104947982E2
3.77377753999999976E9	1.16961070369758957E2
3.77878254999999985E9	1.16634641218240742E2
3.78378755999999949E9	1.16308533762684974E2
3.78879257000000047E9	1.15982749042551170E2
3.79379757999999967E9	1.15657288025947658E2
3.79880258999999887E9	1.15332151611079281E2
3.80380760000000029E9	1.15007340627679966E2
3.80881261000000126E9	1.14682855838533460E2
3.81381762000000046E9	1.14358697940909271E2
3.81882262999999966E9	1.14034867568070863E2
3.82382763999999975E9	1.13711365290758581E2
3.82883265000000028E9	1.13388191618701795E2
3.83383766000000037E9	1.13065347002104022E2
3.83884267000000046E9	1.12742831833157098E2
3.84384768000000054E9	1.12420646447534134E2
3.84885268999999974E9	1.12098791125940278E2
3.85385770000000027E9	1.11777266095571615E2
3.85886270999999947E9	1.11456071531667122E2
3.86386771999999956E9	1.11135207559018623E2
3.86887272999999965E9	1.10814674253463141E2
3.87387773999999974E9	1.10494471643427783E2
3.87888274999999982E9	1.10174599711413768E2
3.88388776000000036E9	1.09855058395528826E2
3.88889277000000089E9	1.09535847590969326E2
3.89389778000000053E9	1.09216967151565103E2
3.89890279000000017E9	1.08898416891216110E2
3.90390779999999982E9	1.08580196585473021E2
3.90891281000000035E9	1.08262305972954587E2
3.91391782000000044E9	1.07944744756874811E2
3.91892282999999964E9	1.07627512606510400E2
3.92392783999999972E9	1.07310609158682668E2
3.92893284999999981E9	1.06994034019214013E2
3.93393786000000034E9	1.06677786764397542E2
3.93894287000000043E9	1.06361866942452155E2
3.94394787999999963E9	1.06046274074947133E2
3.94895288999999972E9	1.05731007658270748E2
3.95395789999999980E9	1.05416067165010063E2
3.95896291000000122E9	1.05101452045417254E2
3.96396792000000042E9	1.04787161728772360E2
3.96897292999999873E9	1.04473195624810655E2
3.97397793999999971E9	1.04159553125062199E2
3.97898295000000113E9	1.03846233604277338E2
3.98398796000000033E9	1.03533236421745189E2
3.98899297000000042E9	1.03220560922644489E2
3.99399797999999873E9	1.02908206439382166E2
3.99900299000000015E9	1.02596172292920373E2
4.00400800000000068E9	1.02284457794043782E2
4.00901300999999943E9	1.01973062244692114E2
4.01401801999999996E9	1.01661984939188033E2
4.01902302999999961E9	1.01351225165525949E2
4.02402804000000014E9	1.01040782206584479E2
4.02903304999999978E9	1.00730655341371955E2
4.03403805999999943E9	1.00420843846192764E2
4.03904307000000085E9	1.00111346995867079E2
4.04404807999999960E9	9.98021640648609853E1
4.04905308999999924E9	9.94932943284670479E1
4.05405809999999978E9	9.91847370638838122E1
4.05906311000000120E9	9.88764915513491260E1
4.06406811999999995E9	9.85685570751973827E1
4.06907312999999959E9	9.82609329249263297E1
4.07407813999999924E9	9.79536183962225770E1
4.07908315000000066E9	9.76466127919795035E1
4.08408816000000030E9	9.73399154232457775E1
4.08909316999999994E9	9.70335256102261923E1
4.09409817999999959E9	9.67274426831734147E1
4.09910318999999923E9	9.64216659833007306E1
4.10410820000000065E9	9.61161948636475572E1
4.10911321000000029E9	9.58110286899336039E1
4.11411821999999994E9	9.55061668413589793E1
4.11912322999999869E9	9.52016087113660170E1
4.12412824000000011E9	9.48973537084217078E1
4.12913325000000064E9	9.45934012567015436E1
4.13413825999999940E9	9.42897507967677839E1
4.13914327000000082E9	9.39864017862266365E1
4.14414827999999957E9	9.36833537003145622E1
4.14915329000000010E9	9.33806060324623388E1
4.15415830000000064E9	9.30781582948529440E1
4.15916331000000028E9	9.27760100188447723E1
4.16416831999999992E9	9.24741607554824263E1
4.16917332999999957E9	9.21726100758485600E1
4.17417834000000010E9	9.18713575714303587E1
4.17918335000000063E9	9.15704028544330662E1
4.18418836000000027E9	9.12697455580419792E1
4.18919336999999992E9	9.09693853366236915E1
4.19419837999999956E9	9.06693218658967126E1
4.19920338999999920E9	9.03695548430269291E1
4.20420840000000062E9	9.00700839867024783E1
4.20921341000000027E9	8.97709089460096799E1
4.21421841999999991E9	8.94720296647734514E1
4.21922343000000044E9	8.91734458348787840E1
4.22422843999999920E9	8.88751572604501305E1
4.22923345000000062E9	8.85771637665357936E1
4.23423846000000026E9	8.82794651987977375E1
4.23924346999999990E9	8.79820614231271669E1
4.24424847999999955E9	8.76849523252309204E1
4.24925349000000097E9	8.73881378101025064E1
4.25425849999999972E9	8.70916178014651621E1
4.25926350999999936E9	8.67953922410839951E1
4.26426851999999990E9	8.64994610880711257E1
4.26927352999999954E9	8.62038243180514385E1
4.27427854000000007E9	8.59084819222805685E1
4.27928355000000060E9	8.56134339066911920E1
4.28428856000000025E9	8.53186802908034636E1
4.28929356999999989E9	8.50242211066103160E1
4.29429858000000131E9	8.47300563973343479E1
4.29930359000000095E9	8.44361862161114551E1
4.30430859999999971E9	8.41426106245485883E1
4.30931361000000024E9	8.38493296912504071E1
4.31431861999999988E9	8.35563434901680679E1
4.31932363000000130E9	8.32636520989139406E1
4.32432864000000006E9	8.29712555969275201E1
4.32933365000000059E9	8.26791540635647060E1
4.33433866000000023E9	8.23873475760532514E1
4.33934366999999988E9	8.20958362073760561E1
4.34434868000000041E9	8.18046200239866295E1
4.34935368999999916E9	8.15136990834694508E1
4.35435869999999969E9	8.12230734320342762E1
4.35936370999999934E9	8.09327431019077004E1
4.36436871999999987E9	8.06427081086222941E1
4.36937372999999951E9	8.03529684481356377E1
4.37437874000000004E9	8.00635240938683168E1
4.37938375000000057E9	7.97743749935947655E1
4.38438876000000022E9	7.94855210661767320E1
4.38939376999999986E9	7.91969621982112137E1
4.39439877999999862E9	7.89086982405047888E1
4.39940379000000004E9	7.86207290044223850E1
4.40440880000000057E9	7.83330542581017930E1
4.40941380999999932E9	7.80456737225125430E1
4.41441882000000074E9	7.77585870673764923E1
4.41942383000000127E9	7.74717939069624428E1
4.42442883999999914E9	7.71852937956895335E1
4.42943384999999967E9	7.68990862236175854E1
4.43443886000000020E9	7.66131706117789957E1
4.43944386999999985E9	7.63275463073594285E1
4.44444888000000038E9	7.60422125787007008E1
4.44945388999999913E9	7.57571686101948671E1
4.45445889999999967E9	7.54724134969898142E1
4.45946391000000109E9	7.51879462395436349E1
4.46446891999999984E9	7.49037657380239796E1
4.46947393000000037E9	7.46198707865762412E1
4.47447893999999913E9	7.43362600673815699E1
4.47948395000000055E9	7.40529321446026056E1
4.48448896000000019E9	7.37698854581670638E1
4.48949396999999983E9	7.34871183173614906E1
4.49449897999999948E9	7.32046288943207202E1
4.49950399000000001E9	7.29224152173189033E1
4.50450900000000054E9	7.26404751639165180E1
4.50951400999999930E9	7.23588064539921039E1
4.51451902000000072E9	7.20774066425534876E1
4.51952402999999858E9	7.17962731124662401E1
4.52452903999999911E9	7.15154030669983598E1
4.52953405000000053E9	7.12347935222351936E1
4.53453906000000107E9	7.09544412993460583E1
4.53954406999999982E9	7.06743430167218456E1
4.54454908000000035E9	7.03944950819628179E1
4.54955408999999911E9	7.01148936837540582E1
4.55455910000000053E9	6.98355347835892282E1
4.55956411000000017E9	6.95564141074090259E1
4.56456911999999981E9	6.92775271370786605E1
4.56957412999999946E9	6.89988691017816347E1
4.57457913999999910E9	6.87204349692971572E1
4.57958415000000052E9	6.84422194371749804E1
4.58458916000000016E9	6.81642169238022699E1
4.58959416999999981E9	6.78864215594169274E1
4.59459917999999856E9	6.76088271769810678E1
4.59960418999999998E9	6.73314273030329424E1
4.60460920000000051E9	6.70542151484272875E1
4.60961420999999927E9	6.67771835990407236E1
4.61461922000000069E9	6.65003252063987560E1
4.61962422999999944E9	6.62236321782790860E1
4.62462923999999997E9	6.59470963692543943E1
4.62963425000000051E9	6.56707092711971718E1
4.63463926000000015E9	6.53944620038071633E1
4.63964426999999979E9	6.51183453050551719E1
4.64464928000000032E9	6.48423495216625234E1
4.64965428999999997E9	6.45664645995785058E1
4.65465930000000050E9	6.42906800744476215E1
4.65966431000000014E9	6.40149850621012906E1
4.66466931999999979E9	6.37393682490774793E1
4.66967432999999943E9	6.34638178831671418E1
4.67467934000000085E9	6.31883217639924055E1
4.67968434999999960E9	6.29128672336447625E1
4.68468936000000014E9	6.26374411673493192E1
4.68969436999999978E9	6.23620299642346509E1
4.69469938000000031E9	6.20866195380763486E1
4.69970438999999995E9	6.18111953082194798E1
4.70470940000000049E9	6.15357421904711721E1
4.70971440999999924E9	6.12602445881246638E1
4.71471941999999977E9	6.09846863830453501E1
4.71972443000000030E9	6.07090509268003409E1
4.72472943999999995E9	6.04333210319145309E1
4.72973444999999959E9	6.01574789631511386E1
4.73473945999999923E9	5.98815064288892351E1
4.73974447000000065E9	5.96053845725424747E1
4.74474948000000030E9	5.93290939640444037E1
4.74975448999999994E9	5.90526145913615341E1
4.75475950000000047E9	5.87759258520938577E1
4.75976451000000012E9	5.84990065449945096E1
4.76476951999999976E9	5.82218348615990333E1
4.76977452999999940E9	5.79443883777615731E1
4.77477954000000082E9	5.76666440451986073E1
4.77978454999999958E9	5.73885781829236929E1
4.78478956000000011E9	5.71101664686485133E1
4.78979456999999975E9	5.68313839299979495E1
4.79479958000000028E9	5.65522049356096979E1
4.79980458999999993E9	5.62726031860109188E1
4.80480960000000046E9	5.59925517042656118E1
4.80981460999999921E9	5.57120228262981332E1
4.81481961999999974E9	5.54309881909321067E1
4.81982463000000028E9	5.51494187294601002E1
4.82482963999999992E9	5.48672846547954229E1
4.82983464999999956E9	5.45845554500811314E1
4.83483965999999921E9	5.43011998566899035E1
4.83984467000000063E9	5.40171858615428135E1
4.84484968000000027E9	5.37324806836784141E1
4.84985468999999902E9	5.34470507599534184E1
4.85485970000000044E9	5.31608617298121722E1
4.85986471000000009E9	5.28738784190073563E1
4.86486971999999973E9	5.25860648221638449E1
4.86987472999999937E9	5.22973840840953308E1
4.87487973999999991E9	5.20077984797802095E1
4.87988474999999955E9	5.17172693928048410E1
4.88488976000000008E9	5.14257572922431017E1
4.88989477000000061E9	5.11332217078141760E1
4.89489977999999937E9	5.08396212031920491E1
4.89990478999999901E9	5.05449133474018986E1
4.90490979999999954E9	5.02490546840980734E1
4.90991481000000007E9	4.99520006987547660E1
4.91491981999999972E9	4.96537057835766582E1
4.91992483000000025E9	4.93541232001097008E1
4.92492983999999989E9	4.90532050395130792E1
4.92993484999999954E9	4.87509021804855447E1
4.93493986000000096E9	4.84471642448810691E1
4.93994487000000060E9	4.81419395511255210E1
4.94494988000000024E9	4.78351750655983743E1
4.94995488999999900E9	4.75268163523049303E1
4.95495990000000042E9	4.72168075211622629E1
4.95996491000000095E9	4.69050911755172528E1
4.96496991999999970E9	4.65916083596406239E1
4.96997492999999935E9	4.62762985071958610E1
4.97497993999999899E9	4.59590993919857560E1
4.97998495000000041E9	4.56399470827103126E1
4.98498996000000005E9	4.53187759039296711E1
4.98999497000000147E9	4.49955184515407502E1
4.99499997999999934E9	4.46701053931732428E1
5.00000000000000000E9	4.43427935310557686E1