freq	dB(S(3,1))
0.00000000000000000E0	-6.02251476124981178E0
5.00501000000000040E6	-6.02358102780434645E0
1.00100200000000017E7	-6.02506892520303872E0
1.50150300000000003E7	-6.02675719422404299E0
2.00200400000000034E7	-6.02864763724532615E0
2.50250500000000020E7	-6.03074084997767734E0
3.00300600000000006E7	-6.03303188950410796E0
3.50350700000000037E7	-6.03551707317661901E0
4.00400800000000068E7	-6.03819247941921589E0
4.50450900000000054E7	-6.04105425727763734E0
5.00501000000000040E7	-6.04409879880170120E0
5.50551100000000027E7	-6.04732281755266943E0
6.00601200000000013E7	-6.05072336365074470E0
6.50651300000000088E7	-6.05429779878853580E0
7.00701400000000074E7	-6.05804374941266577E0
7.50751499999999972E7	-6.06195905096233822E0
8.00801600000000136E7	-6.06604169166307372E0
8.50851699999999944E7	-6.07028976097115791E0
9.00901800000000108E7	-6.07470140512614165E0
9.50951900000000094E7	-6.07927479053364639E0
1.00100200000000017E8	-6.08400807481327988E0
1.05105210000000016E8	-6.08889938465591829E0
1.10110220000000014E8	-6.09394679950959084E0
1.15115230000000013E8	-6.09914834003344453E0
1.20120240000000011E8	-6.10450196034290116E0
1.25125250000000010E8	-6.11000554323903433E0
1.30130260000000009E8	-6.11565689767801146E0
1.35135270000000007E8	-6.12145375791512691E0
1.40140280000000006E8	-6.12739378395450363E0
1.45145290000000005E8	-6.13347456280351366E0
1.50150300000000003E8	-6.13969361040476436E0
1.55155310000000002E8	-6.14604837400614201E0
1.60160320000000023E8	-6.15253623474013800E0
1.65165330000000021E8	-6.15915451045131235E0
1.70170339999999998E8	-6.16590045853124380E0
1.75175350000000019E8	-6.17277127884729815E0
1.80180360000000017E8	-6.17976411662242775E0
1.85185370000000016E8	-6.18687606530757517E0
1.90190380000000014E8	-6.19410416936239638E0
1.95195389999999991E8	-6.20144542701007051E0
2.00200400000000034E8	-6.20889679292532826E0
2.05205410000000033E8	-6.21645518078873316E0
2.10210420000000031E8	-6.22411746585288217E0
2.15215429999999985E8	-6.23188048736952638E0
2.20220440000000028E8	-6.23974105097374743E0
2.25225450000000027E8	-6.24769593100755039E0
2.30230460000000026E8	-6.25574187274837712E0
2.35235470000000024E8	-6.26387559460839594E0
2.40240480000000023E8	-6.27209379024926683E0
2.45245489999999977E8	-6.28039313064833049E0
2.50250500000000020E8	-6.28877026612063794E0
2.55255510000000019E8	-6.29722182825763621E0
2.60260520000000017E8	-6.30574443184348787E0
2.65265529999999972E8	-6.31433467671729165E0
2.70270540000000015E8	-6.32298914957961600E0
2.75275550000000013E8	-6.33170442575130821E0
2.80280560000000012E8	-6.34047707089672130E0
2.85285570000000011E8	-6.34930364269561487E0
2.90290580000000009E8	-6.35818069248407625E0
2.95295590000000008E8	-6.36710476682694893E0
3.00300600000000006E8	-6.37607240908348594E0
3.05305610000000005E8	-6.38508016089773900E0
3.10310620000000004E8	-6.39412456368424476E0
3.15315630000000002E8	-6.40320216003207410E0
3.20320640000000045E8	-6.41230949511677117E0
3.25325650000000044E8	-6.42144311801019629E0
3.30330660000000043E8	-6.43059958304528312E0
3.35335670000000041E8	-6.43977545103299853E0
3.40340679999999995E8	-6.44896729052170858E0
3.45345689999999994E8	-6.45817167899054301E0
3.50350700000000037E8	-6.46738520399238759E0
3.55355710000000036E8	-6.47660446428373060E0
3.60360720000000034E8	-6.48582607091456520E0
3.65365729999999989E8	-6.49504664824786992E0
3.70370740000000032E8	-6.50426283499342794E0
3.75375749999999986E8	-6.51347128517414475E0
3.80380760000000029E8	-6.52266866905272380E0
3.85385770000000027E8	-6.53185167404736955E0
3.90390779999999982E8	-6.54101700559164989E0
3.95395789999999980E8	-6.55016138796017700E0
4.00400800000000068E8	-6.55928156508923621E0
4.05405809999999978E8	-6.56837430131215871E0
4.10410820000000065E8	-6.57743638210977011E0
4.15415830000000064E8	-6.58646461480657397E0
4.20420840000000062E8	-6.59545582922970031E0
4.25425849999999972E8	-6.60440687835390605E0
4.30430859999999971E8	-6.61331463890042848E0
4.35435869999999969E8	-6.62217601190234628E0
4.40440880000000057E8	-6.63098792326092568E0
4.45445889999999967E8	-6.63974732425438940E0
4.50450900000000054E8	-6.64845119201793988E0
4.55455910000000053E8	-6.65709653000723200E0
4.60460920000000051E8	-6.66568036842238509E0
4.65465930000000050E8	-6.67419976461296383E0
4.70470940000000049E8	-6.68265180345948551E0
4.75475950000000047E8	-6.69103359770892769E0
4.80480960000000046E8	-6.69934228831461009E0
4.85485970000000044E8	-6.70757504472732613E0
4.90490979999999954E8	-6.71572906518547263E0
4.95495990000000042E8	-6.72380157695077507E0
5.00501000000000040E8	-6.73178983655380314E0
5.05506009999999950E8	-6.73969113001198927E0
5.10511020000000038E8	-6.74750277298944390E0
5.15516030000000036E8	-6.75522211100309455E0
5.20521040000000035E8	-6.76284651954364158E0
5.25526050000000033E8	-6.77037340422136324E0
5.30531059999999943E8	-6.77780020087630142E0
5.35536070000000031E8	-6.78512437566564941E0
5.40541080000000029E8	-6.79234342515941858E0
5.45546090000000028E8	-6.79945487637839552E0
5.50551100000000027E8	-6.80645628685605519E0
5.55556110000000025E8	-6.81334524467024938E0
5.60561120000000024E8	-6.82011936845032718E0
5.65566129999999934E8	-6.82677630738592800E0
5.70571140000000021E8	-6.83331374122486146E0
5.75576150000000109E8	-6.83972938022950228E0
5.80581160000000018E8	-6.84602096516507519E0
5.85586170000000017E8	-6.85218626724167201E0
5.90591180000000016E8	-6.85822308806139880E0
5.95596190000000014E8	-6.86412925955065134E0
6.00601200000000013E8	-6.86990264388362437E0
6.05606210000000011E8	-6.87554113340273254E0
6.10611220000000010E8	-6.88104265051506037E0
6.15616230000000009E8	-6.88640514760749856E0
6.20621240000000007E8	-6.89162660691989526E0
6.25626250000000006E8	-6.89670504044600730E0
6.30631260000000005E8	-6.90163848979851302E0
6.35636270000000003E8	-6.90642502608910469E0
6.40641280000000091E8	-6.91106274979796353E0
6.45646290000000000E8	-6.91554979063021413E0
6.50651300000000088E8	-6.91988430737986882E0
6.55656309999999998E8	-6.92406448777624028E0
6.60661320000000085E8	-6.92808854834786914E0
6.65666329999999995E8	-6.93195473425503295E0
6.70671340000000082E8	-6.93566131914683215E0
6.75676349999999992E8	-6.93920660499909836E0
6.80681359999999991E8	-6.94258892196224142E0
6.85686369999999989E8	-6.94580662818862304E0
6.90691379999999988E8	-6.94885810968521067E0
6.95696389999999987E8	-6.95174178014779987E0
7.00701400000000074E8	-6.95445608079273647E0
7.05706409999999984E8	-6.95699948021266756E0
7.10711420000000071E8	-6.95937047419608401E0
7.15716429999999981E8	-6.96156758557987843E0
7.20721440000000069E8	-6.96358936408936913E0
7.25726449999999979E8	-6.96543438617947075E0
7.30731459999999977E8	-6.96710125488501308E0
7.35736470000000065E8	-6.96858859965506472E0
7.40741480000000063E8	-6.96989507622021343E0
7.45746490000000062E8	-6.97101936643352360E0
7.50751499999999972E8	-6.97196017813156210E0
7.55756509999999970E8	-6.97271624499142817E0
7.60761520000000058E8	-6.97328632639826385E0
7.65766530000000056E8	-6.97366920730839013E0
7.70771540000000055E8	-6.97386369812305151E0
7.75776549999999965E8	-6.97386863456478601E0
7.80781559999999963E8	-6.97368287755666305E0
7.85786569999999962E8	-6.97330531311411672E0
7.90791579999999961E8	-6.97273485222749123E0
7.95796590000000226E8	-6.97197043077100265E0
8.00801600000000136E8	-6.97101100939549845E0
8.05806609999999957E8	-6.96985557344460283E0
8.10811619999999955E8	-6.96850313286803313E0
8.15816630000000131E8	-6.96695272214452288E0
8.20821640000000130E8	-6.96520340020964390E0
8.25826650000000129E8	-6.96325425039609147E0
8.30831660000000127E8	-6.96110438037199497E0
8.35836670000000126E8	-6.95875292209723462E0
8.40841680000000125E8	-6.95619903178040921E0
8.45846690000000123E8	-6.95344188984272993E0
8.50851699999999944E8	-6.95048070090023629E0
8.55856710000000120E8	-6.94731469373957466E0
8.60861719999999941E8	-6.94394312131646618E0
8.65866730000000118E8	-6.94036526075378646E0
8.70871739999999939E8	-6.93658041335180631E0
8.75876750000000115E8	-6.93258790460791019E0
8.80881760000000114E8	-6.92838708424713268E0
8.85886769999999935E8	-6.92397732625759943E0
8.90891779999999933E8	-6.91935802894234087E0
8.95896790000000109E8	-6.91452861497579185E0
9.00901800000000108E8	-6.90948853147298081E0
9.05906810000000107E8	-6.90423725007080069E0
9.10911820000000105E8	-6.89877426701538354E0
9.15916830000000104E8	-6.89309910326543118E0
9.20921840000000103E8	-6.88721130460350572E0
9.25926850000000101E8	-6.88111044176100695E0
9.30931860000000100E8	-6.87479611055139372E0
9.35936869999999921E8	-6.86826793201903651E0
9.40941880000000097E8	-6.86152555259661234E0
9.45946889999999918E8	-6.85456864427696022E0
9.50951900000000094E8	-6.84739690479760998E0
9.55956909999999915E8	-6.84001005783461036E0
9.60961920000000092E8	-6.83240785321371646E0
9.65966929999999913E8	-6.82459006713085969E0
9.70971940000000089E8	-6.81655650238747235E0
9.75976949999999910E8	-6.80830698863903905E0
9.80981959999999908E8	-6.79984138265722926E0
9.85986969999999907E8	-6.79115956860634284E0
9.90991980000000083E8	-6.78226145833232508E0
9.95996990000000082E8	-6.77314699166682654E0
1.00100200000000017E9	-6.76381613674648641E0
1.00600701000000003E9	-6.75426889034599043E0
1.01101201999999990E9	-6.74450527822524482E0
1.01601702999999999E9	-6.73452535549283482E0
1.02102204000000008E9	-6.72432920698380521E0
1.02602705000000016E9	-6.71391694765368285E0
1.03103206000000003E9	-6.70328872298695977E0
1.03603706999999989E9	-6.69244470942171965E0
1.04104207999999998E9	-6.68138511479111941E0
1.04604709000000007E9	-6.67011017877890655E0
1.05105210000000016E9	-6.65862017339382462E0
1.05605710999999980E9	-6.64691540345756060E0
1.06106211999999989E9	-6.63499620711182558E0
1.06606712999999997E9	-6.62286295634060451E0
1.07107214000000006E9	-6.61051605750927962E0
1.07607714999999993E9	-6.59795595192200679E0
1.08108216000000001E9	-6.58518311639424248E0
1.08608717000000010E9	-6.57219806384465777E0
1.09109217999999997E9	-6.55900134390218081E0
1.09609719000000005E9	-6.54559354353213330E0
1.10110220000000014E9	-6.53197528767937641E0
1.10610720999999979E9	-6.51814723992801515E0
1.11111222000000009E9	-6.50411010318010607E0
1.11611722999999996E9	-6.48986462035148737E0
1.12112224000000005E9	-6.47541157508431731E0
1.12612725000000014E9	-6.46075179247858511E0
1.13113225999999978E9	-6.44588613984028491E0
1.13613727000000009E9	-6.43081552744771212E0
1.14114227999999995E9	-6.41554090933405963E0
1.14614729000000004E9	-6.40006328408974401E0
1.15115230000000013E9	-6.38438369567816277E0
1.15615730999999999E9	-6.36850323427228204E0
1.16116232000000008E9	-6.35242303710707823E0
1.16616732999999995E9	-6.33614428934521801E0
1.17117234000000003E9	-6.31966822496537617E0
1.17617735000000012E9	-6.30299612766012807E0
1.18118235999999999E9	-6.28612933175550648E0
1.18618737000000007E9	-6.26906922314004866E0
1.19119237999999994E9	-6.25181724021424579E0
1.19619739000000003E9	-6.23437487485102437E0
1.20120240000000011E9	-6.21674367337087119E0
1.20620740999999998E9	-6.19892523753168145E0
1.21121242000000007E9	-6.18092122552828904E0
1.21621742999999993E9	-6.16273335300837832E0
1.22122244000000002E9	-6.14436339409587617E0
1.22622744999999989E9	-6.12581318242858419E0
1.23123245999999997E9	-6.10708461219871701E0
1.23623747000000006E9	-6.08817963921299210E0
1.24124247999999993E9	-6.06910028194817919E0
1.24624749000000001E9	-6.04984862262275858E0
1.25125250000000010E9	-6.03042680827024746E0
1.25625750999999997E9	-6.01083705181310002E0
1.26126252000000005E9	-5.99108163314791309E0
1.26626752999999992E9	-5.97116290022437113E0
1.27127254000000001E9	-5.95108327012519744E0
1.27627755000000009E9	-5.93084523014896092E0
1.28128256000000018E9	-5.91045133888386065E0
1.28628757000000005E9	-5.88990422727699148E0
1.29129257999999991E9	-5.86920659970097791E0
1.29629759000000000E9	-5.84836123500324057E0
1.30130260000000009E9	-5.82737098754996907E0
1.30630760999999973E9	-5.80623878825245221E0
1.31131262000000004E9	-5.78496764557930732E0
1.31631762999999991E9	-5.76356064654696887E0
1.32132264000000021E9	-5.74202095769186016E0
1.32632764999999986E9	-5.72035182601469572E0
1.33133265999999995E9	-5.69855657989686115E0
1.33633766999999981E9	-5.67663862999089552E0
1.34134268000000012E9	-5.65460147007049763E0
1.34634768999999999E9	-5.63244867784839176E0
1.35135270000000007E9	-5.61018391574828357E0
1.35635770999999994E9	-5.58781093163803444E0
1.36136272000000003E9	-5.56533355950650321E0
1.36636772999999989E9	-5.54275572009735296E0
1.37137273999999998E9	-5.52008142147637848E0
1.37637775000000007E9	-5.49731475954348170E0
1.38138275999999993E9	-5.47445991847616753E0
1.38638777000000002E9	-5.45152117110738654E0
1.39139277999999988E9	-5.42850287922017305E0
1.39639779000000042E9	-5.40540949377209756E0
1.40140280000000006E9	-5.38224555502418056E0
1.40640780999999992E9	-5.35901569258696053E0
1.41141282000000001E9	-5.33572462537060943E0
1.41641782999999988E9	-5.31237716142839123E0
1.42142284000000019E9	-5.28897819769861854E0
1.42642785000000005E9	-5.26553271963140279E0
1.43143285999999992E9	-5.24204580069927850E0
1.43643786999999978E9	-5.21852260178028260E0
1.44144288000000009E9	-5.19496837041438031E0
1.44644788999999996E9	-5.17138843992231756E0
1.45145290000000005E9	-5.14778822837864958E0
1.45645790999999969E9	-5.12417323744604758E0
1.46146292000000000E9	-5.10054905104168643E0
1.46646792999999986E9	-5.07692133385359945E0
1.47147294000000017E9	-5.05329582968625157E0
1.47647795000000004E9	-5.02967835963142385E0
1.48148296000000013E9	-5.00607482006386917E0
1.48648796999999999E9	-4.98249118045038042E0
1.49149298000000008E9	-4.95893348096642228E0
1.49649798999999994E9	-4.93540782992044669E0
1.50150300000000003E9	-4.91192040097462623E0
1.50650800999999990E9	-4.88847743015821479E0
1.51151301999999998E9	-4.86508521266996397E0
1.51651803000000029E9	-4.84175009946536949E0
1.52152304000000016E9	-4.81847849361931146E0
1.52652805000000003E9	-4.79527684647134045E0
1.53153306000000011E9	-4.77215165353447546E0
1.53653806999999976E9	-4.74910945017671615E0
1.54154308000000007E9	-4.72615680707320873E0
1.54654808999999993E9	-4.70330032541263598E0
1.55155310000000002E9	-4.68054663187512165E0
1.55655810999999988E9	-4.65790237336722068E0
1.56156311999999997E9	-4.63537421152131657E0
1.56656812999999984E9	-4.61296881695474692E0
1.57157313999999992E9	-4.59069286329421544E0
1.57657815000000001E9	-4.56855302096514659E0
1.58158315999999988E9	-4.54655595075129959E0
1.58658816999999974E9	-4.52470829712335743E0
1.59159318000000050E9	-4.50301668134795285E0
1.59659818999999992E9	-4.48148769438150918E0
1.60160320000000023E9	-4.46012788954651818E0
1.60660820999999987E9	-4.43894377501355741E0
1.61161321999999996E9	-4.41794180608777953E0
1.61661822999999982E9	-4.39712837730963368E0
1.62162323999999991E9	-4.37650981438344733E0
1.62662825000000022E9	-4.35609236595259741E0
1.63163326000000031E9	-4.33588219521699259E0
1.63663826999999995E9	-4.31588537142989637E0
1.64164328000000026E9	-4.29610786127342692E0
1.64664828999999990E9	-4.27655552013321927E0
1.65165330000000021E9	-4.25723408329680897E0
1.65665830999999986E9	-4.23814915708690165E0
1.66166332000000017E9	-4.21930620995711081E0
1.66666832999999981E9	-4.20071056356193129E0
1.67167334000000034E9	-4.18236738383624651E0
1.67667835000000021E9	-4.16428167210013278E0
1.68168336000000029E9	-4.14645825620770037E0
1.68668836999999994E9	-4.12890178178347256E0
1.69169338000000025E9	-4.11161670355244890E0
1.69669838999999989E9	-4.09460727680452319E0
1.70170339999999998E9	-4.07787754901579547E0
1.70670840999999984E9	-4.06143135165341373E0
1.71171342000000015E9	-4.04527229219858153E0
1.71671843000000024E9	-4.02940374640973964E0
1.72172343999999988E9	-4.01382885085900831E0
1.72672844999999997E9	-3.99855049577431831E0
1.73173346000000028E9	-3.98357131820997434E0
1.73673847000000015E9	-3.96889369557862404E0
1.74174347999999979E9	-3.95451973957448644E0
1.74674848999999988E9	-3.94045129051610976E0
1.75175350000000019E9	-3.92668991213532115E0
1.75675851000000027E9	-3.91323688683776361E0
1.76176352000000014E9	-3.90009321147075694E0
1.76676852999999978E9	-3.88725959361045970E0
1.77177353999999987E9	-3.87473644840509923E0
1.77677855000000018E9	-3.86252389598954693E0
1.78178355999999982E9	-3.85062175949446184E0
1.78678856999999991E9	-3.83902956367538684E0
1.79179358000000022E9	-3.82774653416841204E0
1.79679858999999986E9	-3.81677159740481020E0
1.80180360000000017E9	-3.80610338118339797E0
1.80680860999999982E9	-3.79574021592404254E0
1.81181362000000012E9	-3.78568013660667813E0
1.81681863000000021E9	-3.77592088540851467E0
1.82182364000000030E9	-3.76645991503864286E0
1.82682864999999994E9	-3.75729439278052313E0
1.83183366000000025E9	-3.74842120523468258E0
1.83683866999999990E9	-3.73983696377011077E0
1.84184368000000021E9	-3.73153801066819835E0
1.84684868999999985E9	-3.72352042596030275E0
1.85185370000000016E9	-3.71578003494708975E0
1.85685870999999980E9	-3.70831241638436326E0
1.86186372000000011E9	-3.70111291132316911E0
1.86686872999999953E9	-3.69417663258624129E0
1.87187373999999984E9	-3.68749847485834703E0
1.87687874999999993E9	-3.68107312537068188E0
1.88188376000000024E9	-3.67489507515032443E0
1.88688876999999988E9	-3.66895863081138440E0
1.89189377999999975E9	-3.66325792685531892E0
1.89689878999999983E9	-3.65778693844779479E0
1.90190380000000014E9	-3.65253949464008087E0
1.90690881000000023E9	-3.64750929199901464E0
1.91191381999999988E9	-3.64268990860499731E0
1.91691883000000018E9	-3.63807481838221403E0
1.92192384000000027E9	-3.63365740571839391E0
1.92692885000000014E9	-3.62943098033120970E0
1.93193385999999978E9	-3.62538879234115896E0
1.93693886999999987E9	-3.62152404750381640E0
1.94194388000000018E9	-3.61782992255675850E0
1.94694889000000027E9	-3.61429958063865131E0
1.95195389999999991E9	-3.61092618672980858E0
1.95695891000000022E9	-3.60770292307304796E0
1.96196391999999986E9	-3.60462300452427176E0
1.96696893000000017E9	-3.60167969379038233E0
1.97197393999999981E9	-3.59886631650598909E0
1.97697894999999990E9	-3.59617627610594015E0
1.98198396000000021E9	-3.59360306844787925E0
1.98698896999999985E9	-3.59114029614238994E0
1.99199398000000016E9	-3.58878168254584651E0
1.99699898999999936E9	-3.58652108537914849E0
2.00200400000000034E9	-3.58435250992751486E0
2.00700900999999998E9	-3.58227012178576487E0
2.01201402000000007E9	-3.58026825911264224E0
2.01701902999999971E9	-3.57834144435740198E0
2.02202403999999980E9	-3.57648439542709617E0
2.02702904999999989E9	-3.57469203626446808E0
2.03203405999999998E9	-3.57295950680499574E0
2.03703906999999962E9	-3.57128217228934064E0
2.04204408000000015E9	-3.56965563190619273E0
2.04704908999999979E9	-3.56807572674335205E0
2.05205410000000033E9	-3.56653854702849715E0
2.05705910999999997E9	-3.56504043864309139E0
2.06206412000000006E9	-3.56357800889484766E0
2.06706912999999970E9	-3.56214813153832566E0
2.07207413999999979E9	-3.56074795103344544E0
2.07707915000000032E9	-3.55937488603800389E0
2.08208415999999996E9	-3.55802663212912273E0
2.08708917000000005E9	-3.55670116375289158E0
2.09209418000000014E9	-3.55539673540565193E0
2.09709918999999978E9	-3.55411188204956829E0
2.10210420000000031E9	-3.55284541877081850E0
2.10710920999999995E9	-3.55159643968962868E0
2.11211421999999960E9	-3.55036431613331338E0
2.11711923000000013E9	-3.54914869408785361E0
2.12212423999999977E9	-3.54794949094415157E0
2.12712924999999986E9	-3.54676689155704983E0
2.13213425999999995E9	-3.54560134363909629E0
2.13713927000000004E9	-3.54445355251127481E0
2.14214428000000012E9	-3.54332447523508742E0
2.14714929000000065E9	-3.54221531415299040E0
2.15215429999999985E9	-3.54112750986536229E0
2.15715930999999994E9	-3.54006273367189106E0
2.16216432000000003E9	-3.53902287951157080E0
2.16716933000000012E9	-3.53801005542887914E0
2.17217434000000020E9	-3.53702657460366732E0
2.17717934999999985E9	-3.53607494597572636E0
2.18218435999999993E9	-3.53515786449956737E0
2.18718937000000002E9	-3.53427820106687474E0
2.19219438000000011E9	-3.53343899212919421E0
2.19719938999999931E9	-3.53264342906010764E0
2.20220440000000028E9	-3.53189484729054426E0
2.20720941000000037E9	-3.53119671525764645E0
2.21221441999999957E9	-3.53055262319881313E0
2.21721943000000010E9	-3.52996627183154876E0
2.22222444000000019E9	-3.52944146095144706E0
2.22722944999999983E9	-3.52898207798633523E0
2.23223445999999992E9	-3.52859208653955037E0
2.23723946999999956E9	-3.52827551495715142E0
2.24224448000000010E9	-3.52803644495258917E0
2.24724948999999974E9	-3.52787900031881163E0
2.25225450000000027E9	-3.52780733576318095E0
2.25725951000000036E9	-3.52782562589006421E0
2.26226451999999956E9	-3.52793805436515617E0
2.26726953000000053E9	-3.52814880328343783E0
2.27227454000000018E9	-3.52846204277307995E0
2.27727955000000026E9	-3.52888192085337948E0
2.28228455999999991E9	-3.52941255357583383E0
2.28728956999999955E9	-3.53005801546553588E0
2.29229458000000008E9	-3.53082233028547288E0
2.29729958999999928E9	-3.53170946214124459E0
2.30230460000000026E9	-3.53272330694293668E0
2.30730961000000034E9	-3.53386768423833786E0
2.31231461999999999E9	-3.53514632943439322E0
2.31731963000000007E9	-3.53656288641332672E0
2.32232464000000016E9	-3.53812090055840578E0
2.32732965000000025E9	-3.53982381219470366E0
2.33233465999999989E9	-3.54167495045308689E0
2.33733967000000042E9	-3.54367752756191878E0
2.34234468000000007E9	-3.54583463357220685E0
2.34734969000000016E9	-3.54814923151316819E0
2.35235470000000024E9	-3.55062415298596656E0
2.35735970999999989E9	-3.55326209418874717E0
2.36236471999999997E9	-3.55606561237356988E0
2.36736972999999962E9	-3.55903712273241446E0
2.37237474000000015E9	-3.56217889570331092E0
2.37737975000000024E9	-3.56549305469795863E0
2.38238475999999988E9	-3.56898157423496620E0
2.38738977000000041E9	-3.57264627847695904E0
2.39239478000000005E9	-3.57648884016000235E0
2.39739979000000014E9	-3.58051077990481037E0
2.40240480000000023E9	-3.58471346589948059E0
2.40740980999999987E9	-3.58909811394107070E0
2.41241481999999996E9	-3.59366578782598811E0
2.41741982999999960E9	-3.59841740007227529E0
2.42242484000000013E9	-3.60335371296247686E0
2.42742985000000022E9	-3.60847533989426328E0
2.43243485999999987E9	-3.61378274702047442E0
2.43743986999999995E9	-3.61927625516683982E0
2.44244488000000004E9	-3.62495604201141797E0
2.44744988999999968E9	-3.63082214450977281E0
2.45245489999999977E9	-3.63687446155123251E0
2.45745990999999986E9	-3.64311275682928359E0
2.46246491999999995E9	-3.64953666191339776E0
2.46746993000000048E9	-3.65614567950288682E0
2.47247494000000012E9	-3.66293918685118314E0
2.47747995000000021E9	-3.66991643934249012E0
2.48248495999999985E9	-3.67707657420646239E0
2.48748996999999950E9	-3.68441861435779039E0
2.49249498000000003E9	-3.69194147234389014E0
2.49749998999999967E9	-3.69964395438682736E0
2.50250500000000020E9	-3.70752476450814372E0
2.50751001000000029E9	-3.71558250871902374E0
2.51251501999999993E9	-3.72381569926553535E0
2.51752003000000091E9	-3.73222275891750677E0
2.52252504000000011E9	-3.74080202528407790E0
2.52753004999999975E9	-3.74955175515038608E0
2.53253505999999984E9	-3.75847012881818499E0
2.53754006999999993E9	-3.76755525444668837E0
2.54254508000000001E9	-3.77680517237550273E0
2.54755008999999966E9	-3.78621785942502731E0
2.55255510000000019E9	-3.79579123316811318E0
2.55756011000000028E9	-3.80552315615606407E0
2.56256512000000036E9	-3.81541144009658728E0
2.56757012999999956E9	-3.82545384997767135E0
2.57257514000000009E9	-3.83564810812591617E0
2.57758015000000018E9	-3.84599189819460774E0
2.58258515999999982E9	-3.85648286907728499E0
2.58759016999999947E9	-3.86711863873967943E0
2.59259518000000000E9	-3.87789679796570930E0
2.59760019000000009E9	-3.88881491401101709E0
2.60260520000000017E9	-3.89987053416506324E0
2.60761020999999982E9	-3.91106118921307910E0
2.61261521999999946E9	-3.92238439679495299E0
2.61762022999999910E9	-3.93383766466648765E0
2.62262524000000008E9	-3.94541849384509025E0
2.62763025000000017E9	-3.95712438165633706E0
2.63263525999999981E9	-3.96895282466503785E0
2.63764026999999990E9	-3.98090132149864440E0
2.64264528000000043E9	-3.99296737555632708E0
2.64765029000000052E9	-4.00514849760803493E0
2.65265529999999972E9	-4.01744220828008203E0
2.65766030999999980E9	-4.02984604042811423E0
2.66266531999999989E9	-4.04235754139859083E0
2.66767032999999953E9	-4.05497427518012366E0
2.67267533999999962E9	-4.06769382443914118E0
2.67768035000000015E9	-4.08051379245154422E0
2.68268536000000024E9	-4.09343180492345660E0
2.68769037000000033E9	-4.10644551170379657E0
2.69269537999999997E9	-4.11955258839187888E0
2.69770039000000006E9	-4.13275073784306457E0
2.70270540000000015E9	-4.14603769156871049E0
2.70771041000000068E9	-4.15941121103888989E0
2.71271541999999988E9	-4.17286908888689645E0
2.71772043000000085E9	-4.18640915001488523E0
2.72272544000000005E9	-4.20002925260950288E0
2.72773045000000014E9	-4.21372728906489069E0
2.73273545999999978E9	-4.22750118681608456E0
2.73774046999999987E9	-4.24134890908580431E0
2.74274547999999996E9	-4.25526845554856337E0
2.74775048999999960E9	-4.26925786291175413E0
2.75275550000000013E9	-4.28331520542097532E0
2.75776051000000066E9	-4.29743859528297190E0
2.76276551999999986E9	-4.31162618302118883E0
2.76777053000000040E9	-4.32587615775660339E0
2.77277554000000004E9	-4.34018674741952637E0
2.77778055000000013E9	-4.35455621889862776E0
2.78278555999999977E9	-4.36898287812269981E0
2.78779056999999941E9	-4.38346507008433051E0
2.79279558000000083E9	-4.39800117880199437E0
2.79780059000000003E9	-4.41258962723106585E0
2.80280560000000012E9	-4.42722887711455737E0
2.80781061000000021E9	-4.44191742879028251E0
2.81281561999999985E9	-4.45665382094378870E0
2.81782062999999994E9	-4.47143663031723282E0
2.82282564000000002E9	-4.48626447137331219E0
2.82783064999999967E9	-4.50113599591832259E0
2.83283565999999976E9	-4.51604989268630597E0
2.83784066999999984E9	-4.53100488688245218E0
2.84284568000000037E9	-4.54599973969538684E0
2.84785069000000046E9	-4.56103324777446506E0
2.85285570000000011E9	-4.57610424267380544E0
2.85786070999999975E9	-4.59121159027194103E0
2.86286571999999984E9	-4.60635419015827630E0
2.86787072999999948E9	-4.62153097500007171E0
2.87287573999999957E9	-4.63674090988108123E0
2.87788075000000054E9	-4.65198299161926165E0
2.88288576000000019E9	-4.66725624806737560E0
2.88789077000000027E9	-4.68255973739094422E0
2.89289577999999992E9	-4.69789254733121986E0
2.89790079000000045E9	-4.71325379445478987E0
2.90290580000000009E9	-4.72864262338455710E0
2.90791081000000018E9	-4.74405820602119022E0
2.91291581999999938E9	-4.75949974075481830E0
2.91792082999999991E9	-4.77496645166499967E0
2.92292584000000000E9	-4.79045758771165175E0
2.92793085000000008E9	-4.80597242192220353E0
2.93293585999999973E9	-4.82151025056867510E0
2.93794086999999982E9	-4.83707039234398017E0
2.94294588000000035E9	-4.85265218753165239E0
2.94795088999999955E9	-4.86825499717560017E0
2.95295590000000008E9	-4.88387820224537617E0
2.95796091000000061E9	-4.89952120280476766E0
2.96296592000000025E9	-4.91518341717695684E0
2.96797093000000034E9	-4.93086428111580766E0
2.97297593999999998E9	-4.94656324697410099E0
2.97798095000000007E9	-4.96227978287895688E0
2.98298596000000016E9	-4.97801337191164972E0
2.98799096999999936E9	-4.99376351128744478E0
2.99299597999999989E9	-5.00952971154651561E0
2.99800098999999909E9	-5.02531149575011149E0
3.00300600000000006E9	-5.04110839867811578E0
3.00801101000000015E9	-5.05691996604313765E0
3.01301601999999979E9	-5.07274575370479575E0
3.01802102999999988E9	-5.08858532689959198E0
3.02302603999999997E9	-5.10443825947388330E0
3.02803105000000006E9	-5.12030413313266131E0
3.03303606000000059E9	-5.13618253669257374E0
3.03804106999999979E9	-5.15207306535267673E0
3.04304608000000032E9	-5.16797531997086068E0
3.04805109000000041E9	-5.18388890635546851E0
3.05305610000000005E9	-5.19981343456655143E0
3.05806110999999969E9	-5.21574851823482533E0
3.06306612000000023E9	-5.23169377388576784E0
3.06807113000000031E9	-5.24764882028387358E0
3.07307613999999951E9	-5.26361327778679922E0
3.07808115000000004E9	-5.27958676771590252E0
3.08308616000000013E9	-5.29556891173785349E0
3.08809116999999933E9	-5.31155933126449042E0
3.09309617999999986E9	-5.32755764686330657E0
3.09810119000000039E9	-5.34356347768664808E0
3.10310620000000004E9	-5.35957644091418661E0
3.10811121000000012E9	-5.37559615120937107E0
3.11311621999999977E9	-5.39162222019377335E0
3.11812123000000074E9	-5.40765425593721005E0
3.12312623999999994E9	-5.42369186245892898E0
3.12813125000000003E9	-5.43973463925137235E0
3.13313625999999967E9	-5.45578218081580246E0
3.13814126999999976E9	-5.47183407621367213E0
3.14314627999999985E9	-5.48788990863464754E0
3.14815129000000038E9	-5.50394925498227305E0
3.15315630000000002E9	-5.52001168547537979E0
3.15816130999999967E9	-5.53607676326289955E0
3.16316631999999975E9	-5.55214404405758977E0
3.16817133000000029E9	-5.56821307578502900E0
3.17317633999999948E9	-5.58428339824859954E0
3.17818135000000002E9	-5.60035454281199563E0
3.18318636000000099E9	-5.61642603209537050E0
3.18819136999999930E9	-5.63249737968801512E0
3.19319637999999983E9	-5.64856808987883952E0
3.19820138999999992E9	-5.66463765740090608E0
3.20320640000000045E9	-5.68070556719158937E0
3.20821140999999965E9	-5.69677129417020467E0
3.21321641999999974E9	-5.71283430302833484E0
3.21822143000000072E9	-5.72889404803609636E0
3.22322643999999991E9	-5.74494997286891262E0
3.22823145000000000E9	-5.76100151043989861E0
3.23323645999999965E9	-5.77704808275406378E0
3.23824146999999973E9	-5.79308910077734041E0
3.24324647999999982E9	-5.80912396431449984E0
3.24825148999999991E9	-5.82515206190889590E0
3.25325650000000044E9	-5.84117277074980024E0
3.25826151000000053E9	-5.85718545659818091E0
3.26326652000000061E9	-5.87318947372460975E0
3.26827153000000070E9	-5.88918416486011065E0
3.27327653999999990E9	-5.90516886116178874E0
3.27828154999999999E9	-5.92114288219019436E0
3.28328656000000052E9	-5.93710553590104606E0
3.28829156999999972E9	-5.95305611864797335E0
3.29329657999999981E9	-5.96899391519837863E0
3.29830158999999989E9	-5.98491819876253395E0
3.30330660000000043E9	-6.00082823103287843E0
3.30831160999999963E9	-6.01672326223561793E0
3.31331661999999971E9	-6.03260253119290102E0
3.31832162999999980E9	-6.04846526539910023E0
3.32332664000000033E9	-6.06431068110140181E0
3.32833164999999997E9	-6.08013798340069300E0
3.33333665999999962E9	-6.09594636635346987E0
3.33834167000000059E9	-6.11173501308852529E0
3.34334668000000068E9	-6.12750309593133924E0
3.34835169000000032E9	-6.14324977654086357E0
3.35335670000000041E9	-6.15897420605156221E0
3.35836170999999961E9	-6.17467552522649488E0
3.36336672000000059E9	-6.19035286461866185E0
3.36837172999999979E9	-6.20600534474202181E0
3.37337673999999987E9	-6.22163207624589276E0
3.37838174999999996E9	-6.23723216010298120E0
3.38338676000000049E9	-6.25280468780090892E0
3.38839177000000058E9	-6.26834874154041266E0
3.39339677999999978E9	-6.28386339444444086E0
3.39840178999999987E9	-6.29934771076920885E0
3.40340679999999995E9	-6.31480074612479569E0
3.40841180999999960E9	-6.33022154769934886E0
3.41341681999999969E9	-6.34560915448932139E0
3.41842182999999888E9	-6.36096259753719195E0
3.42342684000000030E9	-6.37628090017360272E0
3.42843184999999995E9	-6.39156307826169012E0
3.43343686000000048E9	-6.40680814044623492E0
3.43844187000000057E9	-6.42201508841347302E0
3.44344687999999977E9	-6.43718291714699742E0
3.44845188999999985E9	-6.45231061519108007E0
3.45345689999999994E9	-6.46739716491710048E0
3.45846190999999958E9	-6.48244154279378826E0
3.46346692000000056E9	-6.49744271965873477E0
3.46847192999999976E9	-6.51239966099533518E0
3.47347694000000029E9	-6.52731132720947116E0
3.47848194999999993E9	-6.54217667390878166E0
3.48348695999999958E9	-6.55699465218754085E0
3.48849197000000055E9	-6.57176420890881996E0
3.49349697999999975E9	-6.58648428698936605E0
3.49850198999999984E9	-6.60115382568890041E0
3.50350700000000037E9	-6.61577176089583929E0
3.50851200999999957E9	-6.63033702541686676E0
3.51351702000000055E9	-6.64484854926882385E0
3.51852203000000063E9	-6.65930525996622080E0
3.52352704000000028E9	-6.67370608281197075E0
3.52853204999999992E9	-6.68804994119088558E0
3.53353705999999956E9	-6.70233575685700611E0
3.53854207000000054E9	-6.71656245022636611E0
3.54354707999999974E9	-6.73072894066638394E0
3.54855208999999983E9	-6.74483414678532789E0
3.55355710000000036E9	-6.75887698672144932E0
3.55856211000000044E9	-6.77285637843150745E0
3.56356711999999964E9	-6.78677123997631693E0
3.56857212999999973E9	-6.80062048980765699E0
3.57357713999999982E9	-6.81440304705253830E0
3.57858214999999991E9	-6.82811783179743159E0
3.58358716000000044E9	-6.84176376536761843E0
3.58859217000000053E9	-6.85533977060810340E0
3.59359717999999972E9	-6.86884477216287692E0
3.59860219000000026E9	-6.88227769675079415E0
3.60360720000000034E9	-6.89563747343732825E0
3.60861220999999954E9	-6.90892303391029294E0
3.61361721999999963E9	-6.92213331274671617E0
3.61862222999999972E9	-6.93526724768231162E0
3.62362724000000025E9	-6.94832377987707339E0
3.62863224999999989E9	-6.96130185417658431E0
3.63363726000000042E9	-6.97420041937341306E0
3.63864227000000096E9	-6.98701842846404020E0
3.64364728000000060E9	-6.99975483890463135E0
3.64865228999999980E9	-7.01240861286347883E0
3.65365729999999989E9	-7.02497871747157188E0
3.65866231000000131E9	-7.03746412506659702E0
3.66366732000000050E9	-7.04986381343896440E0
3.66867232999999970E9	-7.06217676607421829E0
3.67367733999999979E9	-7.07440197238914958E0
3.67868235000000032E9	-7.08653842796633171E0
3.68368736000000041E9	-7.09858513478904296E0
3.68869236999999961E9	-7.11054110146998930E0
3.69369737999999970E9	-7.12240534347644072E0
3.69870238999999978E9	-7.13417688335273681E0
3.70370740000000032E9	-7.14585475094347977E0
3.70871240999999952E9	-7.15743798360907668E0
3.71371741999999960E9	-7.16892562643922204E0
3.71872242999999880E9	-7.18031673246565472E0
3.72372744000000022E9	-7.19161036286844713E0
3.72873245000000031E9	-7.20280558718317288E0
3.73373745999999906E9	-7.21390148350051774E0
3.73874247000000048E9	-7.22489713866904459E0
3.74374747999999968E9	-7.23579164848631962E0
3.74875248999999977E9	-7.24658411789617762E0
3.75375749999999986E9	-7.25727366117742356E0
3.75876251000000039E9	-7.26785940213025050E0
3.76376752000000048E9	-7.27834047426222153E0
3.76877252999999968E9	-7.28871602096872095E0
3.77377753999999976E9	-7.29898519571224735E0
3.77878254999999985E9	-7.30914716219770710E0
3.78378755999999949E9	-7.31920109454502477E0
3.78879257000000047E9	-7.32914617746267538E0
3.79379757999999967E9	-7.33898160641171504E0
3.79880258999999887E9	-7.34870658777147590E0
3.80380760000000029E9	-7.35832033900550719E0
3.80881261000000126E9	-7.36782208881614853E0
3.81381762000000046E9	-7.37721107730729297E0
3.81882262999999966E9	-7.38648655613587746E0
3.82382763999999975E9	-7.39564778866673134E0
3.82883265000000028E9	-7.40469405012047410E0
3.83383766000000037E9	-7.41362462772353581E0
3.83884267000000046E9	-7.42243882085298345E0
3.84384768000000054E9	-7.43113594118159249E0
3.84885268999999974E9	-7.43971531281495047E0
3.85385770000000027E9	-7.44817627243695490E0
3.85886270999999947E9	-7.45651816944253998E0
3.86386771999999956E9	-7.46474036607389024E0
3.86887272999999965E9	-7.47284223755542421E0
3.87387773999999974E9	-7.48082317222279691E0
3.87888274999999982E9	-7.48868257165534956E0
3.88388776000000036E9	-7.49641985080126361E0
3.88889277000000089E9	-7.50403443810728987E0
3.89389778000000053E9	-7.51152577563859225E0
3.89890279000000017E9	-7.51889331920857984E0
3.90390779999999982E9	-7.52613653849201736E0
3.90891281000000035E9	-7.53325491715238638E0
3.91391782000000044E9	-7.54024795295680672E0
3.91892282999999964E9	-7.54711515789462517E0
3.92392783999999972E9	-7.55385605829205709E0
3.92893284999999981E9	-7.56047019492901651E0
3.93393786000000034E9	-7.56695712315137392E0
3.93894287000000043E9	-7.57331641298243241E0
3.94394787999999963E9	-7.57954764923746360E0
3.94895288999999972E9	-7.58565043162962560E0
3.95395789999999980E9	-7.59162437488444564E0
3.95896291000000122E9	-7.59746910884290561E0
3.96396792000000042E9	-7.60318427857303369E0
3.96897292999999873E9	-7.60876954447417564E0
3.97397793999999971E9	-7.61422458238592892E0
3.97898295000000113E9	-7.61954908368856376E0
3.98398796000000033E9	-7.62474275541166868E0
3.98899297000000042E9	-7.62980532033666670E0
3.99399797999999873E9	-7.63473651710026679E0
3.99900299000000015E9	-7.63953610029525354E0
4.00400800000000068E9	-7.64420384057671676E0
4.00901300999999943E9	-7.64873952475874841E0
4.01401801999999996E9	-7.65314295592049376E0
4.01902302999999961E9	-7.65741395350341225E0
4.02402804000000014E9	-7.66155235341404595E0
4.02903304999999978E9	-7.66555800812158328E0
4.03403805999999943E9	-7.66943078676119327E0
4.03904307000000085E9	-7.67317057523051016E0
4.04404807999999960E9	-7.67677727629097273E0
4.04905308999999924E9	-7.68025080966409845E0
4.05405809999999978E9	-7.68359111213428569E0
4.05906311000000120E9	-7.68679813764398112E0
4.06406811999999995E9	-7.68987185739423129E0
4.06907312999999959E9	-7.69281225994214868E0
4.07407813999999924E9	-7.69561935129941155E0
4.07908315000000066E9	-7.69829315502946265E0
4.08408816000000030E9	-7.70083371234818603E0
4.08909316999999994E9	-7.70324108221791803E0
4.09409817999999959E9	-7.70551534144820138E0
4.09910318999999923E9	-7.70765658479248472E0
4.10410820000000065E9	-7.70966492504605672E0
4.10911321000000029E9	-7.71154049314267009E0
4.11411821999999994E9	-7.71328343825248020E0
4.11912322999999869E9	-7.71489392788113815E0
4.12412824000000011E9	-7.71637214796334447E0
4.12913325000000064E9	-7.71771830296316175E0
4.13413825999999940E9	-7.71893261596979929E0
4.13914327000000082E9	-7.72001532879394414E0
4.14414827999999957E9	-7.72096670206523594E0
4.14915329000000010E9	-7.72178701532925782E0
4.15415830000000064E9	-7.72247656714047537E0
4.15916331000000028E9	-7.72303567516372969E0
4.16416831999999992E9	-7.72346467626421962E0
4.16917332999999957E9	-7.72376392660646971E0
4.17417834000000010E9	-7.72393380174888566E0
4.17918335000000063E9	-7.72397469673698911E0
4.18418836000000027E9	-7.72388702619797396E0
4.18919336999999992E9	-7.72367122443527698E0
4.19419837999999956E9	-7.72332774552009838E0
4.19920338999999920E9	-7.72285706338563216E0
4.20420840000000062E9	-7.72225967191671359E0
4.20921341000000027E9	-7.72153608504366762E0
4.21421841999999991E9	-7.72068683682900492E0
4.21922343000000044E9	-7.71971248155903211E0
4.22422843999999920E9	-7.71861359383192358E0
4.22923345000000062E9	-7.71739076864426465E0
4.23423846000000026E9	-7.71604462147699799E0
4.23924346999999990E9	-7.71457578838229630E0
4.24424847999999955E9	-7.71298492606437236E0
4.24925349000000097E9	-7.71127271196349895E0
4.25425849999999972E9	-7.70943984433494656E0
4.25926350999999936E9	-7.70748704233025705E0
4.26426851999999990E9	-7.70541504607201144E0
4.26927352999999954E9	-7.70322461673033487E0
4.27427854000000007E9	-7.70091653659673891E0
4.27928355000000060E9	-7.69849160915295272E0
4.28428856000000025E9	-7.69595065914264076E0
4.28929356999999989E9	-7.69329453263588281E0
4.29429858000000131E9	-7.69052409709356155E0
4.29930359000000095E9	-7.68764024142789282E0
4.30430859999999971E9	-7.68464387606261212E0
4.30931361000000024E9	-7.68153593298537452E0
4.31431861999999988E9	-7.67831736580204893E0
4.31932363000000130E9	-7.67498914978389646E0
4.32432864000000006E9	-7.67155228191322358E0
4.32933365000000059E9	-7.66800778092362467E0
4.33433866000000023E9	-7.66435668733916842E0
4.33934366999999988E9	-7.66060006350482237E0
4.34434868000000041E9	-7.65673899361722299E0
4.34935368999999916E9	-7.65277458374721320E0
4.35435869999999969E9	-7.64870796185994184E0
4.35936370999999934E9	-7.64454027782884893E0
4.36436871999999987E9	-7.64027270344392573E0
4.36937372999999951E9	-7.63590643241563782E0
4.37437874000000004E9	-7.63144268037179696E0
4.37938375000000057E9	-7.62688268484851140E0
4.38438876000000022E9	-7.62222770527657989E0
4.38939376999999986E9	-7.61747902295841772E0
4.39439877999999862E9	-7.61263794103955060E0
4.39940379000000004E9	-7.60770578447371282E0
4.40440880000000057E9	-7.60268389997826688E0
4.40941380999999932E9	-7.59757365598372569E0
4.41441882000000074E9	-7.59237644257443911E0
4.41942383000000127E9	-7.58709367141899715E0
4.42442883999999914E9	-7.58172677569573761E0
4.42943384999999967E9	-7.57627721000538212E0
4.43443886000000020E9	-7.57074645027505877E0
4.43944386999999985E9	-7.56513599365323941E0
4.44444888000000038E9	-7.55944735839383242E0
4.44945388999999913E9	-7.55368208372897243E0
4.45445889999999967E9	-7.54784172973105782E0
4.45946391000000109E9	-7.54192787716323032E0
4.46446891999999984E9	-7.53594212731850455E0
4.46947393000000037E9	-7.52988610184394780E0
4.47447893999999913E9	-7.52376144255527102E0
4.47948395000000055E9	-7.51756981123564838E0
4.48448896000000019E9	-7.51131288942086695E0
4.48949396999999983E9	-7.50499237817136144E0
4.49449897999999948E9	-7.49860999782738702E0
4.49950399000000001E9	-7.49216748775025732E0
4.50450900000000054E9	-7.48566660604696743E0
4.50951400999999930E9	-7.47910912927712612E0
4.51451902000000072E9	-7.47249685214553061E0
4.51952402999999858E9	-7.46583158717311868E0
4.52452903999999911E9	-7.45911516435287059E0
4.52953405000000053E9	-7.45234943078389467E0
4.53453906000000107E9	-7.44553625028777777E0
4.53954406999999982E9	-7.43867750300298347E0
4.54454908000000035E9	-7.43177508495884354E0
4.54955408999999911E9	-7.42483090762703046E0
4.55455910000000053E9	-7.41784689745147752E0
4.55956411000000017E9	-7.41082499535210992E0
4.56456911999999981E9	-7.40376715620736547E0
4.56957412999999946E9	-7.39667534830934859E0
4.57457913999999910E9	-7.38955155279292519E0
4.57958415000000052E9	-7.38239776303822559E0
4.58458916000000016E9	-7.37521598404586509E0
4.58959416999999981E9	-7.36800823177988207E0
4.59459917999999856E9	-7.36077653248446140E0
4.59960418999999998E9	-7.35352292196603763E0
4.60460920000000051E9	-7.34624944484399123E0
4.60961420999999927E9	-7.33895815376837746E0
4.61461922000000069E9	-7.33165110860076119E0
4.61962422999999944E9	-7.32433037555949884E0
4.62462923999999997E9	-7.31699802632707019E0
4.62963425000000051E9	-7.30965613711788187E0
4.63463926000000015E9	-7.30230678770351815E0
4.63964426999999979E9	-7.29495206039778843E0
4.64464928000000032E9	-7.28759403899468872E0
4.64965428999999997E9	-7.28023480766061759E0
4.65465930000000050E9	-7.27287644977805314E0
4.65966431000000014E9	-7.26552104673748289E0
4.66466931999999979E9	-7.25817067667831139E0
4.66967432999999943E9	-7.25082741317088164E0
4.67467934000000085E9	-7.24349332384268862E0
4.67968434999999960E9	-7.23617046894250038E0
4.68468936000000014E9	-7.22886089984051328E0
4.68969436999999978E9	-7.22156665745986714E0
4.69469938000000031E9	-7.21428977063977239E0
4.69970438999999995E9	-7.20703225442096951E0
4.70470940000000049E9	-7.19979610825453342E0
4.70971440999999924E9	-7.19258331412700791E0
4.71471941999999977E9	-7.18539583459634112E0
4.71972443000000030E9	-7.17823561073796590E0
4.72472943999999995E9	-7.17110455998855301E0
4.72973444999999959E9	-7.16400457388997847E0
4.73473945999999923E9	-7.15693751571779835E0
4.73974447000000065E9	-7.14990521799564149E0
4.74474948000000030E9	-7.14290947988279790E0
4.74975448999999994E9	-7.13595206442841690E0
4.75475950000000047E9	-7.12903469568281345E0
4.75976451000000012E9	-7.12215905565783824E0
4.76476951999999976E9	-7.11532678112241967E0
4.76977452999999940E9	-7.10853946022600347E0
4.77477954000000082E9	-7.10179862893235381E0
4.77978454999999958E9	-7.09510576725504016E0
4.78478956000000011E9	-7.08846229527413740E0
4.78979456999999975E9	-7.08186956892319053E0
4.79479958000000028E9	-7.07532887552251211E0
4.79980458999999993E9	-7.06884142904418677E0
4.80480960000000046E9	-7.06240836508364023E0
4.80981460999999921E9	-7.05603073551352100E0
4.81481961999999974E9	-7.04970950279729003E0
4.81982463000000028E9	-7.04344553392890926E0
4.82482963999999992E9	-7.03723959396892873E0
4.82983464999999956E9	-7.03109233914172904E0
4.83483965999999921E9	-7.02500430945457754E0
4.83984467000000063E9	-7.01897592079509991E0
4.84484968000000027E9	-7.01300745646133095E0
4.84985468999999902E9	-7.00709905806867983E0
4.85485970000000044E9	-7.00125071577881375E0
4.85986471000000009E9	-6.99546225778419917E0
4.86486971999999973E9	-6.98973333897592308E0
4.86987472999999937E9	-6.98406342871699248E0
4.87487973999999991E9	-6.97845179763186962E0
4.87988474999999955E9	-6.97289750331182034E0
4.88488976000000008E9	-6.96739937482947269E0
4.88989477000000061E9	-6.96195599593757919E0
4.89489977999999937E9	-6.95656568681663856E0
4.89990478999999901E9	-6.95122648421669709E0
4.90490979999999954E9	-6.94593611982410764E0
4.90991481000000007E9	-6.94069199666146641E0
4.91491981999999972E9	-6.93549116330369131E0
4.91992483000000025E9	-6.93033028567098786E0
4.92492983999999989E9	-6.92520561612662977E0
4.92993484999999954E9	-6.92011295957487871E0
4.93493986000000096E9	-6.91504763621447793E0
4.93994487000000060E9	-6.91000444055956287E0
4.94494988000000024E9	-6.90497759629192931E0
4.94995488999999900E9	-6.89996070644750503E0
4.95495990000000042E9	-6.89494669837879659E0
4.95996491000000095E9	-6.88992776285787922E0
4.96496991999999970E9	-6.88489528659990491E0
4.96997492999999935E9	-6.87983977739191044E0
4.97497993999999899E9	-6.87475078089547154E0
4.97998495000000041E9	-6.86961678807145670E0
4.98498996000000005E9	-6.86442513201957993E0
4.98999497000000147E9	-6.85916187286547796E0
4.99499997999999934E9	-6.85381166913122186E0
5.00000000000000000E9	-6.84836312921542767E0