freq	phase(S(3,1))
0.00000000000000000E0	0.00000000000000000E0
5.00501000000000040E6	-5.76750620140243342E-1
1.00100200000000017E7	-1.11048788624618844E0
1.50150300000000003E7	-1.65254155342976206E0
2.00200400000000034E7	-2.19452455667986390E0
2.50250500000000020E7	-2.73709112195878568E0
3.00300600000000006E7	-3.27835080557596559E0
3.50350700000000037E7	-3.81843863946530826E0
4.00400800000000068E7	-4.35744635651376822E0
4.50450900000000054E7	-4.89543992658518157E0
5.00501000000000040E7	-5.43246862069036407E0
5.50551100000000027E7	-5.96856999548732148E0
6.00601200000000013E7	-6.50377280761923782E0
6.50651300000000088E7	-7.03809882098266026E0
7.00701400000000074E7	-7.57156403416128398E0
7.50751499999999972E7	-8.10417958235404967E0
8.00801600000000136E7	-8.63595244769670600E0
8.50851699999999944E7	-9.16688605562519498E0
9.00901800000000108E7	-9.69698078979363665E0
9.50951900000000094E7	-1.02262344394245575E1
1.00100200000000017E8	-1.07546425960961800E1
1.05105210000000016E8	-1.12821990006737094E1
1.10110220000000014E8	-1.18088958480126727E1
1.15115230000000013E8	-1.23347240525720858E1
1.20120240000000011E8	-1.28596734783010902E1
1.25125250000000010E8	-1.33837331391622261E1
1.30130260000000009E8	-1.39068913710907927E1
1.35135270000000007E8	-1.44291359795851282E1
1.40140280000000006E8	-1.49504543700997639E1
1.45145290000000005E8	-1.54708336560191606E1
1.50150300000000003E8	-1.59902607542316355E1
1.55155310000000002E8	-1.65087224680586431E1
1.60160320000000023E8	-1.70262055560789527E1
1.65165330000000021E8	-1.75426967950820023E1
1.70170339999999998E8	-1.80581830313217817E1
1.75175350000000019E8	-1.85726512275479871E1
1.80180360000000017E8	-1.90860885023393467E1
1.85185370000000016E8	-1.95984821654168040E1
1.90190380000000014E8	-2.01098197470191487E1
1.95195389999999991E8	-2.06200890249201807E1
2.00200400000000034E8	-2.11292780482035525E1
2.05205410000000033E8	-2.16373751559331318E1
2.10210420000000031E8	-2.21443689963862989E1
2.15215429999999985E8	-2.26502485416854871E1
2.20220440000000028E8	-2.31550031014900126E1
2.25225450000000027E8	-2.36586223351851732E1
2.30230460000000026E8	-2.41610962615700320E1
2.35235470000000024E8	-2.46624152682941000E1
2.40240480000000023E8	-2.51625701192544371E1
2.45245489999999977E8	-2.56615519612060083E1
2.50250500000000020E8	-2.61593523296938324E1
2.55255510000000019E8	-2.66559631531499752E1
2.60260520000000017E8	-2.71513767570674514E1
2.65265529999999972E8	-2.76455858672332777E1
2.70270540000000015E8	-2.81385836120537913E1
2.75275550000000013E8	-2.86303635241966248E1
2.80280560000000012E8	-2.91209195419280586E1
2.85285570000000011E8	-2.96102460097043529E1
2.90290580000000009E8	-3.00983376785765122E1
2.95295590000000008E8	-3.05851897054448418E1
3.00300600000000006E8	-3.10707976527933472E1
3.05305610000000005E8	-3.15551574871434370E1
3.10310620000000004E8	-3.20382655780305203E1
3.15315630000000002E8	-3.25201186955985344E1
3.20320640000000045E8	-3.30007140090466100E1
3.25325650000000044E8	-3.34800490832410969E1
3.30330660000000043E8	-3.39581218773070992E1
3.35335670000000041E8	-3.44349307403332983E1
3.40340679999999995E8	-3.49104744087721386E1
3.45345689999999994E8	-3.53847520029380025E1
3.50350700000000037E8	-3.58577630230010325E1
3.55355710000000036E8	-3.63295073453570350E1
3.60360720000000034E8	-3.67999852187260945E1
3.65365729999999989E8	-3.72691972593593679E1
3.70370740000000032E8	-3.77371444472092410E1
3.75375749999999986E8	-3.82038281212548281E1
3.80380760000000029E8	-3.86692499746410778E1
3.85385770000000027E8	-3.91334120502118044E1
3.90390779999999982E8	-3.95963167355022216E1
3.95395789999999980E8	-4.00579667576296305E1
4.00400800000000068E8	-4.05183651787392929E1
4.05405809999999978E8	-4.09775153902686196E1
4.10410820000000065E8	-4.14354211081815915E1
4.15415830000000064E8	-4.18920863676711441E1
4.20420840000000062E8	-4.23475155177452667E1
4.25425849999999972E8	-4.28017132161100644E1
4.30430859999999971E8	-4.32546844237274986E1
4.35435869999999969E8	-4.37064343993085824E1
4.40440880000000057E8	-4.41569686941895068E1
4.45445889999999967E8	-4.46062931468427504E1
4.50450900000000054E8	-4.50544138318635579E1
4.55455910000000053E8	-4.55013372368847335E1
4.60460920000000051E8	-4.59470699838545649E1
4.65465930000000050E8	-4.63916190059015676E1
4.70470940000000049E8	-4.68349914965798586E1
4.75475950000000047E8	-4.72771949042766693E1
4.80480960000000046E8	-4.77182369272339990E1
4.85485970000000044E8	-4.81581255081162851E1
4.90490979999999954E8	-4.85968688290738804E1
4.95495990000000042E8	-4.90344753062540217E1
5.00501000000000040E8	-4.94709535849580906E1
5.05506009999999950E8	-4.99063125347358927E1
5.10511020000000038E8	-5.03405612438767225E1
5.15516030000000036E8	-5.07737090151557879E1
5.20521040000000035E8	-5.12057653604654206E1
5.25526050000000033E8	-5.16367399962914853E1
5.30531059999999943E8	-5.20666428389692548E1
5.35536070000000031E8	-5.24954839998899914E1
5.40541080000000029E8	-5.29232737812552223E1
5.45546090000000028E8	-5.33500226711562675E1
5.50551100000000027E8	-5.37757413394363848E1
5.55556110000000025E8	-5.42004406333723487E1
5.60561120000000024E8	-5.46241315732403532E1
5.65566129999999934E8	-5.50468253482447878E1
5.70571140000000021E8	-5.54685333125820090E1
5.75576150000000109E8	-5.58892669810487419E1
5.80581160000000018E8	-5.63090380255367329E1
5.85586170000000017E8	-5.67278582709755419E1
5.90591180000000016E8	-5.71457396916538762E1
5.95596190000000014E8	-5.75626944075459690E1
6.00601200000000013E8	-5.79787346807353465E1
6.05606210000000011E8	-5.83938729120219158E1
6.10611220000000010E8	-5.88081216373657334E1
6.15616230000000009E8	-5.92214935248668972E1
6.20621240000000007E8	-5.96340013712443184E1
6.25626250000000006E8	-6.00456580989905486E1
6.30631260000000005E8	-6.04564767531179115E1
6.35636270000000003E8	-6.08664704983380123E1
6.40641280000000091E8	-6.12756526162586113E1
6.45646290000000000E8	-6.16840365025143278E1
6.50651300000000088E8	-6.20916356641814104E1
6.55656309999999998E8	-6.24984637170686064E1
6.60661320000000085E8	-6.29045343834343296E1
6.65666329999999995E8	-6.33098614893114320E1
6.70671340000000082E8	-6.37144589623834801E1
6.75676349999999992E8	-6.41183408296493695E1
6.80681359999999991E8	-6.45215212153803286E1
6.85686369999999989E8	-6.49240143388165869E1
6.90691379999999988E8	-6.53258345124085071E1
6.95696389999999987E8	-6.57269961398439584E1
7.00701400000000074E8	-6.61275137140699343E1
7.05706409999999984E8	-6.65274018158729241E1
7.10711420000000071E8	-6.69266751118369019E1
7.15716429999999981E8	-6.73253483529711616E1
7.20721440000000069E8	-6.77234363731734401E1
7.25726449999999979E8	-6.81209540877489239E1
7.30731459999999977E8	-6.85179164921356865E1
7.35736470000000065E8	-6.89143386603732466E1
7.40741480000000063E8	-6.93102357442078709E1
7.45746490000000062E8	-6.97056229717057629E1
7.50751499999999972E8	-7.01005156462802148E1
7.55756509999999970E8	-7.04949291456228799E1
7.60761520000000058E8	-7.08888789208478887E1
7.65766530000000056E8	-7.12823804955226326E1
7.70771540000000055E8	-7.16754494648933438E1
7.75776549999999965E8	-7.20681014951385457E1
7.80781559999999963E8	-7.24603523226456581E1
7.85786569999999962E8	-7.28522177534845383E1
7.90791579999999961E8	-7.32437136626499097E1
7.95796590000000226E8	-7.36348559938003966E1
8.00801600000000136E8	-7.40256607585722826E1
8.05806609999999957E8	-7.44161440363335380E1
8.10811619999999955E8	-7.48063219737734642E1
8.15816630000000131E8	-7.51962107846305639E1
8.20821640000000130E8	-7.55858267494152347E1
8.25826650000000129E8	-7.59751862152951407E1
8.30831660000000127E8	-7.63643055958432804E1
8.35836670000000126E8	-7.67532013710579974E1
8.40841680000000125E8	-7.71418900872368418E1
8.45846690000000123E8	-7.75303883569272934E1
8.50851699999999944E8	-7.79187128591087497E1
8.55856710000000120E8	-7.83068803390864598E1
8.60861719999999941E8	-7.86949076087455257E1
8.65866730000000118E8	-7.90828115466321435E1
8.70871739999999939E8	-7.94706090981436652E1
8.75876750000000115E8	-7.98583172757476056E1
8.80881760000000114E8	-8.02459531592898045E1
8.85886769999999935E8	-8.06335338961796388E1
8.90891779999999933E8	-8.10210767017910882E1
8.95896790000000109E8	-8.14085988597609855E1
9.00901800000000108E8	-8.17961177223439329E1
9.05906810000000107E8	-8.21836507108632475E1
9.10911820000000105E8	-8.25712153160420037E1
9.15916830000000104E8	-8.29588290984783683E1
9.20921840000000103E8	-8.33465096891088031E1
9.25926850000000101E8	-8.37342747896735951E1
9.30931860000000100E8	-8.41221421731694541E1
9.35936869999999921E8	-8.45101296843724015E1
9.40941880000000097E8	-8.48982552403402302E1
9.45946889999999918E8	-8.52865368308949279E1
9.50951900000000094E8	-8.56749925192328199E1
9.55956909999999915E8	-8.60636404423422618E1
9.60961920000000092E8	-8.64524988116029114E1
9.65966929999999913E8	-8.68415859133122936E1
9.70971940000000089E8	-8.72309201091726472E1
9.75976949999999910E8	-8.76205198368217353E1
9.80981959999999908E8	-8.80104036103695897E1
9.85986969999999907E8	-8.84005900209353257E1
9.90991980000000083E8	-8.87910977370416532E1
9.95996990000000082E8	-8.91819455051495957E1
1.00100200000000017E9	-8.95731521501496175E1
1.00600701000000003E9	-8.99647365757536832E1
1.01101201999999990E9	-9.03567178560058082E1
1.01601702999999999E9	-9.07491148713229556E1
1.02102204000000008E9	-9.11419468553699375E1
1.02602705000000016E9	-9.15352330310779294E1
1.03103206000000003E9	-9.19289927019706354E1
1.03603706999999989E9	-9.23232452524309721E1
1.04104207999999998E9	-9.27180101479416230E1
1.04604709000000007E9	-9.31133069351639442E1
1.05105210000000016E9	-9.35091552421556393E1
1.05605710999999980E9	-9.39055747783462991E1
1.06106211999999989E9	-9.43025853345662668E1
1.06606712999999997E9	-9.47002067829933836E1
1.07107214000000006E9	-9.50984590770105953E1
1.07607714999999993E9	-9.54973622509861464E1
1.08108216000000001E9	-9.58969364200506114E1
1.08608717000000010E9	-9.62972017796584900E1
1.09109217999999997E9	-9.66981786052891223E1
1.09609719000000005E9	-9.70998872517361455E1
1.10110220000000014E9	-9.75023481526328517E1
1.10610720999999979E9	-9.79055818196476224E1
1.11111222000000009E9	-9.83096088417179814E1
1.11611722999999996E9	-9.87144498840309303E1
1.12112224000000005E9	-9.91201256870605008E1
1.12612725000000014E9	-9.95266570653253879E1
1.13113225999999978E9	-9.99340649060986053E1
1.13613727000000009E9	-1.00342370168012107E2
1.14114227999999995E9	-1.00751593879428003E2
1.14614729000000004E9	-1.01161757136702546E2
1.15115230000000013E9	-1.01572881102373058E2
1.15615730999999999E9	-1.01984987003078653E2
1.16116232000000008E9	-1.02398096127290694E2
1.16616732999999995E9	-1.02812229823088863E2
1.17117234000000003E9	-1.03227409495396527E2
1.17617735000000012E9	-1.03643656603414458E2
1.18118235999999999E9	-1.04060992657495444E2
1.18618737000000007E9	-1.04479439216141556E2
1.19119237999999994E9	-1.04899017882497492E2
1.19619739000000003E9	-1.05319750300841664E2
1.20120240000000011E9	-1.05741658152700380E2
1.20620740999999998E9	-1.06164763152809960E2
1.21121242000000007E9	-1.06589087044819197E2
1.21621742999999993E9	-1.07014651596676424E2
1.22122244000000002E9	-1.07441478595785056E2
1.22622744999999989E9	-1.07869589843878733E2
1.23123245999999997E9	-1.08299007151706550E2
1.23623747000000006E9	-1.08729752333158114E2
1.24124247999999993E9	-1.09161847199449946E2
1.24624749000000001E9	-1.09595313552661633E2
1.25125250000000010E9	-1.10030173179110635E2
1.25625750999999997E9	-1.10466447842474436E2
1.26126252000000005E9	-1.10904159276313186E2
1.26626752999999992E9	-1.11343329176452066E2
1.27127254000000001E9	-1.11783979192973737E2
1.27627755000000009E9	-1.12226130921710676E2
1.28128256000000018E9	-1.12669805895462116E2
1.28628757000000005E9	-1.13115025574830419E2
1.29129257999999991E9	-1.13561811338491725E2
1.29629759000000000E9	-1.14010184473282328E2
1.30130260000000009E9	-1.14460166163661548E2
1.30630760999999973E9	-1.14911777480839894E2
1.31131262000000004E9	-1.15365039371445066E2
1.31631762999999991E9	-1.15819972645704983E2
1.32132264000000021E9	-1.16276597965180639E2
1.32632764999999986E9	-1.16734935830045039E2
1.33133265999999995E9	-1.17195006565901960E2
1.33633766999999981E9	-1.17656830310003402E2
1.34134268000000012E9	-1.18120426997135231E2
1.34634768999999999E9	-1.18585816344842754E2
1.35135270000000007E9	-1.19053017838300068E2
1.35635770999999994E9	-1.19522050714505523E2
1.36136272000000003E9	-1.19992933946128977E2
1.36636772999999989E9	-1.20465686224644242E2
1.37137273999999998E9	-1.20940325943130955E2
1.37637775000000007E9	-1.21416871178419283E2
1.38138275999999993E9	-1.21895339672780212E2
1.38638777000000002E9	-1.22375748814984919E2
1.39139277999999988E9	-1.22858115621000463E2
1.39639779000000042E9	-1.23342456713959225E2
1.40140280000000006E9	-1.23828788303846937E2
1.40640780999999992E9	-1.24317126166473479E2
1.41141282000000001E9	-1.24807485621985181E2
1.41641782999999988E9	-1.25299881512983924E2
1.42142284000000019E9	-1.25794328182034687E2
1.42642785000000005E9	-1.26290839448767356E2
1.43143285999999992E9	-1.26789428586478836E2
1.43643786999999978E9	-1.27290108298344329E2
1.44144288000000009E9	-1.27792890693141725E2
1.44644788999999996E9	-1.28297787260615292E2
1.45145290000000005E9	-1.28804808846500807E2
1.45645790999999969E9	-1.29313965627025773E2
1.46146292000000000E9	-1.29825267083352469E2
1.46646792999999986E9	-1.30338721975493810E2
1.47147294000000017E9	-1.30854338316082242E2
1.47647795000000004E9	-1.31372123343926006E2
1.48148296000000013E9	-1.31892083497327128E2
1.48648796999999999E9	-1.32414224387293156E2
1.49149298000000008E9	-1.32938550770701491E2
1.49649798999999994E9	-1.33465066523343467E2
1.50150300000000003E9	-1.33993774613023842E2
1.50650800999999990E9	-1.34524677072734655E2
1.51151301999999998E9	-1.35057774928411001E2
1.51651803000000029E9	-1.35593068354560220E2
1.52152304000000016E9	-1.36130556374815481E2
1.52652805000000003E9	-1.36670237018062579E2
1.53153306000000011E9	-1.37212107247482273E2
1.53653806999999976E9	-1.37756162935467930E2
1.54154308000000007E9	-1.38302398839060459E2
1.54654808999999993E9	-1.38850808576198070E2
1.55155310000000002E9	-1.39401384602516498E2
1.55655810999999988E9	-1.39954118189070953E2
1.56156311999999997E9	-1.40508999400884393E2
1.56656812999999984E9	-1.41066017076573580E2
1.57157313999999992E9	-1.41625158809015916E2
1.57657815000000001E9	-1.42186410927236784E2
1.58158315999999988E9	-1.42749758479544941E2
1.58658816999999974E9	-1.43315185218158425E2
1.59159318000000050E9	-1.43882673585239584E2
1.59659818999999992E9	-1.44452204700522802E2
1.60160320000000023E9	-1.45023758350798149E2
1.60660820999999987E9	-1.45597312981031868E2
1.61161321999999996E9	-1.46172845687464315E2
1.61661822999999982E9	-1.46750332212782841E2
1.62162323999999991E9	-1.47329746943406925E2
1.62662825000000022E9	-1.47911062908882007E2
1.63163326000000031E9	-1.48494251783820541E2
1.63663826999999995E9	-1.49079283892049519E2
1.64164328000000026E9	-1.49666128213367333E2
1.64664828999999990E9	-1.50254752392961333E2
1.65165330000000021E9	-1.50845122753415462E2
1.65665830999999986E9	-1.51437204309560092E2
1.66166332000000017E9	-1.52030960786080160E2
1.66666832999999981E9	-1.52626354638207062E2
1.67167334000000034E9	-1.53223347075189809E2
1.67667835000000021E9	-1.53821898086847186E2
1.68168336000000029E9	-1.54421966473355954E2
1.68668836999999994E9	-1.55023509877885979E2
1.69169338000000025E9	-1.55626484822581501E2
1.69669838999999989E9	-1.56230846747604879E2
1.70170339999999998E9	-1.56836550053327817E2
1.70670840999999984E9	-1.57443548145763290E2
1.71171342000000015E9	-1.58051793485050163E2
1.71671843000000024E9	-1.58661237637097341E2
1.72172343999999988E9	-1.59271831328344859E2
1.72672844999999997E9	-1.59883524503456975E2
1.73173346000000028E9	-1.60496266386006492E2
1.73673847000000015E9	-1.61110005542138657E2
1.74174347999999979E9	-1.61724689946920686E2
1.74674848999999988E9	-1.62340267053371257E2
1.75175350000000019E9	-1.62956683864124185E2
1.75675851000000027E9	-1.63573887005585017E2
1.76176352000000014E9	-1.64191822804182408E2
1.76676852999999978E9	-1.64810437365022322E2
1.77177353999999987E9	-1.65429676652305924E2
1.77677855000000018E9	-1.66049486571649751E2
1.78178355999999982E9	-1.66669813054021665E2
1.78678856999999991E9	-1.67290602140924949E2
1.79179358000000022E9	-1.67911800071075090E2
1.79679858999999986E9	-1.68533353367588101E2
1.80180360000000017E9	-1.69155208926348521E2
1.80680860999999982E9	-1.69777314104538624E2
1.81181362000000012E9	-1.70399616809604249E2
1.81681863000000021E9	-1.71022065588048777E2
1.82182364000000030E9	-1.71644609714065188E2
1.82682864999999994E9	-1.72267199277506400E2
1.83183366000000025E9	-1.72889785271247698E2
1.83683866999999990E9	-1.73512319677131233E2
1.84184368000000021E9	-1.74134755550895615E2
1.84684868999999985E9	-1.74757047105258079E2
1.85185370000000016E9	-1.75379149791167355E2
1.85685870999999980E9	-1.76001020376870509E2
1.86186372000000011E9	-1.76622617024566542E2
1.86686872999999953E9	-1.77243899364352409E2
1.87187373999999984E9	-1.77864828565228383E2
1.87687874999999993E9	-1.78485367402891848E2
1.88188376000000024E9	-1.79105480324152344E2
1.88688876999999988E9	-1.79725133507633283E2
1.89189377999999975E9	1.79655705079424743E2
1.89689878999999983E9	1.79037065628293179E2
1.90190380000000014E9	1.78418976440324362E2
1.90690881000000023E9	1.77801463882916866E2
1.91191381999999988E9	1.77184552350030877E2
1.91691883000000018E9	1.76568264227567551E2
1.92192384000000027E9	1.75952619863574067E2
1.92692885000000014E9	1.75337637543510771E2
1.93193385999999978E9	1.74723333470548359E2
1.93693886999999987E9	1.74109721751231517E2
1.94194388000000018E9	1.73496814386158715E2
1.94694889000000027E9	1.72884621266237914E2
1.95195389999999991E9	1.72273150174012413E2
1.95695891000000022E9	1.71662406790497490E2
1.96196391999999986E9	1.71052394707325739E2
1.96696893000000017E9	1.70443115444133109E2
1.97197393999999981E9	1.69834568471189518E2
1.97697894999999990E9	1.69226751237320272E2
1.98198396000000021E9	1.68619659202784544E2
1.98698896999999985E9	1.68013285877278906E2
1.99199398000000016E9	1.67407622862717465E2
1.99699898999999936E9	1.66802659900825101E2
2.00200400000000034E9	1.66198384925297349E2
2.00700900999999998E9	1.65594784118360216E2
2.01201402000000007E9	1.64991841971560893E2
2.01701902999999971E9	1.64389541350690327E2
2.02202403999999980E9	1.63787863564399361E2
2.02702904999999989E9	1.63186788436563357E2
2.03203405999999998E9	1.62586294381850571E2
2.03703906999999962E9	1.61986358484648862E2
2.04204408000000015E9	1.61386956580627983E2
2.04704908999999979E9	1.60788063341123144E2
2.05205410000000033E9	1.60189652359676638E2
2.05705910999999997E9	1.59591696240800185E2
2.06206412000000006E9	1.58994166690530858E2
2.06706912999999970E9	1.58397034608290954E2
2.07207413999999979E9	1.57800270180208546E2
2.07707915000000032E9	1.57203842973219765E2
2.08208415999999996E9	1.56607722029886443E2
2.08708917000000005E9	1.56011875963500923E2
2.09209418000000014E9	1.55416273053264042E2
2.09709918999999978E9	1.54820881339288752E2
2.10210420000000031E9	1.54225668717077635E2
2.10710920999999995E9	1.53630603031121971E2
2.11211421999999960E9	1.53035652167666814E2
2.11711923000000013E9	1.52440784145887798E2
2.12212423999999977E9	1.51845967207746746E2
2.12712924999999986E9	1.51251169905817506E2
2.13213425999999995E9	1.50656361189247634E2
2.13713927000000004E9	1.50061510487284888E2
2.14214428000000012E9	1.49466587790326799E2
2.14714929000000065E9	1.48871563728368939E2
2.15215429999999985E9	1.48276409646402052E2
2.15715930999999994E9	1.47681097676825912E2
2.16216432000000003E9	1.47085600808533323E2
2.16716933000000012E9	1.46489892952725387E2
2.17217434000000020E9	1.45893949005010826E2
2.17717934999999985E9	1.45297744903965564E2
2.18218435999999993E9	1.44701257685818918E2
2.18718937000000002E9	1.44104465535377990E2
2.19219438000000011E9	1.43507347832859233E2
2.19719938999999931E9	1.42909885196765507E2
2.20220440000000028E9	1.42312059522730538E2
2.20720941000000037E9	1.41713854018143914E2
2.21221441999999957E9	1.41115253232692051E2
2.21721943000000010E9	1.40516243084811032E2
2.22222444000000019E9	1.39916810883902754E2
2.22722944999999983E9	1.39316945348456334E2
2.23223445999999992E9	1.38716636620170597E2
2.23723946999999956E9	1.38115876273860039E2
2.24224448000000010E9	1.37514657323617540E2
2.24724948999999974E9	1.36912974224842432E2
2.25225450000000027E9	1.36310822872544257E2
2.25725951000000036E9	1.35708200595970352E2
2.26226451999999956E9	1.35105106149413912E2
2.26726953000000053E9	1.34501539745307253E2
2.27227454000000018E9	1.33897502855905315E2
2.27727955000000026E9	1.33292998467412360E2
2.28228455999999991E9	1.32688030875350793E2
2.28728956999999955E9	1.32082605704732181E2
2.29229458000000008E9	1.31476729881888255E2
2.29729958999999928E9	1.30870411603517400E2
2.30230460000000026E9	1.30263660303298301E2
2.30730961000000034E9	1.29656486616177768E2
2.31231461999999999E9	1.29048902340290961E2
2.31731963000000007E9	1.28440920397090852E2
2.32232464000000016E9	1.27832554789474417E2
2.32732965000000025E9	1.27223820558284251E2
2.33233465999999989E9	1.26614733737286644E2
2.33733967000000042E9	1.26005311306909062E2
2.34234468000000007E9	1.25395571146608842E2
2.34734969000000016E9	1.24785531986516607E2
2.35235470000000024E9	1.24175213357986447E2
2.35735970999999989E9	1.23564635543741552E2
2.36236471999999997E9	1.22953819527338171E2
2.36736972999999962E9	1.22342786942302029E2
2.37237474000000015E9	1.21731560021226182E2
2.37737975000000024E9	1.21120161544611227E2
2.38238475999999988E9	1.20508614789967838E2
2.38738977000000041E9	1.19896943481125939E2
2.39239478000000005E9	1.19285171737829088E2
2.39739979000000014E9	1.18673324025977300E2
2.40240480000000023E9	1.18061425108334195E2
2.40740980999999987E9	1.17449499996064932E2
2.41241481999999996E9	1.16837573901064951E2
2.41741982999999960E9	1.16225672189247198E2
2.42242484000000013E9	1.15613820334871931E2
2.42742985000000022E9	1.15002043875925786E2
2.43243485999999987E9	1.14390368370796613E2
2.43743986999999995E9	1.13778819356131899E2
2.44244488000000004E9	1.13167422306072929E2
2.44744988999999968E9	1.12556202592865739E2
2.45245489999999977E9	1.11945185448927909E2
2.45745990999999986E9	1.11334395930412278E2
2.46246491999999995E9	1.10723858882243786E2
2.46746993000000048E9	1.10113598904812870E2
2.47247494000000012E9	1.09503640322161844E2
2.47747995000000021E9	1.08894007151804040E2
2.48248495999999985E9	1.08284723076249589E2
2.48748996999999950E9	1.07675811416015832E2
2.49249498000000003E9	1.07067295104379712E2
2.49749998999999967E9	1.06459196663740929E2
2.50250500000000020E9	1.05851538183563898E2
2.50751001000000029E9	1.05244341300007305E2
2.51251501999999993E9	1.04637627177131209E2
2.51752003000000091E9	1.04031416489629680E2
2.52252504000000011E9	1.03425729407207045E2
2.52753004999999975E9	1.02820585580446289E2
2.53253505999999984E9	1.02216004128202220E2
2.53754006999999993E9	1.01612003626372727E2
2.54254508000000001E9	1.01008602098274336E2
2.54755008999999966E9	1.00405817006320386E2
2.55255510000000019E9	9.98036652450006301E1
2.55756011000000028E9	9.92021631352890942E1
2.56256512000000036E9	9.86013264203125672E1
2.56757012999999956E9	9.80011702621732717E1
2.57257514000000009E9	9.74017092400136875E1
2.57758015000000018E9	9.68029573492493611E1
2.58258515999999982E9	9.62049280018434061E1
2.58759016999999947E9	9.56076340276216641E1
2.59259518000000000E9	9.50110876766143875E1
2.59760019000000009E9	9.44153006223726976E1
2.60260520000000017E9	9.38202839660900167E1
2.60761020999999982E9	9.32260482416580416E1
2.61261521999999946E9	9.26326034215471950E1
2.61762022999999910E9	9.20399589232738258E1
2.62262524000000008E9	9.14481236168590250E1
2.62763025000000017E9	9.08571058326729286E1
2.63263525999999981E9	9.02669133700566029E1
2.63764026999999990E9	8.96775534153503529E1
2.64264528000000043E9	8.90890329159781125E1
2.64765029000000052E9	8.85013580440410053E1
2.65265529999999972E9	8.79145345712872839E1
2.65766030999999980E9	8.73285677890434187E1
2.66266531999999989E9	8.67434625195813247E1
2.66767032999999953E9	8.61592231277614218E1
2.67267533999999962E9	8.55758535331356640E1
2.67768035000000015E9	8.49933572220824018E1
2.68268536000000024E9	8.44117372602853422E1
2.68769037000000033E9	8.38309963054025431E1
2.69269537999999997E9	8.32511366198469815E1
2.69770039000000006E9	8.26721600836748749E1
2.70270540000000015E9	8.20940682076428807E1
2.70771041000000068E9	8.15168621462571963E1
2.71271541999999988E9	8.09405427108779563E1
2.71772043000000085E9	8.03651103828940805E1
2.72272544000000005E9	7.97905653268013548E1
2.72773045000000014E9	7.92169074033081966E1
2.73273545999999978E9	7.86441361823707119E1
2.73774046999999987E9	7.80722509561740896E1
2.74274547999999996E9	7.75012507519880778E1
2.74775048999999960E9	7.69311343449515483E1
2.75275550000000013E9	7.63619002706550720E1
2.75776051000000066E9	7.57935468377226140E1
2.76276551999999986E9	7.52260721400856092E1
2.76777053000000040E9	7.46594740691775360E1
2.77277554000000004E9	7.40937503259587338E1
2.77778055000000013E9	7.35288984326509620E1
2.78278555999999977E9	7.29649157443895024E1
2.78779056999999941E9	7.24017994605660675E1
2.79279558000000083E9	7.18395466360539547E1
2.79780059000000003E9	7.12781541920511774E1
2.80280560000000012E9	7.07176189268963373E1
2.80781061000000021E9	7.01579375264150507E1
2.81281561999999985E9	6.95991065741996096E1
2.81782062999999994E9	6.90411225615355750E1
2.82282564000000002E9	6.84839818971361858E1
2.82783064999999967E9	6.79276809165500861E1
2.83283565999999976E9	6.73722158913463165E1
2.83784066999999984E9	6.68175830380514668E1
2.84284568000000037E9	6.62637785267777257E1
2.84785069000000046E9	6.57107984895839081E1
2.85285570000000011E9	6.51586390286324235E1
2.85786070999999975E9	6.46072962239576487E1
2.86286571999999984E9	6.40567661411100353E1
2.86787072999999948E9	6.35070448383812458E1
2.87287573999999957E9	6.29581283738705721E1
2.87788075000000054E9	6.24100128122561948E1
2.88288576000000019E9	6.18626942312491757E1
2.88789077000000027E9	6.13161687278475576E1
2.89289577999999992E9	6.07704324242980842E1
2.89790079000000045E9	6.02254814737620503E1
2.90290580000000009E9	5.96813120658020857E1
2.90791081000000018E9	5.91379204315653517E1
2.91291581999999938E9	5.85953028486885863E1
2.91792082999999991E9	5.80534556459852613E1
2.92292584000000000E9	5.75123752079014050E1
2.92793085000000008E9	5.69720579786786807E1
2.93293585999999973E9	5.64325004663235941E1
2.93794086999999982E9	5.58936992463126092E1
2.94294588000000035E9	5.53556509650578477E1
2.94795088999999955E9	5.48183523431652908E1
2.95295590000000008E9	5.42818001784766402E1
2.95796091000000061E9	5.37459913488272356E1
2.96296592000000025E9	5.32109228146798863E1
2.96797093000000034E9	5.26765916214436114E1
2.97297593999999998E9	5.21429949016804262E1
2.97798095000000007E9	5.16101298770374051E1
2.98298596000000016E9	5.10779938599827510E1
2.98799096999999936E9	5.05465842554175815E1
2.99299597999999989E9	5.00158985619988261E1
2.99800098999999909E9	4.94859343733054935E1
3.00300600000000006E9	4.89566893789055602E1
3.00801101000000015E9	4.84281613650855736E1
3.01301601999999979E9	4.79003482155719951E1
3.01802102999999988E9	4.73732479119290062E1
3.02302603999999997E9	4.68468585339341281E1
3.02803105000000006E9	4.63211782596684518E1
3.03303606000000059E9	4.57962053655703638E1
3.03804106999999979E9	4.52719382262046288E1
3.04304608000000032E9	4.47483753595505895E1
3.04805109000000041E9	4.42255152443519783E1
3.05305610000000005E9	4.37033565928110246E1
3.05806110999999969E9	4.31818981676355484E1
3.06306612000000023E9	4.26611388267918112E1
3.06807113000000031E9	4.21410775224974810E1
3.07307613999999951E9	4.16217133001177952E1
3.07808115000000004E9	4.11030452969497695E1
3.08308616000000013E9	4.05850727409004897E1
3.08809116999999933E9	4.00677949490417440E1
3.09309617999999986E9	3.95512113260775555E1
3.09810119000000039E9	3.90353213626915974E1
3.10310620000000004E9	3.85201246338020331E1
3.10811121000000012E9	3.80056207967609794E1
3.11311621999999977E9	3.74918095894207681E1
3.11812123000000074E9	3.69786908281118709E1
3.12312623999999994E9	3.64662644056205210E1
3.12813125000000003E9	3.59545302889766338E1
3.13313625999999967E9	3.54434885172483050E1
3.13814126999999976E9	3.49331391992491547E1
3.14314627999999985E9	3.44234825112035026E1
3.14815129000000038E9	3.39145186942833021E1
3.15315630000000002E9	3.34062480521553695E1
3.15816130999999967E9	3.28986709484556750E1
3.16316631999999975E9	3.23917878042144647E1
3.16817133000000029E9	3.18855990952314361E1
3.17317633999999948E9	3.13801053494127036E1
3.17818135000000002E9	3.08753071440566895E1
3.18318636000000099E9	3.03712051031265196E1
3.18819136999999930E9	2.98677998944912826E1
3.19319637999999983E9	2.93650922271109405E1
3.19820138999999992E9	2.88630828482124357E1
3.20320640000000045E9	2.83617725404623133E1
3.20821140999999965E9	2.78611621190783332E1
3.21321641999999974E9	2.73612524289685899E1
3.21822143000000072E9	2.68620443418503152E1
3.22322643999999991E9	2.63635387532934029E1
3.22823145000000000E9	2.58657365798716565E1
3.23323645999999965E9	2.53686387562283500E1
3.23824146999999973E9	2.48722462321305615E1
3.24324647999999982E9	2.43765599696123836E1
3.24825148999999991E9	2.38815809400097923E1
3.25325650000000044E9	2.33873101210944778E1
3.25826151000000053E9	2.28937484941625247E1
3.26326652000000061E9	2.24008970411537289E1
3.26827153000000070E9	2.19087567417818185E1
3.27327653999999990E9	2.14173285706844485E1
3.27828154999999999E9	2.09266134945849647E1
3.28328656000000052E9	2.04366124694769002E1
3.28829156999999972E9	1.99473264378327220E1
3.29329657999999981E9	1.94587563258451790E1
3.29830158999999989E9	1.89709030406644108E1
3.30330660000000043E9	1.84837674677040376E1
3.30831160999999963E9	1.79973504679439600E1
3.31331661999999971E9	1.75116528753029099E1
3.31832162999999980E9	1.70266754939852483E1
3.32332664000000033E9	1.65424190959497786E1
3.32833164999999997E9	1.60588844183019330E1
3.33333665999999962E9	1.55760721608291464E1
3.33834167000000059E9	1.50939829835186368E1
3.34334668000000068E9	1.46126175041446560E1
3.34835169000000032E9	1.41319762958567918E1
3.35335670000000041E9	1.36520598848565000E1
3.35836170999999961E9	1.31728687481016160E1
3.36336672000000059E9	1.26944033110521604E1
3.36837172999999979E9	1.22166639454413906E1
3.37337673999999987E9	1.17396509671573890E1
3.37838174999999996E9	1.12633646341027682E1
3.38338676000000049E9	1.07878051441334022E1
3.38839177000000058E9	1.03129726330812521E1
3.39339677999999978E9	9.83886717274602240E0
3.39840178999999987E9	9.36548876901390415E0
3.40340679999999995E9	8.89283735998497349E0
3.40841180999999960E9	8.42091281417708792E0
3.41341681999999969E9	7.94971492876613084E0
3.41842182999999888E9	7.47924342788576535E0
3.42342684000000030E9	7.00949796095265487E0
3.42843184999999995E9	6.54047810110430294E0
3.43343686000000048E9	6.07218334366120693E0
3.43844187000000057E9	5.60461310459507089E0
3.44344687999999977E9	5.13776671912408300E0
3.44845188999999985E9	4.67164344032515899E0
3.45345689999999994E9	4.20624243779957574E0
3.45846190999999958E9	3.74156279640209011E0
3.46346692000000056E9	3.27760351501899905E0
3.46847192999999976E9	2.81436350538929014E0
3.47347694000000029E9	2.35184159099986712E0
3.47848194999999993E9	1.89003650602580819E0
3.48348695999999958E9	1.42894689429966637E0
3.48849197000000055E9	9.68571308368196071E-1
3.49349697999999975E9	5.08908208584092314E-1
3.49850198999999984E9	4.99559622406993942E-2
3.50350700000000037E9	-4.08287157221863595E-1
3.50851200999999957E9	-8.65822970972868511E-1
3.51351702000000055E9	-1.32265339551551797E0
3.51852203000000063E9	-1.77878044332319885E0
3.52352704000000028E9	-2.23420622343560993E0
3.52853204999999992E9	-2.68893294205573952E0
3.53353705999999956E9	-3.14296290302372983E0
3.53854207000000054E9	-3.59629850829950781E0
3.54354707999999974E9	-4.04894225838657906E0
3.54855208999999983E9	-4.50089675268844136E0
3.55355710000000036E9	-4.95216468985496494E0
3.55856211000000044E9	-5.40274886805353827E0
3.56356711999999964E9	-5.85265218521424835E0
3.56857212999999973E9	-6.30187763923036037E0
3.57357713999999982E9	-6.75042832811257210E0
3.57858214999999991E9	-7.19830745011523288E0
3.58358716000000044E9	-7.64551830379556208E0
3.58859217000000053E9	-8.09206428805584643E0
3.59359717999999972E9	-8.53794890215570668E0
3.59860219000000026E9	-8.98317574566461197E0
3.60360720000000034E9	-9.42774851837095795E0
3.60861220999999954E9	-9.87167102019665599E0
3.61361721999999963E9	-1.03149471510309243E1
3.61862222999999972E9	-1.07575809105530373E1
3.62362724000000025E9	-1.11995763980337082E1
3.62863224999999989E9	-1.16409378120686480E1
3.63363726000000042E9	-1.20816694503120248E1
3.63864227000000096E9	-1.25217757091578963E1
3.64364728000000060E9	-1.29612610834122277E1
3.64865228999999980E9	-1.34001301659182936E1
3.65365729999999989E9	-1.38383876471787337E1
3.65866231000000131E9	-1.42760383148999259E1
3.66366732000000050E9	-1.47130870535614977E1
3.66867232999999970E9	-1.51495388439561074E1
3.67367733999999979E9	-1.55853987626697843E1
3.67868235000000032E9	-1.60206719815489151E1
3.68368736000000041E9	-1.64553637671835107E1
3.68869236999999961E9	-1.68894794803207660E1
3.69369737999999970E9	-1.73230245752811673E1
3.69870238999999978E9	-1.77560045993268689E1
3.70370740000000032E9	-1.81884251920601336E1
3.70871240999999952E9	-1.86202920847616360E1
3.71371741999999960E9	-1.90516110997111054E1
3.71872242999999880E9	-1.94823881495160300E1
3.72372744000000022E9	-1.99126292363978008E1
3.72873245000000031E9	-2.03423404514784822E1
3.73373745999999906E9	-2.07715279740383574E1
3.73874247000000048E9	-2.12001980707797255E1
3.74374747999999968E9	-2.16283570950404913E1
3.74875248999999977E9	-2.20560114860311707E1
3.75375749999999986E9	-2.24831677680472541E1
3.75876251000000039E9	-2.29098325496443023E1
3.76376752000000048E9	-2.33360125228482351E1
3.76877252999999968E9	-2.37617144623088850E1
3.77377753999999976E9	-2.41869452244757666E1
3.77878254999999985E9	-2.46117117467394397E1
3.78378755999999949E9	-2.50360210465708111E1
3.78879257000000047E9	-2.54598802206829999E1
3.79379757999999967E9	-2.58832964441204805E1
3.79880258999999887E9	-2.63062769693858822E1
3.80380760000000029E9	-2.67288291255720978E1
3.80881261000000126E9	-2.71509603174227632E1
3.81381762000000046E9	-2.75726780244633973E1
3.81882262999999966E9	-2.79939898000723719E1
3.82382763999999975E9	-2.84149032705681437E1
3.82883265000000028E9	-2.88354261342732610E1
3.83383766000000037E9	-2.92555661605979456E1
3.83884267000000046E9	-2.96753311891020477E1
3.84384768000000054E9	-3.00947291285606866E1
3.84885268999999974E9	-3.05137679559966823E1
3.85385770000000027E9	-3.09324557157698088E1
3.85886270999999947E9	-3.13508005185945082E1
3.86386771999999956E9	-3.17688105405879817E1
3.86887272999999965E9	-3.21864940223271390E1
3.87387773999999974E9	-3.26038592678584127E1
3.87888274999999982E9	-3.30209146437557033E1
3.88388776000000036E9	-3.34376685781338656E1
3.88889277000000089E9	-3.38541295596877001E1
3.89389778000000053E9	-3.42703061366920192E1
3.89890279000000017E9	-3.46862069160719244E1
3.90390779999999982E9	-3.51018405623496710E1
3.90891281000000035E9	-3.55172157967269575E1
3.91391782000000044E9	-3.59323413960580629E1
3.91892282999999964E9	-3.63472261918742401E1
3.92392783999999972E9	-3.67618790693839648E1
3.92893284999999981E9	-3.71763089664878743E1
3.93393786000000034E9	-3.75905248727707697E1
3.93894287000000043E9	-3.80045358285028456E1
3.94394787999999963E9	-3.84183509236440113E1
3.94895288999999972E9	-3.88319792968173427E1
3.95395789999999980E9	-3.92454301343313627E1
3.95896291000000122E9	-3.96587126691295211E1
3.96396792000000042E9	-4.00718361798061551E1
3.96897292999999873E9	-4.04848099895590963E1
3.97397793999999971E9	-4.08976434652050003E1
3.97898295000000113E9	-4.13103460161015157E1
3.98398796000000033E9	-4.17229270931567076E1
3.98899297000000042E9	-4.21353961877807670E1
3.99399797999999873E9	-4.25477628308441336E1
3.99900299000000015E9	-4.29600365916266647E1
4.00400800000000068E9	-4.33722270767924556E1
4.00901300999999943E9	-4.37843439293030379E1
4.01401801999999996E9	-4.41963968273918972E1
4.01902302999999961E9	-4.46083954834669427E1
4.02402804000000014E9	-4.50203495975157431E1
4.02903304999999978E9	-4.54322690381939065E1
4.03403805999999943E9	-4.58441635684877280E1
4.03904307000000085E9	-4.62560430267800093E1
4.04404807999999960E9	-4.66679172802263409E1
4.04905308999999924E9	-4.70797962236275858E1
4.05405809999999978E9	-4.74916897783332814E1
4.05906311000000120E9	-4.79036078911057661E1
4.06406811999999995E9	-4.83155605329939597E1
4.06907312999999959E9	-4.87275576981843717E1
4.07407813999999924E9	-4.91396094028531927E1
4.07908315000000066E9	-4.95517256839950626E1
4.08408816000000030E9	-4.99639165982668576E1
4.08909316999999994E9	-5.03761922207782042E1
4.09409817999999959E9	-5.07885626439113125E1
4.09910318999999923E9	-5.12010379761097578E1
4.10410820000000065E9	-5.16136283406514274E1
4.10911321000000029E9	-5.20263438744079121E1
4.11411821999999994E9	-5.24391947265995562E1
4.11912322999999869E9	-5.28521910575464915E1
4.12412824000000011E9	-5.32653430373533077E1
4.12913325000000064E9	-5.36786608446463820E1
4.13413825999999940E9	-5.40921546652499874E1
4.13914327000000082E9	-5.45058346908494862E1
4.14414827999999957E9	-5.49197111176616737E1
4.14915329000000010E9	-5.53337941450641679E1
4.15415830000000064E9	-5.57480939741952941E1
4.15916331000000028E9	-5.61626208065919919E1
4.16416831999999992E9	-5.65773848427236548E1
4.16917332999999957E9	-5.69923962805750683E1
4.17417834000000010E9	-5.74076653141821058E1
4.17918335000000063E9	-5.78232021321354317E1
4.18418836000000027E9	-5.82390169160737869E1
4.18919336999999992E9	-5.86551198391586315E1
4.19419837999999956E9	-5.90715210645079303E1
4.19920338999999920E9	-5.94882307436279945E1
4.20420840000000062E9	-5.99052590147925290E1
4.20921341000000027E9	-6.03226160014276136E1
4.21421841999999991E9	-6.07403118104308248E1
4.21922343000000044E9	-6.11583565304982368E1
4.22422843999999920E9	-6.15767602304091799E1
4.22923345000000062E9	-6.19955329572735803E1
4.23423846000000026E9	-6.24146847347553901E1
4.23924346999999990E9	-6.28342255612866563E1
4.24424847999999955E9	-6.32541654082048233E1
4.24925349000000097E9	-6.36745142179000734E1
4.25425849999999972E9	-6.40952819019008047E1
4.25926350999999936E9	-6.45164783389555208E1
4.26426851999999990E9	-6.49381133730381066E1
4.26927352999999954E9	-6.53601968113631138E1
4.27427854000000007E9	-6.57827384223354983E1
4.27928355000000060E9	-6.62057479334581256E1
4.28428856000000025E9	-6.66292350292396396E1
4.28929356999999989E9	-6.70532093490195802E1
4.29429858000000131E9	-6.74776804847779488E1
4.29930359000000095E9	-6.79026579788960127E1
4.30430859999999971E9	-6.83281513218941861E1
4.30931361000000024E9	-6.87541699500884995E1
4.31431861999999988E9	-6.91807232432541053E1
4.31932363000000130E9	-6.96078205222024593E1
4.32432864000000006E9	-7.00354710463370900E1
4.32933365000000059E9	-7.04636840111604279E1
4.33433866000000023E9	-7.08924685457388382E1
4.33934366999999988E9	-7.13218337100931876E1
4.34434868000000041E9	-7.17517884925908156E1
4.34935368999999916E9	-7.21823418072373801E1
4.35435869999999969E9	-7.26135024909550975E1
4.35936370999999934E9	-7.30452793008050616E1
4.36436871999999987E9	-7.34776809111308182E1
4.36937372999999951E9	-7.39107159106952327E1
4.37437874000000004E9	-7.43443927997243303E1
4.37938375000000057E9	-7.47787199869128916E1
4.38438876000000022E9	-7.52137057863942182E1
4.38939376999999986E9	-7.56493584146140829E1
4.39439877999999862E9	-7.60856859871852986E1
4.39940379000000004E9	-7.65226965156689243E1
4.40440880000000057E9	-7.69603979042953323E1
4.40941380999999932E9	-7.73987979466361509E1
4.41441882000000074E9	-7.78379043222138556E1
4.41942383000000127E9	-7.82777245930340815E1
4.42442883999999914E9	-7.87182662000915467E1
4.42943384999999967E9	-7.91595364597853024E1
4.43443886000000020E9	-7.96015425602749360E1
4.43944386999999985E9	-8.00442915577846392E1
4.44444888000000038E9	-8.04877903728381128E1
4.44945388999999913E9	-8.09320457864188469E1
4.45445889999999967E9	-8.13770644360726791E1
4.45946391000000109E9	-8.18228528119469090E1
4.46446891999999984E9	-8.22694172527553924E1
4.46947393000000037E9	-8.27167639416655831E1
4.47447893999999913E9	-8.31648989021397966E1
4.47948395000000055E9	-8.36138279936854012E1
4.48448896000000019E9	-8.40635569075315559E1
4.48949396999999983E9	-8.45140911622584312E1
4.49449897999999948E9	-8.49654360993193514E1
4.49950399000000001E9	-8.54175968785061634E1
4.50450900000000054E9	-8.58705784733527722E1
4.50951400999999930E9	-8.63243856664167097E1
4.51451902000000072E9	-8.67790230445399580E1
4.51952402999999858E9	-8.72344949939851411E1
4.52452903999999911E9	-8.76908056955144666E1
4.52953405000000053E9	-8.81479591193786050E1
4.53453906000000107E9	-8.86059590202263259E1
4.53954406999999982E9	-8.90648089319204317E1
4.54454908000000035E9	-8.95245121622874329E1
4.54955408999999911E9	-8.99850717877526840E1
4.55455910000000053E9	-9.04464907390057427E1
4.55956411000000017E9	-9.09087714310946993E1
4.56456911999999981E9	-9.13719163043519700E1
4.56957412999999946E9	-9.18359274543072068E1
4.57457913999999910E9	-9.23008067169691770E1
4.57958415000000052E9	-9.27665556629016486E1
4.58458916000000016E9	-9.32331755912148097E1
4.58959416999999981E9	-9.37006675234281161E1
4.59459917999999856E9	-9.41690321972574473E1
4.59960418999999998E9	-9.46382700602594973E1
4.60460920000000051E9	-9.51083812633885017E1
4.60961420999999927E9	-9.55793656544131309E1
4.61461922000000069E9	-9.60512227712368727E1
4.61962422999999944E9	-9.65239518350614034E1
4.62462923999999997E9	-9.69975517434542489E1
4.62963425000000051E9	-9.74720210632671957E1
4.63463926000000015E9	-9.79473580233934982E1
4.63964426999999979E9	-9.84235605074198361E1
4.64464928000000032E9	-9.89006260461062325E1
4.64965428999999997E9	-9.93785518096976972E1
4.65465930000000050E9	-9.98573346000954842E1
4.65966431000000014E9	-1.00336970842838835E2
4.66466931999999979E9	-1.00817456578912568E2
4.66967432999999943E9	-1.01298787456365758E2
4.67467934000000085E9	-1.01780958721735115E2
4.67968434999999960E9	-1.02263965211248276E2
4.68468936000000014E9	-1.02747801341829659E2
4.68969436999999978E9	-1.03232461101837769E2
4.69469938000000031E9	-1.03717938041620772E2
4.69970438999999995E9	-1.04204225263734318E2
4.70470940000000049E9	-1.04691315412964037E2
4.70971440999999924E9	-1.05179200666006345E2
4.71471941999999977E9	-1.05667872720862954E2
4.71972443000000030E9	-1.06157322785931041E2
4.72472943999999995E9	-1.06647541568707149E2
4.72973444999999959E9	-1.07138519264170284E2
4.73473945999999923E9	-1.07630245542746761E2
4.73974447000000065E9	-1.08122709537880812E2
4.74474948000000030E9	-1.08615899833162599E2
4.74975448999999994E9	-1.09109804448996472E2
4.75475950000000047E9	-1.09604410828737198E2
4.75976451000000012E9	-1.10099705824363925E2
4.76476951999999976E9	-1.10595675681520289E2
4.76977452999999940E9	-1.11092306024001020E2
4.77477954000000082E9	-1.11589581837567264E2
4.77978454999999958E9	-1.12087487453112056E2
4.78478956000000011E9	-1.12586006529044269E2
4.78979456999999975E9	-1.13085122032948560E2
4.79479958000000028E9	-1.13584816222370888E2
4.79980458999999993E9	-1.14085070624740559E2
4.80480960000000046E9	-1.14585866016332116E2
4.80981460999999921E9	-1.15087182400234522E2
4.81481961999999974E9	-1.15588998983206226E2
4.81982463000000028E9	-1.16091294151421276E2
4.82482963999999992E9	-1.16594045444963323E2
4.82983464999999956E9	-1.17097229531008828E2
4.83483965999999921E9	-1.17600822175632258E2
4.83984467000000063E9	-1.18104798214119433E2
4.84484968000000027E9	-1.18609131519690458E2
4.84985468999999902E9	-1.19113794970562892E2
4.85485970000000044E9	-1.19618760415207492E2
4.85986471000000009E9	-1.20123998635722384E2
4.86486971999999973E9	-1.20629479309196297E2
4.86987472999999937E9	-1.21135170966945416E2
4.87487973999999991E9	-1.21641040951477897E2
4.87988474999999955E9	-1.22147055371125957E2
4.88488976000000008E9	-1.22653179052148387E2
4.88989477000000061E9	-1.23159375488220202E2
4.89489977999999937E9	-1.23665606787185878E2
4.89990478999999901E9	-1.24171833614915994E2
4.90490979999999954E9	-1.24678015136251608E2
4.90991481000000007E9	-1.25184108952804851E2
4.91491981999999972E9	-1.25690071037659568E2
4.91992483000000025E9	-1.26195855666840329E2
4.92492983999999989E9	-1.26701415347556301E2
4.92993484999999954E9	-1.27206700743204904E2
4.93493986000000096E9	-1.27711660595254517E2
4.93994487000000060E9	-1.28216241642088646E2
4.94494988000000024E9	-1.28720388535090957E2
4.94995488999999900E9	-1.29224043752250606E2
4.95495990000000042E9	-1.29727147509842711E2
4.95996491000000095E9	-1.30229637672787724E2
4.96496991999999970E9	-1.30731449664584654E2
4.96997492999999935E9	-1.31232516377990760E2
4.97497993999999899E9	-1.31732768087953778E2
4.97998495000000041E9	-1.32232132368740207E2
4.98498996000000005E9	-1.32730534017731738E2
4.98999497000000147E9	-1.33227894989103346E2
4.99499997999999934E9	-1.33724134341299217E2
5.00000000000000000E9	-1.34218675283081401E2