freq	dB(S(4,1))
0.00000000000000000E0	-6.02219927612630812E0
5.00501000000000040E6	-6.02338766267889980E0
1.00100200000000017E7	-6.02495300282799562E0
1.50150300000000003E7	-6.02679539826577493E0
2.00200400000000034E7	-6.02891061441429343E0
2.50250500000000020E7	-6.03129897747210286E0
3.00300600000000006E7	-6.03395640476322725E0
3.50350700000000037E7	-6.03687938680283231E0
4.00400800000000068E7	-6.04006421580035013E0
4.50450900000000054E7	-6.04350724110179005E0
5.00501000000000040E7	-6.04720501331225879E0
5.50551100000000027E7	-6.05115435173686844E0
6.00601200000000013E7	-6.05535235925681281E0
6.50651300000000088E7	-6.05979640332160940E0
7.00701400000000074E7	-6.06448407791193667E0
7.50751499999999972E7	-6.06941315716026697E0
8.00801600000000136E7	-6.07458154784968585E0
8.50851699999999944E7	-6.07998724528006029E0
9.00901800000000108E7	-6.08562829477197198E0
9.50951900000000094E7	-6.09150275957734966E0
1.00100200000000017E8	-6.09760869522648630E0
1.05105210000000016E8	-6.10394412966666700E0
1.10110220000000014E8	-6.11050704843449832E0
1.15115230000000013E8	-6.11729538399576711E0
1.20120240000000011E8	-6.12430700843540343E0
1.25125250000000010E8	-6.13153972882263076E0
1.30130260000000009E8	-6.13899128460340560E0
1.35135270000000007E8	-6.14665934652452695E0
1.40140280000000006E8	-6.15454151679083683E0
1.45145290000000005E8	-6.16263532996674712E0
1.50150300000000003E8	-6.17093825454607536E0
1.55155310000000002E8	-6.17944769495964863E0
1.60160320000000023E8	-6.18816099379472639E0
1.65165330000000021E8	-6.19707543429276253E0
1.70170339999999998E8	-6.20618824286589010E0
1.75175350000000019E8	-6.21549659174063773E0
1.80180360000000017E8	-6.22499760157284587E0
1.85185370000000016E8	-6.23468834408326522E0
1.90190380000000014E8	-6.24456584461903397E0
1.95195389999999991E8	-6.25462708471719164E0
2.00200400000000034E8	-6.26486900462209650E0
2.05205410000000033E8	-6.27528850567912322E0
2.10210420000000031E8	-6.28588245276858526E0
2.15215429999999985E8	-6.29664767660743685E0
2.20220440000000028E8	-6.30758097602512358E0
2.25225450000000027E8	-6.31867912019254341E0
2.30230460000000026E8	-6.32993885076207707E0
2.35235470000000024E8	-6.34135688399426822E0
2.40240480000000023E8	-6.35292991280402575E0
2.45245489999999977E8	-6.36465460876821609E0
2.50250500000000020E8	-6.37652762409749130E0
2.55255510000000019E8	-6.38854559352531215E0
2.60260520000000017E8	-6.40070513618690562E0
2.65265529999999972E8	-6.41300285744554444E0
2.70270540000000015E8	-6.42543535066844562E0
2.75275550000000013E8	-6.43799919895681683E0
2.80280560000000012E8	-6.45069097684651815E0
2.85285570000000011E8	-6.46350725195925957E0
2.90290580000000009E8	-6.47644458662655076E0
2.95295590000000008E8	-6.48949953944476121E0
3.00300600000000006E8	-6.50266866683013234E0
3.05305610000000005E8	-6.51594852449580841E0
3.10310620000000004E8	-6.52933566893099027E0
3.15315630000000002E8	-6.54282665879442416E0
3.20320640000000045E8	-6.55641805632409369E0
3.25325650000000044E8	-6.57010642863607419E0
3.30330660000000043E8	-6.58388834909590059E0
3.35335670000000041E8	-6.59776039852328999E0
3.40340679999999995E8	-6.61171916645586144E0
3.45345689999999994E8	-6.62576125234256796E0
3.50350700000000037E8	-6.63988326668406881E0
3.55355710000000036E8	-6.65408183216741023E0
3.60360720000000034E8	-6.66835358475922124E0
3.65365729999999989E8	-6.68269517472417007E0
3.70370740000000032E8	-6.69710326766771935E0
3.75375749999999986E8	-6.71157454550570343E0
3.80380760000000029E8	-6.72610570739494307E0
3.85385770000000027E8	-6.74069347065799906E0
3.90390779999999982E8	-6.75533457164878826E0
3.95395789999999980E8	-6.77002576658392563E0
4.00400800000000068E8	-6.78476383237708180E0
4.05405809999999978E8	-6.79954556737688698E0
4.10410820000000065E8	-6.81436779213078214E0
4.15415830000000064E8	-6.82922735009128701E0
4.20420840000000062E8	-6.84412110828415887E0
4.25425849999999972E8	-6.85904595796681615E0
4.30430859999999971E8	-6.87399881523810929E0
4.35435869999999969E8	-6.88897662161577795E0
4.40440880000000057E8	-6.90397634460784637E0
4.45445889999999967E8	-6.91899497823490162E0
4.50450900000000054E8	-6.93402954352382395E0
4.55455910000000053E8	-6.94907708898787391E0
4.60460920000000051E8	-6.96413469106584504E0
4.65465930000000050E8	-6.97919945454378965E0
4.70470940000000049E8	-6.99426851295589280E0
4.75475950000000047E8	-7.00933902893409044E0
4.80480960000000046E8	-7.02440819457063625E0
4.85485970000000044E8	-7.03947323172549044E0
4.90490979999999954E8	-7.05453139234049953E0
4.95495990000000042E8	-7.06957995869165057E0
5.00501000000000040E8	-7.08461624365929588E0
5.05506009999999950E8	-7.09963759097011948E0
5.10511020000000038E8	-7.11464137537369279E0
5.15516030000000036E8	-7.12962500288139811E0
5.20521040000000035E8	-7.14458591090545081E0
5.25526050000000033E8	-7.15952156843379761E0
5.30531059999999943E8	-7.17442947616709681E0
5.35536070000000031E8	-7.18930716663094405E0
5.40541080000000029E8	-7.20415220430500458E0
5.45546090000000028E8	-7.21896218568415193E0
5.50551100000000027E8	-7.23373473937464517E0
5.55556110000000025E8	-7.24846752615726420E0
5.60561120000000024E8	-7.26315823902425883E0
5.65566129999999934E8	-7.27780460322239175E0
5.70571140000000021E8	-7.29240437628865301E0
5.75576150000000109E8	-7.30695534803443625E0
5.80581160000000018E8	-7.32145534057796343E0
5.85586170000000017E8	-7.33590220831967521E0
5.90591180000000016E8	-7.35029383792909030E0
5.95596190000000014E8	-7.36462814831699486E0
6.00601200000000013E8	-7.37890309059966754E0
6.05606210000000011E8	-7.39311664806276525E0
6.10611220000000010E8	-7.40726683609889935E0
6.15616230000000009E8	-7.42135170217197437E0
6.20621240000000007E8	-7.43536932573138554E0
6.25626250000000006E8	-7.44931781816518956E0
6.30631260000000005E8	-7.46319532271018549E0
6.35636270000000003E8	-7.47700001438412798E0
6.40641280000000091E8	-7.49073009990788030E0
6.45646290000000000E8	-7.50438381761444528E0
6.50651300000000088E8	-7.51795943736750161E0
6.55656309999999998E8	-7.53145526046314018E0
6.60661320000000085E8	-7.54486961955621016E0
6.65666329999999995E8	-7.55820087854644207E0
6.70671340000000082E8	-7.57144743250180241E0
6.75676349999999992E8	-7.58460770755745450E0
6.80681359999999991E8	-7.59768016083118614E0
6.85686369999999989E8	-7.61066328031223094E0
6.90691379999999988E8	-7.62355558478796702E0
6.95696389999999987E8	-7.63635562374801857E0
7.00701400000000074E8	-7.64906197728388015E0
7.05706409999999984E8	-7.66167325602855609E0
7.10711420000000071E8	-7.67418810104297400E0
7.15716429999999981E8	-7.68660518375316393E0
7.20721440000000069E8	-7.69892320587129220E0
7.25726449999999979E8	-7.71114089931894231E0
7.30731459999999977E8	-7.72325702616511833E0
7.35736470000000065E8	-7.73527037854351462E0
7.40741480000000063E8	-7.74717977861836538E0
7.45746490000000062E8	-7.75898407851211225E0
7.50751499999999972E8	-7.77068216026548697E0
7.55756509999999970E8	-7.78227293579083046E0
7.60761520000000058E8	-7.79375534684381943E0
7.65766530000000056E8	-7.80512836498724827E0
7.70771540000000055E8	-7.81639099157344397E0
7.75776549999999965E8	-7.82754225772940337E0
7.80781559999999963E8	-7.83858122434900739E0
7.85786569999999962E8	-7.84950698210273146E0
7.90791579999999961E8	-7.86031865143418074E0
7.95796590000000226E8	-7.87101538259819211E0
8.00801600000000136E8	-7.88159635567307326E0
8.05806609999999957E8	-7.89206078060993654E0
8.10811619999999955E8	-7.90240789727686543E0
8.15816630000000131E8	-7.91263697551838430E0
8.20821640000000130E8	-7.92274731522289777E0
8.25826650000000129E8	-7.93273824640848080E0
8.30831660000000127E8	-7.94260912930611163E0
8.35836670000000126E8	-7.95235935447118703E0
8.40841680000000125E8	-7.96198834289385360E0
8.45846690000000123E8	-7.97149554612237221E0
8.50851699999999944E8	-7.98088044641401417E0
8.55856710000000120E8	-7.99014255687458341E0
8.60861719999999941E8	-7.99928142163444189E0
8.65866730000000118E8	-8.00829661602304910E0
8.70871739999999939E8	-8.01718774676246859E0
8.75876750000000115E8	-8.02595445217456671E0
8.80881760000000114E8	-8.03459640240757800E0
8.85886769999999935E8	-8.04311329966519395E0
8.90891779999999933E8	-8.05150487846685614E0
8.95896790000000109E8	-8.05977090591033196E0
9.00901800000000108E8	-8.06791118195669199E0
9.05906810000000107E8	-8.07592553973369753E0
9.10911820000000105E8	-8.08381384584738072E0
9.15916830000000104E8	-8.09157600071895011E0
9.20921840000000103E8	-8.09921193893657509E0
9.25926850000000101E8	-8.10672162962449860E0
9.30931860000000100E8	-8.11410507682846216E0
9.35936869999999921E8	-8.12136231992270652E0
9.40941880000000097E8	-8.12849343403507163E0
9.45946889999999918E8	-8.13549853048841953E0
9.50951900000000094E8	-8.14237775727034219E0
9.55956909999999915E8	-8.14913129950931925E0
9.60961920000000092E8	-8.15575937998510447E0
9.65966929999999913E8	-8.16226225965175090E0
9.70971940000000089E8	-8.16864023818285112E0
9.75976949999999910E8	-8.17489365454074424E0
9.80981959999999908E8	-8.18102288756693063E0
9.85986969999999907E8	-8.18702835659822803E0
9.90991980000000083E8	-8.19291052209657877E0
9.95996990000000082E8	-8.19866988631126858E0
1.00100200000000017E9	-8.20430699396467666E0
1.00600701000000003E9	-8.20982243295673797E0
1.01101201999999990E9	-8.21521683509842759E0
1.01601702999999999E9	-8.22049087686835023E0
1.02102204000000008E9	-8.22564528019630359E0
1.02602705000000016E9	-8.23068081327463297E0
1.03103206000000003E9	-8.23559829139129462E0
1.03603706999999989E9	-8.24039857779361462E0
1.04104207999999998E9	-8.24508258458057774E0
1.04604709000000007E9	-8.24965127361739725E0
1.05105210000000016E9	-8.25410565748686587E0
1.05605710999999980E9	-8.25844680046222734E0
1.06106211999999989E9	-8.26267581951350927E0
1.06606712999999997E9	-8.26679388534281401E0
1.07107214000000006E9	-8.27080222344941873E0
1.07607714999999993E9	-8.27470211522554777E0
1.08108216000000001E9	-8.27849489908581937E0
1.08608717000000010E9	-8.28218197162350300E0
1.09109217999999997E9	-8.28576478880800238E0
1.09609719000000005E9	-8.28924486720123355E0
1.10110220000000014E9	-8.29262378522243182E0
1.10610720999999979E9	-8.29590318443453612E0
1.11111222000000009E9	-8.29908477087352381E0
1.11611722999999996E9	-8.30217031640396641E0
1.12112224000000005E9	-8.30516166011819656E0
1.12612725000000014E9	-8.30806070976351663E0
1.13113225999999978E9	-8.31086944320878551E0
1.13613727000000009E9	-8.31358990994945657E0
1.14114227999999995E9	-8.31622423264280286E0
1.14614729000000004E9	-8.31877460868555474E0
1.15115230000000013E9	-8.32124331182828314E0
1.15615730999999999E9	-8.32363269382554805E0
1.16116232000000008E9	-8.32594518612299694E0
1.16616732999999995E9	-8.32818330159034481E0
1.17117234000000003E9	-8.33034963628057312E0
1.17617735000000012E9	-8.33244687124155803E0
1.18118235999999999E9	-8.33447777435427817E0
1.18618737000000007E9	-8.33644520222183871E0
1.19119237999999994E9	-8.33835210208745892E0
1.19619739000000003E9	-8.34020151380161856E0
1.20120240000000011E9	-8.34199657181996024E0
1.20620740999999998E9	-8.34374050724916572E0
1.21121242000000007E9	-8.34543664992764356E0
1.21621742999999993E9	-8.34708843054756855E0
1.22122244000000002E9	-8.34869938281489254E0
1.22622744999999989E9	-8.35027314565264867E0
1.23123245999999997E9	-8.35181346544157321E0
1.23623747000000006E9	-8.35332419829736494E0
1.24124247999999993E9	-8.35480931239379032E0
1.24624749000000001E9	-8.35627289031645049E0
1.25125250000000010E9	-8.35771913145982737E0
1.25625750999999997E9	-8.35915235446263161E0
1.26126252000000005E9	-8.36057699967566492E0
1.26626752999999992E9	-8.36199763167012478E0
1.27127254000000001E9	-8.36341894178185541E0
1.27627755000000009E9	-8.36484575068880964E0
1.28128256000000018E9	-8.36628301102347471E0
1.28628757000000005E9	-8.36773581001981093E0
1.29129257999999991E9	-8.36920937219019123E0
1.29629759000000000E9	-8.37070906203616616E0
1.30130260000000009E9	-8.37224038678738935E0
1.30630760999999973E9	-8.37380899916864863E0
1.31131262000000004E9	-8.37542070019749474E0
1.31631762999999991E9	-8.37708144200225213E0
1.32132264000000021E9	-8.37879733066846555E0
1.32632764999999986E9	-8.38057462910569484E0
1.33133265999999995E9	-8.38241975993572375E0
1.33633766999999981E9	-8.38433930839636510E0
1.34134268000000012E9	-8.38634002526596412E0
1.34634768999999999E9	-8.38842882979760773E0
1.35135270000000007E9	-8.39061281266854309E0
1.35635770999999994E9	-8.39289923893584522E0
1.36136272000000003E9	-8.39529555100142488E0
1.36636772999999989E9	-8.39780937157801866E0
1.37137273999999998E9	-8.40044850665975851E0
1.37637775000000007E9	-8.40322094848679058E0
1.38138275999999993E9	-8.40613487850931307E0
1.38638777000000002E9	-8.40919867033891499E0
1.39139277999999988E9	-8.41242089269288407E0
1.39639779000000042E9	-8.41581031231852528E0
1.40140280000000006E9	-8.41937589690519061E0
1.40640780999999992E9	-8.42312681796893692E0
1.41141282000000001E9	-8.42707245371340719E0
1.41641782999999988E9	-8.43122239186196154E0
1.42142284000000019E9	-8.43558643245539486E0
1.42642785000000005E9	-8.44017459061257824E0
1.43143285999999992E9	-8.44499709924895114E0
1.43643786999999978E9	-8.45006441175180711E0
1.44144288000000009E9	-8.45538720460319659E0
1.44644788999999996E9	-8.46097637995215912E0
1.45145290000000005E9	-8.46684306812811549E0
1.45645790999999969E9	-8.47299863009201637E0
1.46146292000000000E9	-8.47945465982467717E0
1.46646792999999986E9	-8.48622298664296082E0
1.47147294000000017E9	-8.49331567744459903E0
1.47647795000000004E9	-8.50074503887641342E0
1.48148296000000013E9	-8.50852361942130386E0
1.48648796999999999E9	-8.51666421140252439E0
1.49149298000000008E9	-8.52517985290202418E0
1.49649798999999994E9	-8.53408382958911815E0
1.50150300000000003E9	-8.54338967645645830E0
1.50650800999999990E9	-8.55311117946417099E0
1.51151301999999998E9	-8.56326237708656812E0
1.51651803000000029E9	-8.57385756176269709E0
1.52152304000000016E9	-8.58491128125058367E0
1.52652805000000003E9	-8.59643833987899697E0
1.53153306000000011E9	-8.60845379970753299E0
1.53653806999999976E9	-8.62097298158533221E0
1.54154308000000007E9	-8.63401146611401415E0
1.54654808999999993E9	-8.64758509452271795E0
1.55155310000000002E9	-8.66170996944715377E0
1.55655810999999988E9	-8.67640245562711776E0
1.56156311999999997E9	-8.69167918052060529E0
1.56656812999999984E9	-8.70755703484488564E0
1.57157313999999992E9	-8.72405317304766292E0
1.57657815000000001E9	-8.74118501372088197E0
1.58158315999999988E9	-8.75897023996109603E0
1.58658816999999974E9	-8.77742679969316519E0
1.59159318000000050E9	-8.79657290596451524E0
1.59659818999999992E9	-8.81642703722233456E0
1.60160320000000023E9	-8.83700793759831527E0
1.60660820999999987E9	-8.85833461720312165E0
1.61161321999999996E9	-8.88042635245703238E0
1.61661822999999982E9	-8.90330268647845458E0
1.62162323999999991E9	-8.92698342954716573E0
1.62662825000000022E9	-8.95148865966305785E0
1.63163326000000031E9	-8.97683872323734988E0
1.63663826999999995E9	-9.00305423592829079E0
1.64164328000000026E9	-9.03015608366069422E0
1.64664828999999990E9	-9.05816542386078716E0
1.65165330000000021E9	-9.08710368693419568E0
1.65665830999999986E9	-9.11699257802751717E0
1.66166332000000017E9	-9.14785407910538240E0
1.66666832999999981E9	-9.17971045139976027E0
1.67167334000000034E9	-9.21258423824972894E0
1.67667835000000021E9	-9.24649826839499056E0
1.68168336000000029E9	-9.28147565977323907E0
1.68668836999999994E9	-9.31753982385482082E0
1.69169338000000025E9	-9.35471447058390737E0
1.69669838999999989E9	-9.39302361397862562E0
1.70170339999999998E9	-9.43249157844111608E0
1.70670840999999984E9	-9.47314300585314939E0
1.71171342000000015E9	-9.51500286351009450E0
1.71671843000000024E9	-9.55809645296591803E0
1.72172343999999988E9	-9.60244941986632483E0
1.72672844999999997E9	-9.64808776483271124E0
1.73173346000000028E9	-9.69503785547944652E0
1.73673847000000015E9	-9.74332643966207002E0
1.74174347999999979E9	-9.79298066001532952E0
1.74674848999999988E9	-9.84402806988452994E0
1.75175350000000019E9	-9.89649665074851015E0
1.75675851000000027E9	-9.95041483123290860E0
1.76176352000000014E9	-1.00058115077910004E1
1.76676852999999978E9	-1.00627160672060434E1
1.77177353999999987E9	-1.01211584109840635E1
1.77677855000000018E9	-1.01811689817850115E1
1.78178355999999982E9	-1.02427787920118996E1
1.78678856999999991E9	-1.03060194546716888E1
1.79179358000000022E9	-1.03709232166983001E1
1.79679858999999986E9	-1.04375229947996750E1
1.80180360000000017E9	-1.05058524140934750E1
1.80680860999999982E9	-1.05759458496015402E1
1.81181362000000012E9	-1.06478384708466223E1
1.81681863000000021E9	-1.07215662896971509E1
1.82182364000000030E9	-1.07971662116934808E1
1.82682864999999994E9	-1.08746760910408291E1
1.83183366000000025E9	-1.09541347895491881E1
1.83683866999999990E9	-1.10355822396847003E1
1.84184368000000021E9	-1.11190595121012969E1
1.84684868999999985E9	-1.12046088878602723E1
1.85185370000000016E9	-1.12922739356875601E1
1.85685870999999980E9	-1.13820995945934800E1
1.86186372000000011E9	-1.14741322622245212E1
1.86686872999999953E9	-1.15684198893433354E1
1.87187373999999984E9	-1.16650120808607993E1
1.87687874999999993E9	-1.17639602038913416E1
1.88188376000000024E9	-1.18653175033549418E1
1.88688876999999988E9	-1.19691392256609785E1
1.89189377999999975E9	-1.20754827510924190E1
1.89689878999999983E9	-1.21844077355878722E1
1.90190380000000014E9	-1.22959762625952718E1
1.90690881000000023E9	-1.24102530058416516E1
1.91191381999999988E9	-1.25273054038954790E1
1.91691883000000018E9	-1.26472038474673520E1
1.92192384000000027E9	-1.27700218805323629E1
1.92692885000000014E9	-1.28958364164330486E1
1.93193385999999978E9	-1.30247279702653396E1
1.93693886999999987E9	-1.31567809089206422E1
1.94194388000000018E9	-1.32920837204276765E1
1.94694889000000027E9	-1.34307293042080467E1
1.95195389999999991E9	-1.35728152842608241E1
1.95695891000000022E9	-1.37184443472671913E1
1.96196391999999986E9	-1.38677246079648087E1
1.96696893000000017E9	-1.40207700043401839E1
1.97197393999999981E9	-1.41777007254301757E1
1.97697894999999990E9	-1.43386436747639889E1
1.98198396000000021E9	-1.45037329728996967E1
1.98698896999999985E9	-1.46731105026850006E1
1.99199398000000016E9	-1.48469265013499041E1
1.99699898999999936E9	-1.50253402038021178E1
2.00200400000000034E9	-1.52085205419451408E1
2.00700900999999998E9	-1.53966469051867061E1
2.01201402000000007E9	-1.55899099676861708E1
2.01701902999999971E9	-1.57885125881666655E1
2.02202403999999980E9	-1.59926707885246167E1
2.02702904999999989E9	-1.62026148174365758E1
2.03203405999999998E9	-1.64185903053397420E1
2.03703906999999962E9	-1.66408595166085926E1
2.04204408000000015E9	-1.68697027043509573E1
2.04704908999999979E9	-1.71054195715647106E1
2.05205410000000033E9	-1.73483308404979231E1
2.05705910999999997E9	-1.75987799282802904E1
2.06206412000000006E9	-1.78571347217135168E1
2.06706912999999970E9	-1.81237894362180607E1
2.07207413999999979E9	-1.83991665318600361E1
2.07707915000000032E9	-1.86837186426962565E1
2.08208415999999996E9	-1.89779304506132607E1
2.08708917000000005E9	-1.92823203992832859E1
2.09209418000000014E9	-1.95974420923275550E1
2.09709918999999978E9	-1.99238851458019006E1
2.10210420000000031E9	-2.02622751588245453E1
2.10710920999999995E9	-2.06132723130882090E1
2.11211421999999960E9	-2.09775678914124786E1
2.11711923000000013E9	-2.13558776885572454E1
2.12212423999999977E9	-2.17489308295849115E1
2.12712924999999986E9	-2.21574518540060383E1
2.13213425999999995E9	-2.25821329801236903E1
2.13713927000000004E9	-2.30235921211370664E1
2.14214428000000012E9	-2.34823103329930394E1
2.14714929000000065E9	-2.39585397657807864E1
2.15215429999999985E9	-2.44521697186988973E1
2.15715930999999994E9	-2.49625340629092962E1
2.16216432000000003E9	-2.54881385427947826E1
2.16716933000000012E9	-2.60262828119353840E1
2.17217434000000020E9	-2.65725533059105246E1
2.17717934999999985E9	-2.71201772305906852E1
2.18218435999999993E9	-2.76592695529536758E1
2.18718937000000002E9	-2.81760946505736731E1
2.19219438000000011E9	-2.86526185695366431E1
2.19719938999999931E9	-2.90668240162082059E1
2.20220440000000028E9	-2.93943744596245082E1
2.20720941000000037E9	-2.96119899780187668E1
2.21221441999999957E9	-2.97021091282983063E1
2.21721943000000010E9	-2.96572940781486905E1
2.22222444000000019E9	-2.94823197779095603E1
2.22722944999999983E9	-2.91928168025697676E1
2.23223445999999992E9	-2.88112123268774800E1
2.23723946999999956E9	-2.83619558657269133E1
2.24224448000000010E9	-2.78677808697617646E1
2.24724948999999974E9	-2.73476718550192377E1
2.25225450000000027E9	-2.68162988435306016E1
2.25725951000000036E9	-2.62843425916726314E1
2.26226451999999956E9	-2.57591987264963951E1
2.26726953000000053E9	-2.52457424130106967E1
2.27227454000000018E9	-2.47470032464338052E1
2.27727955000000026E9	-2.42647034204374812E1
2.28228455999999991E9	-2.37996626457708960E1
2.28728956999999955E9	-2.33520920732412263E1
2.29229458000000008E9	-2.29218027122589341E1
2.29729958999999928E9	-2.25083508321294135E1
2.30230460000000026E9	-2.21111381365593562E1
2.30730961000000034E9	-2.17294800094880936E1
2.31231461999999999E9	-2.13626514562262360E1
2.31731963000000007E9	-2.10099175737307364E1
2.32232464000000016E9	-2.06705533470214275E1
2.32732965000000025E9	-2.03438561174666743E1
2.33233465999999989E9	-2.00291530470995482E1
2.33733967000000042E9	-1.97258051901566733E1
2.34234468000000007E9	-1.94332092868383977E1
2.34734969000000016E9	-1.91507980503416464E1
2.35235470000000024E9	-1.88780394785948902E1
2.35735970999999989E9	-1.86144355567151720E1
2.36236471999999997E9	-1.83595206002812583E1
2.36736972999999962E9	-1.81128594096812567E1
2.37237474000000015E9	-1.78740453499345753E1
2.37737975000000024E9	-1.76426984314081947E1
2.38238475999999988E9	-1.74184634403035621E1
2.38738977000000041E9	-1.72010081489546929E1
2.39239478000000005E9	-1.69900216232595014E1
2.39739979000000014E9	-1.67852126360091236E1
2.40240480000000023E9	-1.65863081887780939E1
2.40740980999999987E9	-1.63930521414216868E1
2.41241481999999996E9	-1.62052039456086483E1
2.41741982999999960E9	-1.60225374773611895E1
2.42242484000000013E9	-1.58448399627449987E1
2.42742985000000022E9	-1.56719109904189180E1
2.43243485999999987E9	-1.55035616047636449E1
2.43743986999999995E9	-1.53396134733096279E1
2.44244488000000004E9	-1.51798981225384000E1
2.44744988999999968E9	-1.50242562363788656E1
2.45245489999999977E9	-1.48725370121275380E1
2.45745990999999986E9	-1.47245975688712427E1
2.46246491999999995E9	-1.45803024038682438E1
2.46746993000000048E9	-1.44395228927559582E1
2.47247494000000012E9	-1.43021368297288687E1
2.47747995000000021E9	-1.41680280042186313E1
2.48248495999999985E9	-1.40370858109318397E1
2.48748996999999950E9	-1.39092048902715870E1
2.49249498000000003E9	-1.37842847965931981E1
2.49749998999999967E9	-1.36622296918537600E1
2.50250500000000020E9	-1.35429480624833309E1
2.50751001000000029E9	-1.34263524575240689E1
2.51251501999999993E9	-1.33123592462192364E1
2.51752003000000091E9	-1.32008883934117249E1
2.52252504000000011E9	-1.30918632513007305E1
2.52753004999999975E9	-1.29852103661736251E1
2.53253505999999984E9	-1.28808592989030823E1
2.53754006999999993E9	-1.27787424580601883E1
2.54254508000000001E9	-1.26787949446838666E1
2.54755008999999966E9	-1.25809544077173219E1
2.55255510000000019E9	-1.24851609092775084E1
2.55756011000000028E9	-1.23913567990111129E1
2.56256512000000036E9	-1.22994865968093814E1
2.56757012999999956E9	-1.22094968832223505E1
2.57257514000000009E9	-1.21213361970084610E1
2.57758015000000018E9	-1.20349549392681565E1
2.58258515999999982E9	-1.19503052836586821E1
2.58759016999999947E9	-1.18673410922354883E1
2.59259518000000000E9	-1.17860178365190893E1
2.59760019000000009E9	-1.17062925233949433E1
2.60260520000000017E9	-1.16281236254802045E1
2.60761020999999982E9	-1.15514710156607836E1
2.61261521999999946E9	-1.14762959054919667E1
2.61762022999999910E9	-1.14025607871600543E1
2.62262524000000008E9	-1.13302293788208353E1
2.62763025000000017E9	-1.12592665729997976E1
2.63263525999999981E9	-1.11896383879016170E1
2.63764026999999990E9	-1.11213119214010980E1
2.64264528000000043E9	-1.10542553075526051E1
2.64765029000000052E9	-1.09884376754252777E1
2.65265529999999972E9	-1.09238291101275387E1
2.65766030999999980E9	-1.08604006158707422E1
2.66266531999999989E9	-1.07981240809342882E1
2.66767032999999953E9	-1.07369722444073235E1
2.67267533999999962E9	-1.06769186646176761E1
2.67768035000000015E9	-1.06179376890928601E1
2.68268536000000024E9	-1.05600044259996806E1
2.68769037000000033E9	-1.05030947169547417E1
2.69269537999999997E9	-1.04471851111138037E1
2.69770039000000006E9	-1.03922528404674663E1
2.70270540000000015E9	-1.03382757962777294E1
2.70771041000000068E9	-1.02852325065720906E1
2.71271541999999988E9	-1.02331021146395806E1
2.71772043000000085E9	-1.01818643584775193E1
2.72272544000000005E9	-1.01314995511136274E1
2.72773045000000014E9	-1.00819885617738092E1
2.73273545999999978E9	-1.00333127978350056E1
2.73774046999999987E9	-9.98545418752462410E0
2.74274547999999996E9	-9.93839516331939876E0
2.74775048999999960E9	-9.89211864601088386E0
2.75275550000000013E9	-9.84660802939374236E0
2.75776051000000066E9	-9.80184716555864810E0
2.76276551999999986E9	-9.75782035073512866E0
2.76777053000000040E9	-9.71451231167439211E0
2.77277554000000004E9	-9.67190819253950274E0
2.77778055000000013E9	-9.62999354226468895E0
2.78278555999999977E9	-9.58875430238120430E0
2.78779056999999941E9	-9.54817679526804142E0
2.79279558000000083E9	-9.50824771282030135E0
2.79780059000000003E9	-9.46895410549784877E0
2.80280560000000012E9	-9.43028337176314935E0
2.80781061000000021E9	-9.39222324785479756E0
2.81281561999999985E9	-9.35476179791544382E0
2.81782062999999994E9	-9.31788740443219154E0
2.82282564000000002E9	-9.28158875899372759E0
2.82783064999999967E9	-9.24585485333306600E0
2.83283565999999976E9	-9.21067497065866725E0
2.83784066999999984E9	-9.17603867725411959E0
2.84284568000000037E9	-9.14193581433318947E0
2.84785069000000046E9	-9.10835649014320659E0
2.85285570000000011E9	-9.07529107231010812E0
2.85786070999999975E9	-9.04273018040094811E0
2.86286571999999984E9	-9.01066467871769561E0
2.86787072999999948E9	-8.97908566928893137E0
2.87287573999999957E9	-8.94798448507129152E0
2.87788075000000054E9	-8.91735268334315734E0
2.88288576000000019E9	-8.88718203928255335E0
2.88789077000000027E9	-8.85746453972809533E0
2.89289577999999992E9	-8.82819237711267846E0
2.89790079000000045E9	-8.79935794356222623E0
2.90290580000000009E9	-8.77095382516030675E0
2.90791081000000018E9	-8.74297279636650870E0
2.91291581999999938E9	-8.71540781458340064E0
2.91792082999999991E9	-8.68825201487175747E0
2.92292584000000000E9	-8.66149870480696649E0
2.92793085000000008E9	-8.63514135946959804E0
2.93293585999999973E9	-8.60917361657015334E0
2.93794086999999982E9	-8.58358927170107933E0
2.94294588000000035E9	-8.55838227371138949E0
2.94795088999999955E9	-8.53354672020353000E0
2.95295590000000008E9	-8.50907685314783535E0
2.95796091000000061E9	-8.48496705460542699E0
2.96296592000000025E9	-8.46121184256836933E0
2.96797093000000034E9	-8.43780586689972267E0
2.97297593999999998E9	-8.41474390538326666E0
2.97798095000000007E9	-8.39202085987066226E0
2.98298596000000016E9	-8.36963175252794578E0
2.98799096999999936E9	-8.34757172218038335E0
2.99299597999999989E9	-8.32583602074653406E0
2.99800098999999909E9	-8.30442000976516681E0
3.00300600000000006E9	-8.28331915701330956E0
3.00801101000000015E9	-8.26252903320464682E0
3.01301601999999979E9	-8.24204530877993236E0
3.01802102999999988E9	-8.22186375077072462E0
3.02302603999999997E9	-8.20198021975256886E0
3.02803105000000006E9	-8.18239066686864014E0
3.03303606000000059E9	-8.16309113093685568E0
3.03804106999999979E9	-8.14407773562422754E0
3.04304608000000032E9	-8.12534668670159199E0
3.04805109000000041E9	-8.10689426936506585E0
3.05305610000000005E9	-8.08871684562942939E0
3.05806110999999969E9	-8.07081085178703006E0
3.06306612000000023E9	-8.05317279593811008E0
3.06807113000000031E9	-8.03579925558297603E0
3.07307613999999951E9	-8.01868687527875323E0
3.07808115000000004E9	-8.00183236435942113E0
3.08308616000000013E9	-7.98523249471662666E0
3.08809116999999933E9	-7.96888409864128011E0
3.09309617999999986E9	-7.95278406672308957E0
3.09810119000000039E9	-7.93692934580819376E0
3.10310620000000004E9	-7.92131693701214346E0
3.10811121000000012E9	-7.90594389379090767E0
3.11311621999999977E9	-7.89080732006312768E0
3.11812123000000074E9	-7.87590436838600549E0
3.12312623999999994E9	-7.86123223818615458E0
3.12813125000000003E9	-7.84678817403630458E0
3.13313625999999967E9	-7.83256946398720544E0
3.13814126999999976E9	-7.81857343794449378E0
3.14314627999999985E9	-7.80479746609808700E0
3.14815129000000038E9	-7.79123895739237504E0
3.15315630000000002E9	-7.77789535804958199E0
3.15816130999999967E9	-7.76476415013297938E0
3.16316631999999975E9	-7.75184285015821573E0
3.16817133000000029E9	-7.73912900774577039E0
3.17317633999999948E9	-7.72662020431756158E0
3.17818135000000002E9	-7.71431405183427188E0
3.18318636000000099E9	-7.70220819157514747E0
3.18819136999999930E9	-7.69030029295690198E0
3.19319637999999983E9	-7.67858805239220743E0
3.19820138999999992E9	-7.66706919218687766E0
3.20320640000000045E9	-7.65574145947602513E0
3.20821140999999965E9	-7.64460262519513467E0
3.21321641999999974E9	-7.63365048308949135E0
3.21822143000000072E9	-7.62288284875846678E0
3.22322643999999991E9	-7.61229755873424274E0
3.22823145000000000E9	-7.60189246959551124E0
3.23323645999999965E9	-7.59166545711442797E0
3.23824146999999973E9	-7.58161441543524539E0
3.24324647999999982E9	-7.57173725628745853E0
3.24825148999999991E9	-7.56203190822727578E0
3.25325650000000044E9	-7.55249631591183679E0
3.25826151000000053E9	-7.54312843940295608E0
3.26326652000000061E9	-7.53392625350010814E0
3.26827153000000070E9	-7.52488774710163000E0
3.27327653999999990E9	-7.51601092259486059E0
3.27828154999999999E9	-7.50729379527301788E0
3.28328656000000052E9	-7.49873439277912723E0
3.28829156999999972E9	-7.49033075457551245E0
3.29329657999999981E9	-7.48208093143992503E0
3.29830158999999989E9	-7.47398298498517732E0
3.30330660000000043E9	-7.46603498720397685E0
3.30831160999999963E9	-7.45823502003681948E0
3.31331661999999971E9	-7.45058117496375871E0
3.31832162999999980E9	-7.44307155261746445E0
3.32332664000000033E9	-7.43570426241946780E0
3.32833164999999997E9	-7.42847742223601770E0
3.33333665999999962E9	-7.42138915805660382E0
3.33834167000000059E9	-7.41443760369101756E0
3.34334668000000068E9	-7.40762090048714050E0
3.34835169000000032E9	-7.40093719706675124E0
3.35335670000000041E9	-7.39438464908030557E0
3.35836170999999961E9	-7.38796141897993408E0
3.36336672000000059E9	-7.38166567580988442E0
3.36837172999999979E9	-7.37549559501234242E0
3.37337673999999987E9	-7.36944935825168645E0
3.37838174999999996E9	-7.36352515325364809E0
3.38338676000000049E9	-7.35772117365871203E0
3.38839177000000058E9	-7.35203561889307089E0
3.39339677999999978E9	-7.34646669405036334E0
3.39840178999999987E9	-7.34101260979033476E0
3.40340679999999995E9	-7.33567158224920224E0
3.40841180999999960E9	-7.33044183296334673E0
3.41341681999999969E9	-7.32532158880455331E0
3.41842182999999888E9	-7.32030908192951468E0
3.42342684000000030E9	-7.31540254973775639E0
3.42843184999999995E9	-7.31060023484314137E0
3.43343686000000048E9	-7.30590038505425987E0
3.43844187000000057E9	-7.30130125336612945E0
3.44344687999999977E9	-7.29680109796114529E0
3.44845188999999985E9	-7.29239818221946035E0
3.45345689999999994E9	-7.28809077473768596E0
3.45846190999999958E9	-7.28387714935791930E0
3.46346692000000056E9	-7.27975558520242672E0
3.46847192999999976E9	-7.27572436671828715E0
3.47347694000000029E9	-7.27178178372826167E0
3.47848194999999993E9	-7.26792613148823641E0
3.48348695999999958E9	-7.26415571075296729E0
3.48849197000000055E9	-7.26046882784717162E0
3.49349697999999975E9	-7.25686379474117338E0
3.49850198999999984E9	-7.25333892913550660E0
3.50350700000000037E9	-7.24989255454760428E0
3.50851200999999957E9	-7.24652300040498609E0
3.51351702000000055E9	-7.24322860214345177E0
3.51852203000000063E9	-7.24000770130836990E0
3.52352704000000028E9	-7.23685864566132953E0
3.52853204999999992E9	-7.23377978928978216E0
3.53353705999999956E9	-7.23076949272028990E0
3.53854207000000054E9	-7.22782612303593996E0
3.54354707999999974E9	-7.22494805399489692E0
3.54855208999999983E9	-7.22213366615371122E0
3.55355710000000036E9	-7.21938134699139944E0
3.55856211000000044E9	-7.21668949103774793E0
3.56356711999999964E9	-7.21405650000134990E0
3.56857212999999973E9	-7.21148078290054872E0
3.57357713999999982E9	-7.20896075619700571E0
3.57858214999999991E9	-7.20649484392894202E0
3.58358716000000044E9	-7.20408147784613817E0
3.58859217000000053E9	-7.20171909754616735E0
3.59359717999999972E9	-7.19940615061158873E0
3.59860219000000026E9	-7.19714109274762670E0
3.60360720000000034E9	-7.19492238791924343E0
3.60861220999999954E9	-7.19274850849086889E0
3.61361721999999963E9	-7.19061793536334370E0
3.61862222999999972E9	-7.18852915811383752E0
3.62362724000000025E9	-7.18648067513360900E0
3.62863224999999989E9	-7.18447099376588127E0
3.63363726000000042E9	-7.18249863044385783E0
3.63864227000000096E9	-7.18056211082773821E0
3.64364728000000060E9	-7.17865996994143085E0
3.64865228999999980E9	-7.17679075230814334E0
3.65365729999999989E9	-7.17495301208591396E0
3.65866231000000131E9	-7.17314531320086779E0
3.66366732000000050E9	-7.17136622948073565E0
3.66867232999999970E9	-7.16961434478684634E0
3.67367733999999979E9	-7.16788825314479983E0
3.67868235000000032E9	-7.16618655887341127E0
3.68368736000000041E9	-7.16450787671369493E0
3.68869236999999961E9	-7.16285083195545447E0
3.69369737999999970E9	-7.16121406056254717E0
3.69870238999999978E9	-7.15959620929598906E0
3.70370740000000032E9	-7.15799593583795080E0
3.70871240999999952E9	-7.15641190891082690E0
3.71371741999999960E9	-7.15484280839770559E0
3.71872242999999880E9	-7.15328732545905055E0
3.72372744000000022E9	-7.15174416264850255E0
3.72873245000000031E9	-7.15021203402786121E0
3.73373745999999906E9	-7.14868966527813843E0
3.73874247000000048E9	-7.14717579381226908E0
3.74374747999999968E9	-7.14566916888162229E0
3.74875248999999977E9	-7.14416855168547382E0
3.75375749999999986E9	-7.14267271547451621E0
3.75876251000000039E9	-7.14118044565644094E0
3.76376752000000048E9	-7.13969053989611435E0
3.76877252999999968E9	-7.13820180821751027E0
3.77377753999999976E9	-7.13671307310072311E0
3.77878254999999985E9	-7.13522316957971547E0
3.78378755999999949E9	-7.13373094533691621E0
3.78879257000000047E9	-7.13223526079686465E0
3.79379757999999967E9	-7.13073498921805360E0
3.79880258999999887E9	-7.12922901678217169E0
3.80380760000000029E9	-7.12771624268388582E0
3.80881261000000126E9	-7.12619557921644553E0
3.81381762000000046E9	-7.12466595185824936E0
3.81882262999999966E9	-7.12312629935533348E0
3.82382763999999975E9	-7.12157557380519712E0
3.82883265000000028E9	-7.12001274073613022E0
3.83383766000000037E9	-7.11843677918787332E0
3.83884267000000046E9	-7.11684668178867241E0
3.84384768000000054E9	-7.11524145483351322E0
3.84885268999999974E9	-7.11362011835735419E0
3.85385770000000027E9	-7.11198170621187487E0
3.85886270999999947E9	-7.11032526613667493E0
3.86386771999999956E9	-7.10864985983169007E0
3.86887272999999965E9	-7.10695456302833684E0
3.87387773999999974E9	-7.10523846555858096E0
3.87888274999999982E9	-7.10350067142412911E0
3.88388776000000036E9	-7.10174029886372971E0
3.88889277000000089E9	-7.09995648042080685E0
3.89389778000000053E9	-7.09814836300851226E0
3.89890279000000017E9	-7.09631510797600029E0
3.90390779999999982E9	-7.09445589117160935E0
3.90891281000000035E9	-7.09256990300760304E0
3.91391782000000044E9	-7.09065634852342619E0
3.91892282999999964E9	-7.08871444744766155E0
3.92392783999999972E9	-7.08674343426020403E0
3.92893284999999981E9	-7.08474255825434085E0
3.93393786000000034E9	-7.08271108359777823E0
3.93894287000000043E9	-7.08064828939255353E0
3.94394787999999963E9	-7.07855346973741106E0
3.94895288999999972E9	-7.07642593378609241E0
3.95395789999999980E9	-7.07426500580939699E0
3.95896291000000122E9	-7.07207002525327955E0
3.96396792000000042E9	-7.06984034680009454E0
3.96897292999999873E9	-7.06757534042822400E0
3.97397793999999971E9	-7.06527439147170355E0
3.97898295000000113E9	-7.06293690068034330E0
3.98398796000000033E9	-7.06056228428008126E0
3.98899297000000042E9	-7.05814997403314059E0
3.99399797999999873E9	-7.05569941729919137E0
3.99900299000000015E9	-7.05321007709533632E0
4.00400800000000068E9	-7.05068143215844767E0
4.00901300999999943E9	-7.04811297700574269E0
4.01401801999999996E9	-7.04550422199815252E0
4.01902302999999961E9	-7.04285469340213499E0
4.02402804000000014E9	-7.04016393345372116E0
4.02903304999999978E9	-7.03743150042070109E0
4.03403805999999943E9	-7.03465696866935986E0
4.03904307000000085E9	-7.03183992872805064E0
4.04404807999999960E9	-7.02897998735405238E0
4.04905308999999924E9	-7.02607676759888555E0
4.05405809999999978E9	-7.02312990887822597E0
4.05906311000000120E9	-7.02013906703811053E0
4.06406811999999995E9	-7.01710391442548165E0
4.06907312999999959E9	-7.01402413995822460E0
4.07407813999999924E9	-7.01089944919640295E0
4.07908315000000066E9	-7.00772956441438577E0
4.08408816000000030E9	-7.00451422467525475E0
4.08909316999999994E9	-7.00125318590362689E0
4.09409817999999959E9	-6.99794622096252539E0
4.09910318999999923E9	-6.99459311972988829E0
4.10410820000000065E9	-6.99119368917668460E0
4.10911321000000029E9	-6.98774775344526144E0
4.11411821999999994E9	-6.98425515393083263E0
4.11912322999999869E9	-6.98071574936281003E0
4.12412824000000011E9	-6.97712941588745927E0
4.12913325000000064E9	-6.97349604715252802E0
4.13413825999999940E9	-6.96981555439274914E0
4.13914327000000082E9	-6.96608786651685463E0
4.14414827999999957E9	-6.96231293019578068E0
4.14915329000000010E9	-6.95849070995287722E0
4.15415830000000064E9	-6.95462118825348785E0
4.15916331000000028E9	-6.95070436559951688E0
4.16416831999999992E9	-6.94674026062124561E0
4.16917332999999957E9	-6.94272891017373084E0
4.17417834000000010E9	-6.93867036943348658E0
4.17918335000000063E9	-6.93456471199580271E0
4.18418836000000027E9	-6.93041202997408412E0
4.18919336999999992E9	-6.92621243410143705E0
4.19419837999999956E9	-6.92196605383181929E0
4.19920338999999920E9	-6.91767303744425721E0
4.20420840000000062E9	-6.91333355214717837E0
4.20921341000000027E9	-6.90894778418490674E0
4.21421841999999991E9	-6.90451593894452920E0
4.21922343000000044E9	-6.90003824106489105E0
4.22422843999999920E9	-6.89551493454647790E0
4.22923345000000062E9	-6.89094628286285626E0
4.23423846000000026E9	-6.88633256907197033E0
4.23924346999999990E9	-6.88167409593078627E0
4.24424847999999955E9	-6.87697118600910429E0
4.24925349000000097E9	-6.87222418180505112E0
4.25425849999999972E9	-6.86743344586181514E0
4.25926350999999936E9	-6.86259936088514522E0
4.26426851999999990E9	-6.85772232986184882E0
4.26927352999999954E9	-6.85280277617866229E0
4.27427854000000007E9	-6.84784114374257680E0
4.27928355000000060E9	-6.84283789710111279E0
4.28428856000000025E9	-6.83779352156396847E0
4.28929356999999989E9	-6.83270852332486456E0
4.29429858000000131E9	-6.82758342958294584E0
4.29930359000000095E9	-6.82241878866684104E0
4.30430859999999971E9	-6.81721517015675182E0
4.30931361000000024E9	-6.81197316500752681E0
4.31431861999999988E9	-6.80669338567245852E0
4.31932363000000130E9	-6.80137646622611225E0
4.32432864000000006E9	-6.79602306248779442E0
4.32933365000000059E9	-6.79063385214360604E0
4.33433866000000023E9	-6.78520953487036493E0
4.33934366999999988E9	-6.77975083245685717E0
4.34434868000000041E9	-6.77425848892540472E0
4.34935368999999916E9	-6.76873327065254049E0
4.35435869999999969E9	-6.76317596648994801E0
4.35936370999999934E9	-6.75758738788219659E0
4.36436871999999987E9	-6.75196836898552455E0
4.36937372999999951E9	-6.74631976678394896E0
4.37437874000000004E9	-6.74064246120444821E0
4.37938375000000057E9	-6.73493735523055648E0
4.38438876000000022E9	-6.72920537501464366E0
4.38939376999999986E9	-6.72344746998718712E0
4.39439877999999862E9	-6.71766461296475192E0
4.39940379000000004E9	-6.71185780025569834E0
4.40440880000000057E9	-6.70602805176352135E0
4.40941380999999932E9	-6.70017641108664996E0
4.41441882000000074E9	-6.69430394561707498E0
4.41942383000000127E9	-6.68841174663412552E0
4.42442883999999914E9	-6.68250092939696572E0
4.42943384999999967E9	-6.67657263323190175E0
4.43443886000000020E9	-6.67062802161767010E0
4.43944386999999985E9	-6.66466828226535846E0
4.44444888000000038E9	-6.65869462719611693E0
4.44945388999999913E9	-6.65270829281338472E0
4.45445889999999967E9	-6.64671053997103733E0
4.45946391000000109E9	-6.64070265403680526E0
4.46446891999999984E9	-6.63468594495202879E0
4.46947393000000037E9	-6.62866174728406055E0
4.47447893999999913E9	-6.62263142027581164E0
4.47948395000000055E9	-6.61659634788860629E0
4.48448896000000019E9	-6.61055793883943643E0
4.48949396999999983E9	-6.60451762663309694E0
4.49449897999999948E9	-6.59847686958686985E0
4.49950399000000001E9	-6.59243715085096493E0
4.50450900000000054E9	-6.58639997842031999E0
4.50951400999999930E9	-6.58036688514140700E0
4.51451902000000072E9	-6.57433942871178445E0
4.51952402999999858E9	-6.56831919167205314E0
4.52452903999999911E9	-6.56230778139202187E0
4.52953405000000053E9	-6.55630683004736259E0
4.53453906000000107E9	-6.55031799459155462E0
4.53954406999999982E9	-6.54434295671817523E0
4.54454908000000035E9	-6.53838342281584062E0
4.54955408999999911E9	-6.53244112391642506E0
4.55455910000000053E9	-6.52651781563473854E0
4.55956411000000017E9	-6.52061527809913422E0
4.56456911999999981E9	-6.51473531587622023E0
4.56957412999999946E9	-6.50887975788653428E0
4.57457913999999910E9	-6.50305045731124221E0
4.57958415000000052E9	-6.49724929149295427E0
4.58458916000000016E9	-6.49147816182746062E0
4.58959416999999981E9	-6.48573899364699891E0
4.59459917999999856E9	-6.48003373609762967E0
4.59960418999999998E9	-6.47436436200767318E0
4.60460920000000051E9	-6.46873286774920597E0
4.60961420999999927E9	-6.46314127309406938E0
4.61461922000000069E9	-6.45759162106038698E0
4.61962422999999944E9	-6.45208597775557635E0
4.62462923999999997E9	-6.44662643221212495E0
4.62963425000000051E9	-6.44121509621851107E0
4.63463926000000015E9	-6.43585410414483050E0
4.63964426999999979E9	-6.43054561276600545E0
4.64464928000000032E9	-6.42529180107962183E0
4.64965428999999997E9	-6.42009487012291480E0
4.65465930000000050E9	-6.41495704278780998E0
4.65966431000000014E9	-6.40988056363471426E0
4.66466931999999979E9	-6.40486769870960782E0
4.66967432999999943E9	-6.39992073535995409E0
4.67467934000000085E9	-6.39504198205640417E0
4.67968434999999960E9	-6.39023376821926270E0
4.68468936000000014E9	-6.38549844405160361E0
4.68969436999999978E9	-6.38083838038129070E0
4.69469938000000031E9	-6.37625596851450727E0
4.69970438999999995E9	-6.37175362010203106E0
4.70470940000000049E9	-6.36733376702225584E0
4.70971440999999924E9	-6.36299886128365078E0
4.71471941999999977E9	-6.35875137494670373E0
4.71972443000000030E9	-6.35459380007567276E0
4.72472943999999995E9	-6.35052864871437972E0
4.72973444999999959E9	-6.34655845290133236E0
4.73473945999999923E9	-6.34268576471727563E0
4.73974447000000065E9	-6.33891315637931285E0
4.74474948000000030E9	-6.33524322038217047E0
4.74975448999999994E9	-6.33167856969377318E0
4.75475950000000047E9	-6.32822183801212912E0
4.75976451000000012E9	-6.32487568009011092E0
4.76476951999999976E9	-6.32164277213535719E0
4.76977452999999940E9	-6.31852581229678201E0
4.77477954000000082E9	-6.31552752124226657E0
4.77978454999999958E9	-6.31265064284384891E0
4.78478956000000011E9	-6.30989794497609413E0
4.78979456999999975E9	-6.30727222044423996E0
4.79479958000000028E9	-6.30477628805438606E0
4.79980458999999993E9	-6.30241299384023890E0
4.80480960000000046E9	-6.30018521246559082E0
4.80981460999999921E9	-6.29809584881651396E0
4.81481961999999974E9	-6.29614783980982295E0
4.81982463000000028E9	-6.29434415643521650E0
4.82482963999999992E9	-6.29268780605635936E0
4.82983464999999956E9	-6.29118183500259942E0
4.83483965999999921E9	-6.28982933147648726E0
4.83984467000000063E9	-6.28863342881435905E0
4.84484968000000027E9	-6.28759730913775439E0
4.84985468999999902E9	-6.28672420743276472E0
4.85485970000000044E9	-6.28601741611048315E0
4.85986471000000009E9	-6.28548029009567166E0
4.86486971999999973E9	-6.28511625250170525E0
4.86987472999999937E9	-6.28492880095839279E0
4.87487973999999991E9	-6.28492151466409865E0
4.87988474999999955E9	-6.28509806223970635E0
4.88488976000000008E9	-6.28546221048067721E0
4.88989477000000061E9	-6.28601783410382886E0
4.89489977999999937E9	-6.28676892660754572E0
4.89990478999999901E9	-6.28771961236983934E0
4.90490979999999954E9	-6.28887416013201506E0
4.90991481000000007E9	-6.29023699803561342E0
4.91491981999999972E9	-6.29181273039035904E0
4.91992483000000025E9	-6.29360615639213172E0
4.92492983999999989E9	-6.29562229102330750E0
4.92993484999999954E9	-6.29786638841467550E0
4.93493986000000096E9	-6.30034396797079133E0
4.93994487000000060E9	-6.30306084361899188E0
4.94494988000000024E9	-6.30602315658087242E0
4.94995488999999900E9	-6.30923741213166345E0
4.95495990000000042E9	-6.31271052087909013E0
4.95996491000000095E9	-6.31644984516630092E0
4.96496991999999970E9	-6.32046325130726760E0
4.96997492999999935E9	-6.32475916845890573E0
4.97497993999999899E9	-6.32934665506808525E0
4.97998495000000041E9	-6.33423547397794717E0
4.98498996000000005E9	-6.33943617744953869E0
4.98999497000000147E9	-6.34496020355767243E0
4.99499997999999934E9	-6.35081998567144534E0
5.00000000000000000E9	-6.35702270776969591E0
