Frequency(GHz) phase_difference
1.20000000 49.19986907
1.20050000 49.09742408
1.20100000 49.26019781
1.20150000 49.28786775
1.20200000 49.33890388
1.20250000 49.37033653
1.20300000 49.55714572
1.20350000 49.56523786
1.20400000 49.57250202
1.20450000 49.63809947
1.20500000 49.65270078
1.20550000 49.79175670
1.20600000 49.89732025
1.20650000 49.79791565
1.20700000 49.85690527
1.20750000 49.88171930
1.20800000 50.03710510
1.20850000 50.04379563
1.20900000 50.08271536
1.20950000 50.18489873
1.21000000 50.26107812
1.21050000 50.27199102
1.21100000 50.29601967
1.21150000 50.31858973
1.21200000 50.45991365
1.21250000 50.42995642
1.21300000 50.35877130
1.21350000 50.62001943
1.21400000 50.62104802
1.21450000 50.75235402
1.21500000 50.69819297
1.21550000 50.74482102
1.21600000 50.78303863
1.21650000 50.75916421
1.21700000 50.91243256
1.21750000 50.93354575
1.21800000 51.00747176
1.21850000 51.12131024
1.21900000 51.03921542
1.21950000 51.18004420
1.22000000 51.15094694
1.22050000 51.18007533
1.22100000 51.33417139
1.22150000 51.40528199
1.22200000 51.33439604
1.22250000 51.46088689
1.22300000 51.42658247
1.22350000 51.43905142
1.22400000 51.78499388
1.22450000 51.64553934
1.22500000 51.75180122
1.22550000 51.74134272
1.22600000 51.84912360
1.22650000 51.77304788
1.22700000 51.94064467
1.22750000 51.97086852
1.22800000 51.99562876
1.22850000 52.16815580
1.22900000 52.17819585
1.22950000 52.19555479
1.23000000 52.35051737
1.23050000 52.30666670
1.23100000 52.41871119
1.23150000 52.49518840
1.23200000 52.38033941
1.23250000 52.46320995
1.23300000 52.52741689
1.23350000 52.81692106
1.23400000 52.68889920
1.23450000 52.64198344
1.23500000 52.68759315
1.23550000 52.80162990
1.23600000 52.79364772
1.23650000 52.92022923
1.23700000 52.93014668
1.23750000 52.98801680
1.23800000 53.03340317
1.23850000 53.10789944
1.23900000 53.29942982
1.23950000 53.31776844
1.24000000 53.44847796
1.24050000 53.38064950
1.24100000 53.48214568
1.24150000 53.38342519
1.24200000 53.50896389
1.24250000 53.62361185
1.24300000 53.71416466
1.24350000 53.79099712
1.24400000 53.80513702
1.24450000 53.79204519
1.24500000 53.92502055
1.24550000 54.04629001
1.24600000 53.98909229
1.24650000 54.07249123
1.24700000 54.14589999
1.24750000 54.05832537
1.24800000 54.08950306
1.24850000 54.06822589
1.24900000 54.20320233
1.24950000 54.38172081
1.25000000 54.39683774
1.25050000 54.50401674
1.25100000 54.57402249
1.25150000 54.61184070
1.25200000 54.59298633
1.25250000 54.58692092
1.25300000 54.84362035
1.25350000 54.84766363
1.25400000 54.86571324
1.25450000 54.86887042
1.25500000 54.91106266
1.25550000 55.08657012
1.25600000 55.09629547
1.25650000 55.08764984
1.25700000 55.15515271
1.25750000 55.18627437
1.25800000 55.34001190
1.25850000 55.31476084
1.25900000 55.43710915
1.25950000 55.54122734
1.26000000 55.48440796
1.26050000 55.49969210
1.26100000 55.53548182
1.26150000 55.73890694
1.26200000 55.75294590
1.26250000 55.78271064
1.26300000 55.77967833
1.26350000 55.93824787
1.26400000 55.90614881
1.26450000 55.98838908
1.26500000 55.97646230
1.26550000 56.09414538
1.26600000 56.20036032
1.26650000 56.25200414
1.26700000 56.15748947
1.26750000 56.24056265
1.26800000 56.34634593
1.26850000 56.50184332
1.26900000 56.47911381
1.26950000 56.54479375
1.27000000 56.54785960
1.27050000 56.63407262
1.27100000 56.68903748
1.27150000 56.70643044
1.27200000 56.79348221
1.27250000 56.81134723
1.27300000 56.84539478
1.27350000 56.90512187
1.27400000 56.98435517
1.27450000 57.02162358
1.27500000 57.03528019
1.27550000 57.16349052
1.27600000 57.21646677
1.27650000 57.26394547
1.27700000 57.20925409
1.27750000 57.36091003
1.27800000 57.42655331
1.27850000 57.44321203
1.27900000 57.58314024
1.27950000 57.50972120
1.28000000 57.62980415
1.28050000 57.66851835
1.28100000 57.69170947
1.28150000 57.78520793
1.28200000 57.79004320
1.28250000 57.86860620
1.28300000 57.94547962
1.28350000 58.00673956
1.28400000 57.98672145
1.28450000 58.15853953
1.28500000 58.12527908
1.28550000 58.21488204
1.28600000 58.23490195
1.28650000 58.28474802
1.28700000 58.40937915
1.28750000 58.46033954
1.28800000 58.46614480
1.28850000 58.50354374
1.28900000 58.55089531
1.28950000 58.60985296
1.29000000 58.61621651
1.29050000 58.71991121
1.29100000 58.73088659
1.29150000 58.81341948
1.29200000 58.95505615
1.29250000 58.89273803
1.29300000 58.99915739
1.29350000 59.05874135
1.29400000 59.05658629
1.29450000 59.10962075
1.29500000 59.13006490
1.29550000 59.24240468
1.29600000 59.28880915
1.29650000 59.38306903
1.29700000 59.41750549
1.29750000 59.41354107
1.29800000 59.54048839
1.29850000 59.52387092
1.29900000 59.57478510
1.29950000 59.64776241
1.30000000 59.67194639
1.30050000 59.75213079
1.30100000 59.74363983
1.30150000 59.76301243
1.30200000 59.86322032
1.30250000 59.94373640
1.30300000 59.96490030
1.30350000 60.05003933
1.30400000 60.07516091
1.30450000 60.15859416
1.30500000 60.15464823
1.30550000 60.18056224
1.30600000 60.30863281
1.30650000 60.43694721
1.30700000 60.44725125
1.30750000 60.43725927
1.30800000 60.52086733
1.30850000 60.60742347
1.30900000 60.66818259
1.30950000 60.65718955
1.31000000 60.68836115
1.31050000 60.69101775
1.31100000 60.78154886
1.31150000 60.95543030
1.31200000 60.94879040
1.31250000 61.01969190
1.31300000 61.04463900
1.31350000 61.11177773
1.31400000 61.09132566
1.31450000 61.18083332
1.31500000 61.20140846
1.31550000 61.25700585
1.31600000 61.29134368
1.31650000 61.38625460
1.31700000 61.41671269
1.31750000 61.43383421
1.31800000 61.54953585
1.31850000 61.66971570
1.31900000 61.52729232
1.31950000 61.82996048
1.32000000 61.84917347
1.32050000 61.70409146
1.32100000 61.64973943
1.32150000 61.76187760
1.32200000 62.00632586
1.32250000 62.15643113
1.32300000 62.08426411
1.32350000 62.19540801
1.32400000 62.22610245
1.32450000 62.22176520
1.32500000 62.38481466
1.32550000 62.33558547
1.32600000 62.42543830
1.32650000 62.43996486
1.32700000 62.43960214
1.32750000 62.63602104
1.32800000 62.68742281
1.32850000 62.82071887
1.32900000 62.70232955
1.32950000 62.79663508
1.33000000 62.80334956
1.33050000 62.98994853
1.33100000 62.99703955
1.33150000 63.02340239
1.33200000 63.12398948
1.33250000 63.18328582
1.33300000 63.19085746
1.33350000 63.21099318
1.33400000 63.26120481
1.33450000 63.29448254
1.33500000 63.26039833
1.33550000 63.36459159
1.33600000 63.35573269
1.33650000 63.56693843
1.33700000 63.61040898
1.33750000 63.68191229
1.33800000 63.73383906
1.33850000 63.72152826
1.33900000 63.76161860
1.33950000 63.87734553
1.34000000 64.01660090
1.34050000 64.08572053
1.34100000 63.99022119
1.34150000 64.01198495
1.34200000 64.14664199
1.34250000 64.18441411
1.34300000 64.19852753
1.34350000 64.38518485
1.34400000 64.25866128
1.34450000 64.33762101
1.34500000 64.46105494
1.34550000 64.56881634
1.34600000 64.60826150
1.34650000 64.71204462
1.34700000 64.73133822
1.34750000 64.94917908
1.34800000 64.75469636
1.34850000 64.94352800
1.34900000 64.81021666
1.34950000 64.92777874
1.35000000 65.06674180
1.35050000 65.11815870
1.35100000 65.15296696
1.35150000 65.20855199
1.35200000 65.20180389
1.35250000 65.28002580
1.35300000 65.40660041
1.35350000 65.32243476
1.35400000 65.48617646
1.35450000 65.60752341
1.35500000 65.59487947
1.35550000 65.62830413
1.35600000 65.65984202
1.35650000 65.69758330
1.35700000 65.77385639
1.35750000 65.75241750
1.35800000 65.87829484
1.35850000 65.97414453
1.35900000 66.00340968
1.35950000 66.00622558
1.36000000 66.09005354
1.36050000 66.20319498
1.36100000 66.22149590
1.36150000 66.26143025
1.36200000 66.30757119
1.36250000 66.34807390
1.36300000 66.46977432
1.36350000 66.52276615
1.36400000 66.50222032
1.36450000 66.59457281
1.36500000 66.63427126
1.36550000 66.64110005
1.36600000 66.79782503
1.36650000 66.82090378
1.36700000 66.85123586
1.36750000 66.91690712
1.36800000 66.97736555
1.36850000 66.99304869
1.36900000 66.98687459
1.36950000 67.12271629
1.37000000 67.14638563
1.37050000 67.23416891
1.37100000 67.27768617
1.37150000 67.36705598
1.37200000 67.28773955
1.37250000 67.46066819
1.37300000 67.41014653
1.37350000 67.50416781
1.37400000 67.55628554
1.37450000 67.61386867
1.37500000 67.61066871
1.37550000 67.71205143
1.37600000 67.79725266
1.37650000 67.79790330
1.37700000 67.77527574
1.37750000 67.95320421
1.37800000 67.95658513
1.37850000 68.05179193
1.37900000 68.20267596
1.37950000 68.14845502
1.38000000 68.17797971
1.38050000 68.24328602
1.38100000 68.32290462
1.38150000 68.35653587
1.38200000 68.37258890
1.38250000 68.40045822
1.38300000 68.52608808
1.38350000 68.46438783
1.38400000 68.57333635
1.38450000 68.65275502
1.38500000 68.68081822
1.38550000 68.69526883
1.38600000 68.80368548
1.38650000 68.84348260
1.38700000 68.93689564
1.38750000 68.98195616
1.38800000 69.06218068
1.38850000 69.01966735
1.38900000 69.07973464
1.38950000 69.13251555
1.39000000 69.18358619
1.39050000 69.17928025
1.39100000 69.26822641
1.39150000 69.24460681
1.39200000 69.37244735
1.39250000 69.45549438
1.39300000 69.46337578
1.39350000 69.56455905
1.39400000 69.58196713
1.39450000 69.64216687
1.39500000 69.63128589
1.39550000 69.71607756
1.39600000 69.68174387
1.39650000 69.73151597
1.39700000 69.79171279
1.39750000 69.88481112
1.39800000 69.86686391
1.39850000 69.93829662
1.39900000 70.06363232
1.39950000 70.03252684
1.40000000 70.19666185
1.40050000 70.23494512
1.40100000 70.33741462
1.40150000 70.26769068
1.40200000 70.25684651
1.40250000 70.44279177
1.40300000 70.40576540
1.40350000 70.44431978
1.40400000 70.45976974
1.40450000 70.52447305
1.40500000 70.57123623
1.40550000 70.69816237
1.40600000 70.71813629
1.40650000 70.65758856
1.40700000 70.83610081
1.40750000 70.78338897
1.40800000 70.82669870
1.40850000 70.79886400
1.40900000 71.01859162
1.40950000 71.06486898
1.41000000 71.07104327
1.41050000 71.01557727
1.41100000 71.24576633
1.41150000 71.27513873
1.41200000 71.23329686
1.41250000 71.30156049
1.41300000 71.43636575
1.41350000 71.44077649
1.41400000 71.43218547
1.41450000 71.62642621
1.41500000 71.52000164
1.41550000 71.68059680
1.41600000 71.54492236
1.41650000 71.70051624
1.41700000 71.77756833
1.41750000 71.75263387
1.41800000 71.75839857
1.41850000 71.90403996
1.41900000 71.92267420
1.41950000 72.01654091
1.42000000 71.94645352
1.42050000 72.02655473
1.42100000 72.10776090
1.42150000 72.22544632
1.42200000 72.23485030
1.42250000 72.24844313
1.42300000 72.33231491
1.42350000 72.40002774
1.42400000 72.37442519
1.42450000 72.45412503
1.42500000 72.53562498
1.42550000 72.53613243
1.42600000 72.57134351
1.42650000 72.70889944
1.42700000 72.70164427
1.42750000 72.68390945
1.42800000 72.88785888
1.42850000 72.80895555
1.42900000 72.84290670
1.42950000 73.08686407
1.43000000 72.91338251
1.43050000 73.01420326
1.43100000 73.11357203
1.43150000 73.06772264
1.43200000 73.18065959
1.43250000 73.30605931
1.43300000 73.28893739
1.43350000 73.29867956
1.43400000 73.30024202
1.43450000 73.38679966
1.43500000 73.51195284
1.43550000 73.48648097
1.43600000 73.44087661
1.43650000 73.67294708
1.43700000 73.67658315
1.43750000 73.69616561
1.43800000 73.66447687
1.43850000 73.83632435
1.43900000 73.80949002
1.43950000 73.91757383
1.44000000 73.86221099
1.44050000 73.94208524
1.44100000 73.96403784
1.44150000 74.16001529
1.44200000 74.05657884
1.44250000 74.12939717
1.44300000 74.21429260
1.44350000 74.37942380
1.44400000 74.36714639
1.44450000 74.36073832
1.44500000 74.39803860
1.44550000 74.43585144
1.44600000 74.49982797
1.44650000 74.62285903
1.44700000 74.50821856
1.44750000 74.60624046
1.44800000 74.62303328
1.44850000 74.73437494
1.44900000 74.84372294
1.44950000 74.88156126
1.45000000 74.99429911
1.45050000 74.90650847
1.45100000 75.04900744
1.45150000 74.95948272
1.45200000 75.05649309
1.45250000 75.14101521
1.45300000 75.14023639
1.45350000 75.24542557
1.45400000 75.22216730
1.45450000 75.27707422
1.45500000 75.37708762
1.45550000 75.42224909
1.45600000 75.41152915
1.45650000 75.52267763
1.45700000 75.59145813
1.45750000 75.60755651
1.45800000 75.64203128
1.45850000 75.67770215
1.45900000 75.71834119
1.45950000 75.83914909
1.46000000 75.77452090
1.46050000 75.90907729
1.46100000 75.87635197
1.46150000 76.00292724
1.46200000 76.05185365
1.46250000 76.07718584
1.46300000 76.06914351
1.46350000 76.16462732
1.46400000 76.20913044
1.46450000 76.16556600
1.46500000 76.26826267
1.46550000 76.31266417
1.46600000 76.38028767
1.46650000 76.37746066
1.46700000 76.34945487
1.46750000 76.47941140
1.46800000 76.56566953
1.46850000 76.51023724
1.46900000 76.57389502
1.46950000 76.69198069
1.47000000 76.75347837
1.47050000 76.85800289
1.47100000 76.84272937
1.47150000 76.83174268
1.47200000 76.96328121
1.47250000 76.91894675
1.47300000 76.96511679
1.47350000 77.05854272
1.47400000 77.10443887
1.47450000 77.11306037
1.47500000 77.14508084
1.47550000 77.14664947
1.47600000 77.31225357
1.47650000 77.33930033
1.47700000 77.34038814
1.47750000 77.39342427
1.47800000 77.41207740
1.47850000 77.50210037
1.47900000 77.53203884
1.47950000 77.60796941
1.48000000 77.59574905
1.48050000 77.66239902
1.48100000 77.69031194
1.48150000 77.76276366
1.48200000 77.74945188
1.48250000 77.80094292
1.48300000 77.84763210
1.48350000 77.88482761
1.48400000 77.95014660
1.48450000 77.90796596
1.48500000 77.95893525
1.48550000 78.07687618
1.48600000 78.08551216
1.48650000 78.18760424
1.48700000 78.18161225
1.48750000 78.15975720
1.48800000 78.19467739
1.48850000 78.29004371
1.48900000 78.34645979
1.48950000 78.35869510
1.49000000 78.41231041
1.49050000 78.40206841
1.49100000 78.49333183
1.49150000 78.48054945
1.49200000 78.52043485
1.49250000 78.63174662
1.49300000 78.64669480
1.49350000 78.70447354
1.49400000 78.73179460
1.49450000 78.65576820
1.49500000 78.77127646
1.49550000 78.80522853
1.49600000 78.80732703
1.49650000 78.95096083
1.49700000 78.82943818
1.49750000 78.89420479
1.49800000 78.92073093
1.49850000 78.98842564
1.49900000 79.07683487
1.49950000 79.05928828
1.50000000 79.14555147
1.50050000 79.10368795
1.50100000 79.10198748
1.50150000 79.24277913
1.50200000 79.28632993
1.50250000 79.32821043
1.50300000 79.30113810
1.50350000 79.42276372
1.50400000 79.41825836
1.50450000 79.46147006
1.50500000 79.36309260
1.50550000 79.53513392
1.50600000 79.55016279
1.50650000 79.54734100
1.50700000 79.58697034
1.50750000 79.67753135
1.50800000 79.74438699
1.50850000 79.65160320
1.50900000 79.79282596
1.50950000 79.86826341
1.51000000 79.86379517
1.51050000 79.83729444
1.51100000 79.85483533
1.51150000 79.88257480
1.51200000 79.91572652
1.51250000 80.08193363
1.51300000 80.06420619
1.51350000 79.99275532
1.51400000 80.07992312
1.51450000 80.12123821
1.51500000 80.17582371
1.51550000 80.21455923
1.51600000 80.13746388
1.51650000 80.33497106
1.51700000 80.42772053
1.51750000 80.32366999
1.51800000 80.45669409
1.51850000 80.37865379
1.51900000 80.37497764
1.51950000 80.47409777
1.52000000 80.48436313
1.52050000 80.58722480
1.52100000 80.57776101
1.52150000 80.70828046
1.52200000 80.70599606
1.52250000 80.67979838
1.52300000 80.68169816
1.52350000 80.81853800
1.52400000 80.72499073
1.52450000 80.99251411
1.52500000 80.90797833
1.52550000 81.00629090
1.52600000 81.08164415
1.52650000 80.96298992
1.52700000 81.01194364
1.52750000 81.09737654
1.52800000 81.08664578
1.52850000 81.07677983
1.52900000 81.28734712
1.52950000 81.21204717
1.53000000 81.26138210
1.53050000 81.26544445
1.53100000 81.38140724
1.53150000 81.36274082
1.53200000 81.39902259
1.53250000 81.47213884
1.53300000 81.39195847
1.53350000 81.47741043
1.53400000 81.59716524
1.53450000 81.57922378
1.53500000 81.67688403
1.53550000 81.61925140
1.53600000 81.71069873
1.53650000 81.66824436
1.53700000 81.78528246
1.53750000 81.83834487
1.53800000 81.83893173
1.53850000 81.81836354
1.53900000 81.89787543
1.53950000 81.91028021
1.54000000 81.96401353
1.54050000 82.01134422
1.54100000 82.04424839
1.54150000 82.02053022
1.54200000 82.14173410
1.54250000 82.22660801
1.54300000 82.13101763
1.54350000 82.22305183
1.54400000 82.26941425
1.54450000 82.32321296
1.54500000 82.32414790
1.54550000 82.32525228
1.54600000 82.37232413
1.54650000 82.49961252
1.54700000 82.40680684
1.54750000 82.50836647
1.54800000 82.51945457
1.54850000 82.44417085
1.54900000 82.66230573
1.54950000 82.57011305
1.55000000 82.67273734
1.55050000 82.70328995
1.55100000 82.74821243
1.55150000 82.73524961
1.55200000 82.75646995
1.55250000 82.84046988
1.55300000 82.82809724
1.55350000 82.85784259
1.55400000 82.90592556
1.55450000 82.95185187
1.55500000 83.06195147
1.55550000 82.99160862
1.55600000 83.07315820
1.55650000 83.10198910
1.55700000 83.14912670
1.55750000 83.16552045
1.55800000 83.13993350
1.55850000 83.24365278
1.55900000 83.21792302
1.55950000 83.28776586
1.56000000 83.41416401
1.56050000 83.38719163
1.56100000 83.45882873
1.56150000 83.45135661
1.56200000 83.52673577
1.56250000 83.46411664
1.56300000 83.48353327
1.56350000 83.51357870
1.56400000 83.62484746
1.56450000 83.60369933
1.56500000 83.67172032
1.56550000 83.67994819
1.56600000 83.71771132
1.56650000 83.78751237
1.56700000 83.73354584
1.56750000 83.79472246
1.56800000 83.87452455
1.56850000 83.87561937
1.56900000 83.95440757
1.56950000 83.90763806
1.57000000 83.99322027
1.57050000 84.00591221
1.57100000 84.04057831
1.57150000 84.05538220
1.57200000 84.13749009
1.57250000 84.21197654
1.57300000 84.20740326
1.57350000 84.20227848
1.57400000 84.23747674
1.57450000 84.28719778
1.57500000 84.25318126
1.57550000 84.36531668
1.57600000 84.32044931
1.57650000 84.33928046
1.57700000 84.39904772
1.57750000 84.45116381
1.57800000 84.47625480
1.57850000 84.59670024
1.57900000 84.57943206
1.57950000 84.54517050
1.58000000 84.56018793
1.58050000 84.59495960
1.58100000 84.64804683
1.58150000 84.67678246
1.58200000 84.71677320
1.58250000 84.73532787
1.58300000 84.70058318
1.58350000 84.83413387
1.58400000 84.82703628
1.58450000 84.79185523
1.58500000 84.85498642
1.58550000 84.89184709
1.58600000 84.91969927
1.58650000 84.95930755
1.58700000 84.98929044
1.58750000 85.08691547
1.58800000 85.03642020
1.58850000 85.09752769
1.58900000 85.10720469
1.58950000 85.11524938
1.59000000 85.06162864
1.59050000 85.22375107
1.59100000 85.07716664
1.59150000 85.27631636
1.59200000 85.23217105
1.59250000 85.24497043
1.59300000 85.27830312
1.59350000 85.30602572
1.59400000 85.27783409
1.59450000 85.36339300
1.59500000 85.38944621
1.59550000 85.45656430
1.59600000 85.43247713
1.59650000 85.41315153
1.59700000 85.52430917
1.59750000 85.44721776
1.59800000 85.45727764
1.59850000 85.46182414
1.59900000 85.60476804
1.59950000 85.62279906
1.60000000 85.66113240
1.60050000 85.57673551
1.60100000 85.62071018
1.60150000 85.58219375
1.60200000 85.72504257
1.60250000 85.68880508
1.60300000 85.69002357
1.60350000 85.75722159
1.60400000 85.73122373
1.60450000 85.70533380
1.60500000 85.80870241
1.60550000 85.81266254
1.60600000 85.79158691
1.60650000 85.76555752
1.60700000 85.83506776
1.60750000 85.89002555
1.60800000 85.91407029
1.60850000 85.88720575
1.60900000 86.06124945
1.60950000 85.95888671
1.61000000 85.94236882
1.61050000 86.07726685
1.61100000 86.01389847
1.61150000 86.02951314
1.61200000 86.12750728
1.61250000 86.10093289
1.61300000 86.03611132
1.61350000 86.10867964
1.61400000 86.18067373
1.61450000 86.20643413
1.61500000 86.16429593
1.61550000 86.27962506
1.61600000 86.28844001
1.61650000 86.15068469
1.61700000 86.26106977
1.61750000 86.27299601
1.61800000 86.30200580
1.61850000 86.32173814
1.61900000 86.29739360
1.61950000 86.33460296
1.62000000 86.43995234
1.62050000 86.47468778
1.62100000 86.49146312
1.62150000 86.56569451
1.62200000 86.45553196
1.62250000 86.52833807
1.62300000 86.55989021
1.62350000 86.53192788
1.62400000 86.62921433
1.62450000 86.55379248
1.62500000 86.53043595
1.62550000 86.63618137
1.62600000 86.64866553
1.62650000 86.75134357
1.62700000 86.72268565
1.62750000 86.85268065
1.62800000 86.76014428
1.62850000 86.90313254
1.62900000 86.84476143
1.62950000 86.90427516
1.63000000 86.95262176
1.63050000 86.95601756
1.63100000 86.96875007
1.63150000 86.93774051
1.63200000 87.03952058
1.63250000 87.01161169
1.63300000 86.99066840
1.63350000 87.08143980
1.63400000 87.08305858
1.63450000 87.07970088
1.63500000 87.18020107
1.63550000 87.13442939
1.63600000 87.17257838
1.63650000 87.20029843
1.63700000 87.24012946
1.63750000 87.20261014
1.63800000 87.22856636
1.63850000 87.30078240
1.63900000 87.32911831
1.63950000 87.39955357
1.64000000 87.37701364
1.64050000 87.37775915
1.64100000 87.32425366
1.64150000 87.44628895
1.64200000 87.48637005
1.64250000 87.43087526
1.64300000 87.52700292
1.64350000 87.47414353
1.64400000 87.46327756
1.64450000 87.55619873
1.64500000 87.58348761
1.64550000 87.55501471
1.64600000 87.64281415
1.64650000 87.64418863
1.64700000 87.70387285
1.64750000 87.70001025
1.64800000 87.65252200
1.64850000 87.65462348
1.64900000 87.72091184
1.64950000 87.69963683
1.65000000 87.70799753
1.65050000 87.79097453
1.65100000 87.76773959
1.65150000 87.75564817
1.65200000 87.82960283
1.65250000 87.80816396
1.65300000 87.87970336
1.65350000 87.91890809
1.65400000 87.87721860
1.65450000 87.89787511
1.65500000 87.91273644
1.65550000 87.89914074
1.65600000 87.97523742
1.65650000 87.99769725
1.65700000 88.02458574
1.65750000 88.06941873
1.65800000 88.03538187
1.65850000 88.05807689
1.65900000 88.05886222
1.65950000 88.15079291
1.66000000 88.12015126
1.66050000 88.07533478
1.66100000 88.19902497
1.66150000 88.13030350
1.66200000 88.22178056
1.66250000 88.27902916
1.66300000 88.21655459
1.66350000 88.28743348
1.66400000 88.28845103
1.66450000 88.33079163
1.66500000 88.35234094
1.66550000 88.30046860
1.66600000 88.35980252
1.66650000 88.39024416
1.66700000 88.36616988
1.66750000 88.38228185
1.66800000 88.43853999
1.66850000 88.42417824
1.66900000 88.44151858
1.66950000 88.53122636
1.67000000 88.50032775
1.67050000 88.56176542
1.67100000 88.54803223
1.67150000 88.63950287
1.67200000 88.59228697
1.67250000 88.65137563
1.67300000 88.64932777
1.67350000 88.63904743
1.67400000 88.61756990
1.67450000 88.66463963
1.67500000 88.74068843
1.67550000 88.71552903
1.67600000 88.70284510
1.67650000 88.70951280
1.67700000 88.75781248
1.67750000 88.78174945
1.67800000 88.81610206
1.67850000 88.83939802
1.67900000 88.84607974
1.67950000 88.81225248
1.68000000 88.91547679
1.68050000 88.90044034
1.68100000 88.92117056
1.68150000 88.92534301
1.68200000 88.88712703
1.68250000 88.85706240
1.68300000 88.97433975
1.68350000 88.90980404
1.68400000 89.00093230
1.68450000 89.02500908
1.68500000 88.95438278
1.68550000 89.04104784
1.68600000 89.06146733
1.68650000 89.05498263
1.68700000 89.14797751
1.68750000 89.04975992
1.68800000 89.09243856
1.68850000 89.20391688
1.68900000 89.15855723
1.68950000 89.03196653
1.69000000 89.16363937
1.69050000 89.17276380
1.69100000 89.19654845
1.69150000 89.15313563
1.69200000 89.15916425
1.69250000 89.16622260
1.69300000 89.22953888
1.69350000 89.11275275
1.69400000 89.16376730
1.69450000 89.10535474
1.69500000 89.21446170
1.69550000 89.21002216
1.69600000 89.27349433
1.69650000 89.28304001
1.69700000 89.21435658
1.69750000 89.27907171
1.69800000 89.27139796
1.69850000 89.30351535
1.69900000 89.27926000
1.69950000 89.23707854
1.70000000 89.29448194
1.70050000 89.30494909
1.70100000 89.30898988
1.70150000 89.28595143
1.70200000 89.30913959
1.70250000 89.25278113
1.70300000 89.31813700
1.70350000 89.32687020
1.70400000 89.32253502
1.70450000 89.35140293
1.70500000 89.31371003
1.70550000 89.44508786
1.70600000 89.32920303
1.70650000 89.26849635
1.70700000 89.33154436
1.70750000 89.38861867
1.70800000 89.48713666
1.70850000 89.40055473
1.70900000 89.40350723
1.70950000 89.39344138
1.71000000 89.41185577
1.71050000 89.49846308
1.71100000 89.40442155
1.71150000 89.40323523
1.71200000 89.52173974
1.71250000 89.41447474
1.71300000 89.53249816
1.71350000 89.43988671
1.71400000 89.60856046
1.71450000 89.50625346
1.71500000 89.44720900
1.71550000 89.48191445
1.71600000 89.60490931
1.71650000 89.55257759
1.71700000 89.58797405
1.71750000 89.58004759
1.71800000 89.58906500
1.71850000 89.60290116
1.71900000 89.69055675
1.71950000 89.63787560
1.72000000 89.63627857
1.72050000 89.67150807
1.72100000 89.67572938
1.72150000 89.66174537
1.72200000 89.70947771
1.72250000 89.68295858
1.72300000 89.72579587
1.72350000 89.80392488
1.72400000 89.67528385
1.72450000 89.74473121
1.72500000 89.73004059
1.72550000 89.81432581
1.72600000 89.77534172
1.72650000 89.82194546
1.72700000 89.81889845
1.72750000 89.76862255
1.72800000 89.85437777
1.72850000 89.92180072
1.72900000 89.89943671
1.72950000 90.03436860
1.73000000 89.82405721
1.73050000 89.93538460
1.73100000 89.89236845
1.73150000 90.01651385
1.73200000 89.92162240
1.73250000 90.01036744
1.73300000 90.00054628
1.73350000 90.00844244
1.73400000 90.04655814
1.73450000 89.95840092
1.73500000 90.03286528
1.73550000 90.08510921
1.73600000 90.07304740
1.73650000 90.06409990
1.73700000 90.12121743
1.73750000 90.07846468
1.73800000 90.11261710
1.73850000 90.10181057
1.73900000 90.12265008
1.73950000 90.16345381
1.74000000 90.12236975
1.74050000 90.12170702
1.74100000 90.19957037
1.74150000 90.12112600
1.74200000 90.05732201
1.74250000 90.17075326
1.74300000 90.06740232
1.74350000 90.14474065
1.74400000 90.12965990
1.74450000 90.08818203
1.74500000 90.19447101
1.74550000 90.10317491
1.74600000 90.17848856
1.74650000 90.12517977
1.74700000 90.22054933
1.74750000 90.24659682
1.74800000 90.22550646
1.74850000 90.17291838
1.74900000 90.21406945
1.74950000 90.18654089
1.75000000 90.18301272
1.75050000 90.20584906
1.75100000 90.20248080
1.75150000 90.25300762
1.75200000 90.21055174
1.75250000 90.17920130
1.75300000 90.14780317
1.75350000 90.23130817
1.75400000 90.29509583
1.75450000 90.21376736
1.75500000 90.25567830
1.75550000 90.27593085
1.75600000 90.24423379
1.75650000 90.27895568
1.75700000 90.30041938
1.75750000 90.33032714
1.75800000 90.24192648
1.75850000 90.34901983
1.75900000 90.34948395
1.75950000 90.29647343
1.76000000 90.31105226
1.76050000 90.33462080
1.76100000 90.30400268
1.76150000 90.33820659
1.76200000 90.31854088
1.76250000 90.33396956
1.76300000 90.35001156
1.76350000 90.44564605
1.76400000 90.40925164
1.76450000 90.33718084
1.76500000 90.42829063
1.76550000 90.41116703
1.76600000 90.40852743
1.76650000 90.39137512
1.76700000 90.43008347
1.76750000 90.40400653
1.76800000 90.42036311
1.76850000 90.46523177
1.76900000 90.40395482
1.76950000 90.46740114
1.77000000 90.44845333
1.77050000 90.50419150
1.77100000 90.48653655
1.77150000 90.40461814
1.77200000 90.52200726
1.77250000 90.58356590
1.77300000 90.47211207
1.77350000 90.49523890
1.77400000 90.49760154
1.77450000 90.51781548
1.77500000 90.54345505
1.77550000 90.54510672
1.77600000 90.48019222
1.77650000 90.61049730
1.77700000 90.55457636
1.77750000 90.53940731
1.77800000 90.51008234
1.77850000 90.57609735
1.77900000 90.57428417
1.77950000 90.51356731
1.78000000 90.52872613
1.78050000 90.57550448
1.78100000 90.56044367
1.78150000 90.59292116
1.78200000 90.53274755
1.78250000 90.50649647
1.78300000 90.57763497
1.78350000 90.58173797
1.78400000 90.51375005
1.78450000 90.60561918
1.78500000 90.56090989
1.78550000 90.60165164
1.78600000 90.55855994
1.78650000 90.43438299
1.78700000 90.60239214
1.78750000 90.56459067
1.78800000 90.59856494
1.78850000 90.56760733
1.78900000 90.64616194
1.78950000 90.56200161
1.79000000 90.58693723
1.79050000 90.60698032
1.79100000 90.51090743
1.79150000 90.54706064
1.79200000 90.47702014
1.79250000 90.62849657
1.79300000 90.60625355
1.79350000 90.59944395
1.79400000 90.57544588
1.79450000 90.61835782
1.79500000 90.59607193
1.79550000 90.62645807
1.79600000 90.59349019
1.79650000 90.61252521
1.79700000 90.56326740
1.79750000 90.57585160
1.79800000 90.61758918
1.79850000 90.56283374
1.79900000 90.58071564
1.79950000 90.52166316
1.80000000 90.53367923
1.80050000 90.55871327
1.80100000 90.58991185
1.80150000 90.61978347
1.80200000 90.51451099
1.80250000 90.54098243
1.80300000 90.55098748
1.80350000 90.45675853
1.80400000 90.53433118
1.80450000 90.61603872
1.80500000 90.56101213
1.80550000 90.58504911
1.80600000 90.59914244
1.80650000 90.54327939
1.80700000 90.61397863
1.80750000 90.59681608
1.80800000 90.60390645
1.80850000 90.60996859
1.80900000 90.65805566
1.80950000 90.66927312
1.81000000 90.62356062
1.81050000 90.61266051
1.81100000 90.61999333
1.81150000 90.68057580
1.81200000 90.61930047
1.81250000 90.71489765
1.81300000 90.64191291
1.81350000 90.69192117
1.81400000 90.66934493
1.81450000 90.67825650
1.81500000 90.66314139
1.81550000 90.60311977
1.81600000 90.69322883
1.81650000 90.68488085
1.81700000 90.63020138
1.81750000 90.72420838
1.81800000 90.70677190
1.81850000 90.69686813
1.81900000 90.68969171
1.81950000 90.73024212
1.82000000 90.68529835
1.82050000 90.68833376
1.82100000 90.73235880
1.82150000 90.77482915
1.82200000 90.69467824
1.82250000 90.71110202
1.82300000 90.66460469
1.82350000 90.75807988
1.82400000 90.72130137
1.82450000 90.75767017
1.82500000 90.70568160
1.82550000 90.80901916
1.82600000 90.79910600
1.82650000 90.76805351
1.82700000 90.71825901
1.82750000 90.80689422
1.82800000 90.77548459
1.82850000 90.72871565
1.82900000 90.76669921
1.82950000 90.76264343
1.83000000 90.72958215
1.83050000 90.79406212
1.83100000 90.76610308
1.83150000 90.78279396
1.83200000 90.71355321
1.83250000 90.75708078
1.83300000 90.77458283
1.83350000 90.77090942
1.83400000 90.68650535
1.83450000 90.73742261
1.83500000 90.70720365
1.83550000 90.80596820
1.83600000 90.67741181
1.83650000 90.73922757
1.83700000 90.74508828
1.83750000 90.63237882
1.83800000 90.77786586
1.83850000 90.70072134
1.83900000 90.68376470
1.83950000 90.69368478
1.84000000 90.69330720
1.84050000 90.58193962
1.84100000 90.74116948
1.84150000 90.71053837
1.84200000 90.68774156
1.84250000 90.60012994
1.84300000 90.66695710
1.84350000 90.67309383
1.84400000 90.61310567
1.84450000 90.66017993
1.84500000 90.63015717
1.84550000 90.66357115
1.84600000 90.59687626
1.84650000 90.58222603
1.84700000 90.64270178
1.84750000 90.58549578
1.84800000 90.54495146
1.84850000 90.58022423
1.84900000 90.59422875
1.84950000 90.51214146
1.85000000 90.53287616
1.85050000 90.54722399
1.85100000 90.54132458
1.85150000 90.58624274
1.85200000 90.57256629
1.85250000 90.55081346
1.85300000 90.58261699
1.85350000 90.52763425
1.85400000 90.62194071
1.85450000 90.56546039
1.85500000 90.57739743
1.85550000 90.53813197
1.85600000 90.52654165
1.85650000 90.46540004
1.85700000 90.43457897
1.85750000 90.48742301
1.85800000 90.51734451
1.85850000 90.49142989
1.85900000 90.55157198
1.85950000 90.53821512
1.86000000 90.54498474
1.86050000 90.44830973
1.86100000 90.57072933
1.86150000 90.55116836
1.86200000 90.47207536
1.86250000 90.58791062
1.86300000 90.54872278
1.86350000 90.60246524
1.86400000 90.55467886
1.86450000 90.46548283
1.86500000 90.47876655
1.86550000 90.45022840
1.86600000 90.52239110
1.86650000 90.49087814
1.86700000 90.52698494
1.86750000 90.46347043
1.86800000 90.51290243
1.86850000 90.44039449
1.86900000 90.58759521
1.86950000 90.50558589
1.87000000 90.47148786
1.87050000 90.53117284
1.87100000 90.58337729
1.87150000 90.46249309
1.87200000 90.51846206
1.87250000 90.46696396
1.87300000 90.50061605
1.87350000 90.47248275
1.87400000 90.47395631
1.87450000 90.48191702
1.87500000 90.51294028
1.87550000 90.53322549
1.87600000 90.51218050
1.87650000 90.47738726
1.87700000 90.49057023
1.87750000 90.50179838
1.87800000 90.52545357
1.87850000 90.51272154
1.87900000 90.55849135
1.87950000 90.53187406
1.88000000 90.44204888
1.88050000 90.49556257
1.88100000 90.47832166
1.88150000 90.44857637
1.88200000 90.42994121
1.88250000 90.53958690
1.88300000 90.49823321
1.88350000 90.49462560
1.88400000 90.49934299
1.88450000 90.42667621
1.88500000 90.47047563
1.88550000 90.45983771
1.88600000 90.40724914
1.88650000 90.41871818
1.88700000 90.47617696
1.88750000 90.43851273
1.88800000 90.49898510
1.88850000 90.54289230
1.88900000 90.42131239
1.88950000 90.42111193
1.89000000 90.45932798
1.89050000 90.42885224
1.89100000 90.45674919
1.89150000 90.41438820
1.89200000 90.50045173
1.89250000 90.44612966
1.89300000 90.46461511
1.89350000 90.41476246
1.89400000 90.44528301
1.89450000 90.44029756
1.89500000 90.43025691
1.89550000 90.39016485
1.89600000 90.40135102
1.89650000 90.47622271
1.89700000 90.42140501
1.89750000 90.44343801
1.89800000 90.39342109
1.89850000 90.39778586
1.89900000 90.52176391
1.89950000 90.45423081
1.90000000 90.42226812
1.90050000 90.39882029
1.90100000 90.42158209
1.90150000 90.39908653
1.90200000 90.39325368
1.90250000 90.48762009
1.90300000 90.36182509
1.90350000 90.48602235
1.90400000 90.46747267
1.90450000 90.46019110
1.90500000 90.47940155
1.90550000 90.49633689
1.90600000 90.38816141
1.90650000 90.36899188
1.90700000 90.44690311
1.90750000 90.43513649
1.90800000 90.51527725
1.90850000 90.43073022
1.90900000 90.40733042
1.90950000 90.44109101
1.91000000 90.46769225
1.91050000 90.43561908
1.91100000 90.45680698
1.91150000 90.43727369
1.91200000 90.47287982
1.91250000 90.44990991
1.91300000 90.37929889
1.91350000 90.51343892
1.91400000 90.42070280
1.91450000 90.47300155
1.91500000 90.48066537
1.91550000 90.51966717
1.91600000 90.48243374
1.91650000 90.44631240
1.91700000 90.41731829
1.91750000 90.50207613
1.91800000 90.49096575
1.91850000 90.47058876
1.91900000 90.46891186
1.91950000 90.41730824
1.92000000 90.49827617
1.92050000 90.47119150
1.92100000 90.48907237
1.92150000 90.44310784
1.92200000 90.43319798
1.92250000 90.52975343
1.92300000 90.45364274
1.92350000 90.44478145
1.92400000 90.43589411
1.92450000 90.44976762
1.92500000 90.48907637
1.92550000 90.45691333
1.92600000 90.44817932
1.92650000 90.45127982
1.92700000 90.43835148
1.92750000 90.40533185
1.92800000 90.48539054
1.92850000 90.45641169
1.92900000 90.36756149
1.92950000 90.41098595
1.93000000 90.38229084
1.93050000 90.45243032
1.93100000 90.45384843
1.93150000 90.41176830
1.93200000 90.36939853
1.93250000 90.37136751
1.93300000 90.37282572
1.93350000 90.37833569
1.93400000 90.42673555
1.93450000 90.32699207
1.93500000 90.41478889
1.93550000 90.39412738
1.93600000 90.35503535
1.93650000 90.38747844
1.93700000 90.33697946
1.93750000 90.35152989
1.93800000 90.35874100
1.93850000 90.34540882
1.93900000 90.29226942
1.93950000 90.36447575
1.94000000 90.29177659
1.94050000 90.30428762
1.94100000 90.29755414
1.94150000 90.25145176
1.94200000 90.27898471
1.94250000 90.29232235
1.94300000 90.24272032
1.94350000 90.18558143
1.94400000 90.25273664
1.94450000 90.27217172
1.94500000 90.27528374
1.94550000 90.24374308
1.94600000 90.25259782
1.94650000 90.24883183
1.94700000 90.21507042
1.94750000 90.20482719
1.94800000 90.21605418
1.94850000 90.15328523
1.94900000 90.19413965
1.94950000 90.12166345
1.95000000 90.13149455
1.95050000 90.15974258
1.95100000 90.16431797
1.95150000 90.10869737
1.95200000 90.16946202
1.95250000 90.16860505
1.95300000 90.15704361
1.95350000 90.16912513
1.95400000 90.15671581
1.95450000 90.11691062
1.95500000 90.12957793
1.95550000 90.08411469
1.95600000 90.14389832
1.95650000 90.10426303
1.95700000 90.09364082
1.95750000 90.08318768
1.95800000 90.12507486
1.95850000 90.08287203
1.95900000 90.09463714
1.95950000 90.06951791
1.96000000 90.11920355
1.96050000 90.05963572
1.96100000 90.09121364
1.96150000 90.08227080
1.96200000 90.06138992
1.96250000 90.09897653
1.96300000 90.04552237
1.96350000 90.05038865
1.96400000 90.04412718
1.96450000 90.00602318
1.96500000 90.06466872
1.96550000 90.03822719
1.96600000 90.12724738
1.96650000 90.01381424
1.96700000 90.05983145
1.96750000 90.01436605
1.96800000 90.06882794
1.96850000 89.99373076
1.96900000 90.09229428
1.96950000 90.05436266
1.97000000 90.06877892
1.97050000 89.99270302
1.97100000 90.03073241
1.97150000 90.06280316
1.97200000 90.06711918
1.97250000 90.00463054
1.97300000 90.02861592
1.97350000 90.03120127
1.97400000 90.04905257
1.97450000 90.03270569
1.97500000 90.04437518
1.97550000 90.07747996
1.97600000 89.96720445
1.97650000 90.01299766
1.97700000 89.96725301
1.97750000 89.87909793
1.97800000 90.07811359
1.97850000 89.94965800
1.97900000 89.97923091
1.97950000 89.94041126
1.98000000 90.03475996
1.98050000 89.98511399
1.98100000 89.98667348
1.98150000 90.01822367
1.98200000 89.97784960
1.98250000 89.95085375
1.98300000 90.02961357
1.98350000 90.03043794
1.98400000 90.04787496
1.98450000 89.97689758
1.98500000 89.99582199
1.98550000 90.01667350
1.98600000 90.03734276
1.98650000 89.99880268
1.98700000 90.01739653
1.98750000 89.99251896
1.98800000 89.98644336
1.98850000 89.95283692
1.98900000 89.97617441
1.98950000 90.01483241
1.99000000 90.03688605
1.99050000 89.96589879
1.99100000 89.97619484
1.99150000 89.97468305
1.99200000 90.02313572
1.99250000 89.92971738
1.99300000 90.04371661
1.99350000 89.98383837
1.99400000 89.94861305
1.99450000 89.94981159
1.99500000 89.97983404
1.99550000 89.99049129
1.99600000 89.99177623
1.99650000 90.04876578
1.99700000 89.95410680
1.99750000 89.96967217
1.99800000 89.97966226
1.99850000 89.98900165
1.99900000 90.08170260
1.99950000 90.10759841
2.00000000 89.98224510
2.00050000 90.00092386
2.00100000 90.05587889
2.00150000 89.99974866
2.00200000 90.02573978
2.00250000 90.04150353
2.00300000 90.01884634
2.00350000 89.99915082
2.00400000 90.03155661
2.00450000 90.02186996
2.00500000 90.03180856
2.00550000 90.07469286
2.00600000 90.05992409
2.00650000 90.01118287
2.00700000 90.09838825
2.00750000 90.07799799
2.00800000 90.05840094
2.00850000 90.04328215
2.00900000 90.01497512
2.00950000 90.07904350
2.01000000 90.09910664
2.01050000 90.07633090
2.01100000 90.04076238
2.01150000 90.12131156
2.01200000 90.05791437
2.01250000 90.05077085
2.01300000 90.02000025
2.01350000 90.03723435
2.01400000 90.09381143
2.01450000 90.08059565
2.01500000 90.11482013
2.01550000 90.13533050
2.01600000 90.07779101
2.01650000 90.13092087
2.01700000 90.15903385
2.01750000 90.15897679
2.01800000 90.13187912
2.01850000 90.10142820
2.01900000 90.09249323
2.01950000 90.11763673
2.02000000 90.16104214
2.02050000 90.14699649
2.02100000 90.11247571
2.02150000 90.11586147
2.02200000 90.13011642
2.02250000 90.05869841
2.02300000 90.14565465
2.02350000 90.16821414
2.02400000 90.07872850
2.02450000 90.10506656
2.02500000 90.18312776
2.02550000 90.12772729
2.02600000 90.13240850
2.02650000 90.12339953
2.02700000 90.15667871
2.02750000 90.10013254
2.02800000 90.13506313
2.02850000 90.15445183
2.02900000 90.17674027
2.02950000 90.08837739
2.03000000 90.15206281
2.03050000 90.13269063
2.03100000 90.13954237
2.03150000 90.08044149
2.03200000 90.13747144
2.03250000 90.16457705
2.03300000 90.22952977
2.03350000 90.13030344
2.03400000 90.12089167
2.03450000 90.15383691
2.03500000 90.14667115
2.03550000 90.15818327
2.03600000 90.18971872
2.03650000 90.10946431
2.03700000 90.12291283
2.03750000 90.11639306
2.03800000 90.10798354
2.03850000 90.15487465
2.03900000 90.10156953
2.03950000 90.17192498
2.04000000 90.12373706
2.04050000 90.03577345
2.04100000 90.22443401
2.04150000 90.08543203
2.04200000 90.07516410
2.04250000 90.16200693
2.04300000 90.12550334
2.04350000 90.07484686
2.04400000 90.01153458
2.04450000 90.06166689
2.04500000 90.05229353
2.04550000 90.15327861
2.04600000 90.10923989
2.04650000 90.16529322
2.04700000 90.11952029
2.04750000 90.03913544
2.04800000 90.07205452
2.04850000 90.11103506
2.04900000 90.08279670
2.04950000 90.06440153
2.05000000 90.11053029
2.05050000 90.05995713
2.05100000 90.06413361
2.05150000 90.03005527
2.05200000 90.10952993
2.05250000 90.10461802
2.05300000 90.06980443
2.05350000 90.06666210
2.05400000 90.05123448
2.05450000 90.06895910
2.05500000 90.07714848
2.05550000 90.05264586
2.05600000 90.02748396
2.05650000 90.02015690
2.05700000 90.00674127
2.05750000 90.12615238
2.05800000 90.09237640
2.05850000 90.01743699
2.05900000 90.03946689
2.05950000 90.06634594
2.06000000 90.09478000
2.06050000 90.07074938
2.06100000 90.11257098
2.06150000 90.00969599
2.06200000 90.04414642
2.06250000 90.08807342
2.06300000 90.02206999
2.06350000 89.96932105
2.06400000 90.03660048
2.06450000 89.99418976
2.06500000 90.10886110
2.06550000 90.08667257
2.06600000 90.09236860
2.06650000 90.07551909
2.06700000 90.06700282
2.06750000 90.08881707
2.06800000 90.00370537
2.06850000 90.07235415
2.06900000 90.07687451
2.06950000 90.06173808
2.07000000 90.02711534
2.07050000 90.00616147
2.07100000 90.05883294
2.07150000 89.98500648
2.07200000 90.06833217
2.07250000 90.03238734
2.07300000 90.11896400
2.07350000 90.08369311
2.07400000 90.08616522
2.07450000 90.05705188
2.07500000 90.01923796
2.07550000 90.05516742
2.07600000 90.02107502
2.07650000 90.03550149
2.07700000 90.11177184
2.07750000 90.06981599
2.07800000 90.05181598
2.07850000 90.11464649
2.07900000 90.10690542
2.07950000 90.08623364
2.08000000 90.08291761
2.08050000 90.09413415
2.08100000 90.08565362
2.08150000 90.12845655
2.08200000 90.13122946
2.08250000 90.13101276
2.08300000 90.05302503
2.08350000 90.10621592
2.08400000 90.08010550
2.08450000 90.07385694
2.08500000 90.05457922
2.08550000 90.08411519
2.08600000 90.16474799
2.08650000 90.10887115
2.08700000 90.14013840
2.08750000 90.16843647
2.08800000 90.11582320
2.08850000 90.16369869
2.08900000 90.19164936
2.08950000 90.16623370
2.09000000 90.23837676
2.09050000 90.14398335
2.09100000 90.18640279
2.09150000 90.15397066
2.09200000 90.15326354
2.09250000 90.15690487
2.09300000 90.15407977
2.09350000 90.19644763
2.09400000 90.23803198
2.09450000 90.15960373
2.09500000 90.23914484
2.09550000 90.15568258
2.09600000 90.26870952
2.09650000 90.22788585
2.09700000 90.28101590
2.09750000 90.28390352
2.09800000 90.29288389
2.09850000 90.27666280
2.09900000 90.33430215
2.09950000 90.31560121
2.10000000 90.29803855
2.10050000 90.31832360
2.10100000 90.27953374
2.10150000 90.25464912
2.10200000 90.28606725
2.10250000 90.31823210
2.10300000 90.36092478
2.10350000 90.31488607
2.10400000 90.38077102
2.10450000 90.38079208
2.10500000 90.37344077
2.10550000 90.40540983
2.10600000 90.35700062
2.10650000 90.36405556
2.10700000 90.36217246
2.10750000 90.38664348
2.10800000 90.36625923
2.10850000 90.41430955
2.10900000 90.42863766
2.10950000 90.49037128
2.11000000 90.44915649
2.11050000 90.48406869
2.11100000 90.51518938
2.11150000 90.44639229
2.11200000 90.48094466
2.11250000 90.46069977
2.11300000 90.52136154
2.11350000 90.51986401
2.11400000 90.59652413
2.11450000 90.52057696
2.11500000 90.49966256
2.11550000 90.49307748
2.11600000 90.52485122
2.11650000 90.49585608
2.11700000 90.55839665
2.11750000 90.57864130
2.11800000 90.60693282
2.11850000 90.57044313
2.11900000 90.61065548
2.11950000 90.62028399
2.12000000 90.58010357
2.12050000 90.65224697
2.12100000 90.58897256
2.12150000 90.60257948
2.12200000 90.67823302
2.12250000 90.63494767
2.12300000 90.67267780
2.12350000 90.68907562
2.12400000 90.68994496
2.12450000 90.64531733
2.12500000 90.71398290
2.12550000 90.71892440
2.12600000 90.73247665
2.12650000 90.72740702
2.12700000 90.71124387
2.12750000 90.74415498
2.12800000 90.75333009
2.12850000 90.67769661
2.12900000 90.78280676
2.12950000 90.77522258
2.13000000 90.77548163
2.13050000 90.73866788
2.13100000 90.80991405
2.13150000 90.74206282
2.13200000 90.82762093
2.13250000 90.77506937
2.13300000 90.90028515
2.13350000 90.79728341
2.13400000 90.81770003
2.13450000 90.76605093
2.13500000 90.83202099
2.13550000 90.85460161
2.13600000 90.85582716
2.13650000 90.86842115
2.13700000 90.91759903
2.13750000 90.87122878
2.13800000 90.84436196
2.13850000 90.87449683
2.13900000 90.89277704
2.13950000 90.91671975
2.14000000 90.88203697
2.14050000 90.89117465
2.14100000 90.93773656
2.14150000 90.88638404
2.14200000 90.92211204
2.14250000 90.92455306
2.14300000 90.98429949
2.14350000 90.95244727
2.14400000 90.94632427
2.14450000 90.96392509
2.14500000 90.90881761
2.14550000 90.95368035
2.14600000 90.94438202
2.14650000 90.98035221
2.14700000 90.98444224
2.14750000 91.00977499
2.14800000 90.95672844
2.14850000 91.03039024
2.14900000 91.03637746
2.14950000 91.01750775
2.15000000 91.03837765
2.15050000 91.02639373
2.15100000 91.03428227
2.15150000 91.05666365
2.15200000 91.00261291
2.15250000 91.11743185
2.15300000 91.06024203
2.15350000 91.03985006
2.15400000 91.07862844
2.15450000 91.11945455
2.15500000 91.09423058
2.15550000 91.10919865
2.15600000 91.07582080
2.15650000 91.12243284
2.15700000 91.17855269
2.15750000 91.06049438
2.15800000 91.09991476
2.15850000 91.13220779
2.15900000 91.12550811
2.15950000 91.11542255
2.16000000 91.10650012
2.16050000 91.18911531
2.16100000 91.18254545
2.16150000 91.15739724
2.16200000 91.19413851
2.16250000 91.09046393
2.16300000 91.18419340
2.16350000 91.19403548
2.16400000 91.23229777
2.16450000 91.17356798
2.16500000 91.24795626
2.16550000 91.20882476
2.16600000 91.20964130
2.16650000 91.26986351
2.16700000 91.15567159
2.16750000 91.19865181
2.16800000 91.27019312
2.16850000 91.22740120
2.16900000 91.23184429
2.16950000 91.30402080
2.17000000 91.27937260
2.17050000 91.20487734
2.17100000 91.28489836
2.17150000 91.28358786
2.17200000 91.34926911
2.17250000 91.28834746
2.17300000 91.27419801
2.17350000 91.37233124
2.17400000 91.40811794
2.17450000 91.33944172
2.17500000 91.35514418
2.17550000 91.35183807
2.17600000 91.37771530
2.17650000 91.44615642
2.17700000 91.45282966
2.17750000 91.38791853
2.17800000 91.41631055
2.17850000 91.45343472
2.17900000 91.38835678
2.17950000 91.43677658
2.18000000 91.44811518
2.18050000 91.43736093
2.18100000 91.46355867
2.18150000 91.45051198
2.18200000 91.46727407
2.18250000 91.46400172
2.18300000 91.52739461
2.18350000 91.53213470
2.18400000 91.53340201
2.18450000 91.53042505
2.18500000 91.52645288
2.18550000 91.55043839
2.18600000 91.62187144
2.18650000 91.56170433
2.18700000 91.64765453
2.18750000 91.56140279
2.18800000 91.65657133
2.18850000 91.60645511
2.18900000 91.63236473
2.18950000 91.69611161
2.19000000 91.66089156
2.19050000 91.56504864
2.19100000 91.66627314
2.19150000 91.64758483
2.19200000 91.69542144
2.19250000 91.70944283
2.19300000 91.72681063
2.19350000 91.78823516
2.19400000 91.77634626
2.19450000 91.76106803
2.19500000 91.74159374
2.19550000 91.76208325
2.19600000 91.83206582
2.19650000 91.79082674
2.19700000 91.82898002
2.19750000 91.80698251
2.19800000 91.83431475
2.19850000 91.87996238
2.19900000 91.87639438
2.19950000 91.78052477
2.20000000 91.93013020
2.20050000 91.81238533
2.20100000 91.96682406
2.20150000 91.95259288
2.20200000 91.97994948
2.20250000 92.01001028
2.20300000 92.04387927
2.20350000 91.95998845
2.20400000 92.04793260
2.20450000 92.01181602
2.20500000 92.00343745
2.20550000 92.05085338
2.20600000 92.05907704
2.20650000 92.13720675
2.20700000 92.09906211
2.20750000 92.14237097
2.20800000 92.09510008
2.20850000 92.08653293
2.20900000 92.19031799
2.20950000 92.19139653
2.21000000 92.14602802
2.21050000 92.17397934
2.21100000 92.20503583
2.21150000 92.22854817
2.21200000 92.25324637
2.21250000 92.22527655
2.21300000 92.27173180
2.21350000 92.27258496
2.21400000 92.39761519
2.21450000 92.27663448
2.21500000 92.34089835
2.21550000 92.30161580
2.21600000 92.39245106
2.21650000 92.41394207
2.21700000 92.28899845
2.21750000 92.48836095
2.21800000 92.45833323
2.21850000 92.43879258
2.21900000 92.40859105
2.21950000 92.37366261
2.22000000 92.49182209
2.22050000 92.46435529
2.22100000 92.48103368
2.22150000 92.48845241
2.22200000 92.55382390
2.22250000 92.52997013
2.22300000 92.58563496
2.22350000 92.60220247
2.22400000 92.53999147
2.22450000 92.59704715
2.22500000 92.61534466
2.22550000 92.65102630
2.22600000 92.66391863
2.22650000 92.64317836
2.22700000 92.76349685
2.22750000 92.72392871
2.22800000 92.79735990
2.22850000 92.70406191
2.22900000 92.82127798
2.22950000 92.81022458
2.23000000 92.71594897
2.23050000 92.82237956
2.23100000 92.80641982
2.23150000 92.80565621
2.23200000 92.76404311
2.23250000 92.84158162
2.23300000 92.90154918
2.23350000 92.89753052
2.23400000 92.89551718
2.23450000 92.87589798
2.23500000 92.96055371
2.23550000 92.92247838
2.23600000 92.95733739
2.23650000 93.00088792
2.23700000 92.99406513
2.23750000 93.00568439
2.23800000 93.02752705
2.23850000 93.00092366
2.23900000 93.07148294
2.23950000 93.04479746
2.24000000 93.10292159
2.24050000 93.03869185
2.24100000 93.11461718
2.24150000 93.17603852
2.24200000 93.19186491
2.24250000 93.11223241
2.24300000 93.27638185
2.24350000 93.22873213
2.24400000 93.20048791
2.24450000 93.25292144
2.24500000 93.30629071
2.24550000 93.25803376
2.24600000 93.34031540
2.24650000 93.27258983
2.24700000 93.37638369
2.24750000 93.34471667
2.24800000 93.40217545
2.24850000 93.37224251
2.24900000 93.38806420
2.24950000 93.34558625
2.25000000 93.39650989
2.25050000 93.45044228
2.25100000 93.39934320
2.25150000 93.49867891
2.25200000 93.48449615
2.25250000 93.53564699
2.25300000 93.49260293
2.25350000 93.56924626
2.25400000 93.51549199
2.25450000 93.58055199
2.25500000 93.54820650
2.25550000 93.60726256
2.25600000 93.57625631
2.25650000 93.66352625
2.25700000 93.57845150
2.25750000 93.67376091
2.25800000 93.64730499
2.25850000 93.66634936
2.25900000 93.68123168
2.25950000 93.75664547
2.26000000 93.73572592
2.26050000 93.71488484
2.26100000 93.78969586
2.26150000 93.78624104
2.26200000 93.81128994
2.26250000 93.83160983
2.26300000 93.73246112
2.26350000 93.80797404
2.26400000 93.83707934
2.26450000 93.85772626
2.26500000 93.92914396
2.26550000 93.85621830
2.26600000 93.94787062
2.26650000 93.89453101
2.26700000 93.90748889
2.26750000 93.97334540
2.26800000 93.94560651
2.26850000 93.96667325
2.26900000 94.02576068
2.26950000 94.00890143
2.27000000 94.00037175
2.27050000 94.05488753
2.27100000 94.02497024
2.27150000 94.01089105
2.27200000 94.02822468
2.27250000 94.08565037
2.27300000 94.11483202
2.27350000 94.14864136
2.27400000 94.16547890
2.27450000 94.15264406
2.27500000 94.15835187
2.27550000 94.19815813
2.27600000 94.21168777
2.27650000 94.18738891
2.27700000 94.21940605
2.27750000 94.19979800
2.27800000 94.35595489
2.27850000 94.30337656
2.27900000 94.32434252
2.27950000 94.35179653
2.28000000 94.30415903
2.28050000 94.36815783
2.28100000 94.30759805
2.28150000 94.40246648
2.28200000 94.46220856
2.28250000 94.41112073
2.28300000 94.39452463
2.28350000 94.42170504
2.28400000 94.50603776
2.28450000 94.45263119
2.28500000 94.48836387
2.28550000 94.50205569
2.28600000 94.59693023
2.28650000 94.57087601
2.28700000 94.56730102
2.28750000 94.52468769
2.28800000 94.61964612
2.28850000 94.60873449
2.28900000 94.61807213
2.28950000 94.63309762
2.29000000 94.73037175
2.29050000 94.72483996
2.29100000 94.77356685
2.29150000 94.65559611
2.29200000 94.81256364
2.29250000 94.82989083
2.29300000 94.78368414
2.29350000 94.82909458
2.29400000 94.85669407
2.29450000 94.87235994
2.29500000 94.88328179
2.29550000 94.95398216
2.29600000 94.93464835
2.29650000 94.93813672
2.29700000 94.92669649
2.29750000 95.09670729
2.29800000 95.01852834
2.29850000 94.95117706
2.29900000 95.02800803
2.29950000 95.01742206
2.30000000 95.06778589
2.30050000 95.08956155
2.30100000 95.06657379
2.30150000 95.15306044
2.30200000 95.18231554
2.30250000 95.17355434
2.30300000 95.23893288
2.30350000 95.19672100
2.30400000 95.26314864
2.30450000 95.20938140
2.30500000 95.22491815
2.30550000 95.27089739
2.30600000 95.28976678
2.30650000 95.38097834
2.30700000 95.28190546
2.30750000 95.34150341
2.30800000 95.43442473
2.30850000 95.36744580
2.30900000 95.36095289
2.30950000 95.42440831
2.31000000 95.46616284
2.31050000 95.46804527
2.31100000 95.52977819
2.31150000 95.48165559
2.31200000 95.59207205
2.31250000 95.47279331
2.31300000 95.57688541
2.31350000 95.64774572
2.31400000 95.49502417
2.31450000 95.63748491
2.31500000 95.62745187
2.31550000 95.63994886
2.31600000 95.76799238
2.31650000 95.78251703
2.31700000 95.79252692
2.31750000 95.77607477
2.31800000 95.67186022
2.31850000 95.76434886
2.31900000 95.83839328
2.31950000 95.82165401
2.32000000 95.88108268
2.32050000 95.89759472
2.32100000 95.93914163
2.32150000 95.86395710
2.32200000 95.98198146
2.32250000 96.04021600
2.32300000 96.03599095
2.32350000 96.04903951
2.32400000 96.05569426
2.32450000 95.99969887
2.32500000 96.08702819
2.32550000 96.17814494
2.32600000 96.11399580
2.32650000 96.15145717
2.32700000 96.19458572
2.32750000 96.18350142
2.32800000 96.23383382
2.32850000 96.24851767
2.32900000 96.22505556
2.32950000 96.30345273
2.33000000 96.30711544
2.33050000 96.30078620
2.33100000 96.31750878
2.33150000 96.36885799
2.33200000 96.37768215
2.33250000 96.37428144
2.33300000 96.47230649
2.33350000 96.46553890
2.33400000 96.47293224
2.33450000 96.54546633
2.33500000 96.47052278
2.33550000 96.50827531
2.33600000 96.51499613
2.33650000 96.63226588
2.33700000 96.63272910
2.33750000 96.64143073
2.33800000 96.62549337
2.33850000 96.68251497
2.33900000 96.81231099
2.33950000 96.77042308
2.34000000 96.80369043
2.34050000 96.74633254
2.34100000 96.88917635
2.34150000 96.87121535
2.34200000 96.86600098
2.34250000 96.83835869
2.34300000 96.90654114
2.34350000 97.00669066
2.34400000 96.98166117
2.34450000 96.95632954
2.34500000 97.00312178
2.34550000 96.96402800
2.34600000 97.11108531
2.34650000 97.06901402
2.34700000 97.13198897
2.34750000 97.11615829
2.34800000 97.23043393
2.34850000 97.17920793
2.34900000 97.23282916
2.34950000 97.25076269
2.35000000 97.28706859
2.35050000 97.31832172
2.35100000 97.28651680
2.35150000 97.34482584
2.35200000 97.39531164
2.35250000 97.39714392
2.35300000 97.38768725
2.35350000 97.33076021
2.35400000 97.45744539
2.35450000 97.42670976
2.35500000 97.49081543
2.35550000 97.48469620
2.35600000 97.54236350
2.35650000 97.56047591
2.35700000 97.59465148
2.35750000 97.58336822
2.35800000 97.59620502
2.35850000 97.60775735
2.35900000 97.74835210
2.35950000 97.68916675
2.36000000 97.79671046
2.36050000 97.70233570
2.36100000 97.80180887
2.36150000 97.78736433
2.36200000 97.81946870
2.36250000 97.83859591
2.36300000 97.86229106
2.36350000 97.81660217
2.36400000 97.87374369
2.36450000 97.94262626
2.36500000 97.93949858
2.36550000 97.96658424
2.36600000 97.97663439
2.36650000 98.04034309
2.36700000 98.06190740
2.36750000 98.04393585
2.36800000 98.15183368
2.36850000 98.11215824
2.36900000 98.17602975
2.36950000 98.17500113
2.37000000 98.08774371
2.37050000 98.21738933
2.37100000 98.22079517
2.37150000 98.17873051
2.37200000 98.35164798
2.37250000 98.31203979
2.37300000 98.25319192
2.37350000 98.27815291
2.37400000 98.33190557
2.37450000 98.36215095
2.37500000 98.43653748
2.37550000 98.44550487
2.37600000 98.48650790
2.37650000 98.40565040
2.37700000 98.49329528
2.37750000 98.51257410
2.37800000 98.46279277
2.37850000 98.57272679
2.37900000 98.54120267
2.37950000 98.61025043
2.38000000 98.62934376
2.38050000 98.63309052
2.38100000 98.74082725
2.38150000 98.69421369
2.38200000 98.75491472
2.38250000 98.74422326
2.38300000 98.78438343
2.38350000 98.87409871
2.38400000 98.83237812
2.38450000 98.83953881
2.38500000 98.89679107
2.38550000 98.88566746
2.38600000 98.90494193
2.38650000 98.96632889
2.38700000 99.01400639
2.38750000 98.94035102
2.38800000 99.00124084
2.38850000 99.02190119
2.38900000 99.19488192
2.38950000 99.11510280
2.39000000 99.10364876
2.39050000 99.04373418
2.39100000 99.19974597
2.39150000 99.09590871
2.39200000 99.22305113
2.39250000 99.19018624
2.39300000 99.21128120
2.39350000 99.30231779
2.39400000 99.30003198
2.39450000 99.32855723
2.39500000 99.38062787
2.39550000 99.39219036
2.39600000 99.37526294
2.39650000 99.42397659
2.39700000 99.40757784
2.39750000 99.53919771
2.39800000 99.53680054
2.39850000 99.52683701
2.39900000 99.57077145
2.39950000 99.57931273
2.40000000 99.52603909
2.40050000 99.57022014
2.40100000 99.61241408
2.40150000 99.63183138
2.40200000 99.79803198
2.40250000 99.71211334
2.40300000 99.79327191
2.40350000 99.82169623
2.40400000 99.81123014
2.40450000 99.86497460
2.40500000 99.78188155
2.40550000 99.89472664
2.40600000 99.89576837
2.40650000 99.86491981
2.40700000 99.90011334
2.40750000 99.92999765
2.40800000 100.08211551
2.40850000 99.97400264
2.40900000 99.94944653
2.40950000 100.09617095
2.41000000 100.07268907
2.41050000 100.15452527
2.41100000 100.14899142
2.41150000 100.17785842
2.41200000 100.18110056
2.41250000 100.23557526
2.41300000 100.26230433
2.41350000 100.23919582
2.41400000 100.24968725
2.41450000 100.30236820
2.41500000 100.32660867
2.41550000 100.32526435
2.41600000 100.41365568
2.41650000 100.40720202
2.41700000 100.44331583
2.41750000 100.45619218
2.41800000 100.41393574
2.41850000 100.51181549
2.41900000 100.54717866
2.41950000 100.53108057
2.42000000 100.60950564
2.42050000 100.59104715
2.42100000 100.66176597
2.42150000 100.58783184
2.42200000 100.64077345
2.42250000 100.66055494
2.42300000 100.68824658
2.42350000 100.72963157
2.42400000 100.72177638
2.42450000 100.73071046
2.42500000 100.80311042
2.42550000 100.85090521
2.42600000 100.82943439
2.42650000 100.84632767
2.42700000 100.88213435
2.42750000 100.93663630
2.42800000 101.00850299
2.42850000 101.01874351
2.42900000 101.06389785
2.42950000 101.08324217
2.43000000 101.18706398
2.43050000 101.03853495
2.43100000 101.17198943
2.43150000 101.14737912
2.43200000 101.15326549
2.43250000 101.27337520
2.43300000 101.21203330
2.43350000 101.28283643
2.43400000 101.26100255
2.43450000 101.27377363
2.43500000 101.41320338
2.43550000 101.40712381
2.43600000 101.31682777
2.43650000 101.45997805
2.43700000 101.51100161
2.43750000 101.50890519
2.43800000 101.51292158
2.43850000 101.57612027
2.43900000 101.54777615
2.43950000 101.63487240
2.44000000 101.68927626
2.44050000 101.64644190
2.44100000 101.69682545
2.44150000 101.75342792
2.44200000 101.74140079
2.44250000 101.75096556
2.44300000 101.83985284
2.44350000 101.82443767
2.44400000 101.87935318
2.44450000 101.99714306
2.44500000 101.90491318
2.44550000 101.89308770
2.44600000 102.07446420
2.44650000 102.00951105
2.44700000 102.03102819
2.44750000 102.09106499
2.44800000 102.10045884
2.44850000 102.11156652
2.44900000 102.18118928
2.44950000 102.20919912
2.45000000 102.19094622
2.45050000 102.26138214
2.45100000 102.33711301
2.45150000 102.28908161
2.45200000 102.36683884
2.45250000 102.33442161
2.45300000 102.37226298
2.45350000 102.39574299
2.45400000 102.48403306
2.45450000 102.45733536
2.45500000 102.53591746
2.45550000 102.57235872
2.45600000 102.62063905
2.45650000 102.60061030
2.45700000 102.70740114
2.45750000 102.66782646
2.45800000 102.67861963
2.45850000 102.74625371
2.45900000 102.79882760
2.45950000 102.68087587
2.46000000 102.83060837
2.46050000 102.95068928
2.46100000 102.91265256
2.46150000 102.92189146
2.46200000 102.96626364
2.46250000 102.88216851
2.46300000 102.93350074
2.46350000 102.96210883
2.46400000 103.01808861
2.46450000 103.03083187
2.46500000 103.08484576
2.46550000 103.07232711
2.46600000 103.16618150
2.46650000 103.17289256
2.46700000 103.24474672
2.46750000 103.24469880
2.46800000 103.26595633
2.46850000 103.26283891
2.46900000 103.32599661
2.46950000 103.31076525
2.47000000 103.37210687
2.47050000 103.40045235
2.47100000 103.37375854
2.47150000 103.45580209
2.47200000 103.39709660
2.47250000 103.53041409
2.47300000 103.57366444
2.47350000 103.62398988
2.47400000 103.61620894
2.47450000 103.62852742
2.47500000 103.59170031
2.47550000 103.67696970
2.47600000 103.66527247
2.47650000 103.77050619
2.47700000 103.78105083
2.47750000 103.81213800
2.47800000 103.75712563
2.47850000 103.84429006
2.47900000 103.94351677
2.47950000 103.85828517
2.48000000 103.90508299
2.48050000 103.92059014
2.48100000 103.98722606
2.48150000 103.94303959
2.48200000 104.08466859
2.48250000 104.01913322
2.48300000 104.13039259
2.48350000 104.08636085
2.48400000 104.15832630
2.48450000 104.23904889
2.48500000 104.12493692
2.48550000 104.22462331
2.48600000 104.26326036
2.48650000 104.33317400
2.48700000 104.35261075
2.48750000 104.36390513
2.48800000 104.39650969
2.48850000 104.39048843
2.48900000 104.35367038
2.48950000 104.53437498
2.49000000 104.42204559
2.49050000 104.49552816
2.49100000 104.63869599
2.49150000 104.58203159
2.49200000 104.64905484
2.49250000 104.69775280
2.49300000 104.65631074
2.49350000 104.69011325
2.49400000 104.68295054
2.49450000 104.75374506
2.49500000 104.73546422
2.49550000 104.81633217
2.49600000 104.76459907
2.49650000 104.85024471
2.49700000 104.90623713
2.49750000 104.90505593
2.49800000 104.91373868
2.49850000 105.00695181
2.49900000 105.02504185
2.49950000 105.05950473
2.50000000 105.03788974
2.50050000 105.15696689
2.50100000 105.05184545
2.50150000 105.08963213
2.50200000 105.10647825
2.50250000 105.10386109
2.50300000 105.25409993
2.50350000 105.18404989
2.50400000 105.23232419
2.50450000 105.28319562
2.50500000 105.29720502
2.50550000 105.25228631
2.50600000 105.31538765
2.50650000 105.42637488
2.50700000 105.47269718
2.50750000 105.41045176
2.50800000 105.51941350
2.50850000 105.52280524
2.50900000 105.48969516
2.50950000 105.58721275
2.51000000 105.57827726
2.51050000 105.67715362
2.51100000 105.56034372
2.51150000 105.63083756
2.51200000 105.74091471
2.51250000 105.83226398
2.51300000 105.78979117
2.51350000 105.81883848
2.51400000 105.73464279
2.51450000 105.86191396
2.51500000 105.80217046
2.51550000 105.79721588
2.51600000 105.96368446
2.51650000 105.98237088
2.51700000 105.89234983
2.51750000 105.99643114
2.51800000 105.99767012
2.51850000 105.99275172
2.51900000 106.08528497
2.51950000 106.14042558
2.52000000 106.21851117
2.52050000 106.16133336
2.52100000 106.20414584
2.52150000 106.19435893
2.52200000 106.19091162
2.52250000 106.24094526
2.52300000 106.32787456
2.52350000 106.32677479
2.52400000 106.33647048
2.52450000 106.37033363
2.52500000 106.38201317
2.52550000 106.41767637
2.52600000 106.45133022
2.52650000 106.35902466
2.52700000 106.52774870
2.52750000 106.53819149
2.52800000 106.58626885
2.52850000 106.56428665
2.52900000 106.60316581
2.52950000 106.59076898
2.53000000 106.69681177
2.53050000 106.62819607
2.53100000 106.63452505
2.53150000 106.74952420
2.53200000 106.78057684
2.53250000 106.76492902
2.53300000 106.85369890
2.53350000 106.78378449
2.53400000 106.87715245
2.53450000 106.91256200
2.53500000 106.91139734
2.53550000 106.99454434
2.53600000 107.08470930
2.53650000 106.99734210
2.53700000 107.05804196
2.53750000 107.12309851
2.53800000 107.09465988
2.53850000 107.14947868
2.53900000 107.12390175
2.53950000 107.16681219
2.54000000 107.25754383
2.54050000 107.28602076
2.54100000 107.27556008
2.54150000 107.23578292
2.54200000 107.33678716
2.54250000 107.37626858
2.54300000 107.47418726
2.54350000 107.41773483
2.54400000 107.50255022
2.54450000 107.43795956
2.54500000 107.47226466
2.54550000 107.44204564
2.54600000 107.63107104
2.54650000 107.59457839
2.54700000 107.60567684
2.54750000 107.63104778
2.54800000 107.72527469
2.54850000 107.80264376
2.54900000 107.66817695
2.54950000 107.74898681
2.55000000 107.79631705
2.55050000 107.92223968
2.55100000 107.91257103
2.55150000 107.89046589
2.55200000 108.02930892
2.55250000 107.94956763
2.55300000 108.09167647
2.55350000 108.04569047
2.55400000 108.06530217
2.55450000 108.06843412
2.55500000 108.11914478
2.55550000 108.09774592
2.55600000 108.25559762
2.55650000 108.18553592
2.55700000 108.21206996
2.55750000 108.47065559
2.55800000 108.33217308
2.55850000 108.41286897
2.55900000 108.38940205
2.55950000 108.45723779
2.56000000 108.44180864
2.56050000 108.53285897
2.56100000 108.50528404
2.56150000 108.55044969
2.56200000 108.58965947
2.56250000 108.64444275
2.56300000 108.63716521
2.56350000 108.68497464
2.56400000 108.66407600
2.56450000 108.70668781
2.56500000 108.82570127
2.56550000 108.83763978
2.56600000 108.81749998
2.56650000 108.84340811
2.56700000 108.86897694
2.56750000 108.97275555
2.56800000 108.99969947
2.56850000 109.05788662
2.56900000 108.98448574
2.56950000 109.14229722
2.57000000 109.04376538
2.57050000 108.99569303
2.57100000 109.14032887
2.57150000 109.20297136
2.57200000 109.16702878
2.57250000 109.24366550
2.57300000 109.24197377
2.57350000 109.27499489
2.57400000 109.31880584
2.57450000 109.40745024
2.57500000 109.35470265
2.57550000 109.38441591
2.57600000 109.41798996
2.57650000 109.47945696
2.57700000 109.46340203
2.57750000 109.45607501
2.57800000 109.59840808
2.57850000 109.61470471
2.57900000 109.58044295
2.57950000 109.70647706
2.58000000 109.67669644
2.58050000 109.67627924
2.58100000 109.71371317
2.58150000 109.79154577
2.58200000 109.72694487
2.58250000 109.86466598
2.58300000 109.78646046
2.58350000 109.85970209
2.58400000 109.88524231
2.58450000 109.97971959
2.58500000 109.90570150
2.58550000 109.90755321
2.58600000 109.92406879
2.58650000 110.02137570
2.58700000 109.98825432
2.58750000 110.14295160
2.58800000 110.09342816
2.58850000 110.18976657
2.58900000 110.16188121
2.58950000 110.22620189
2.59000000 110.23398059
2.59050000 110.29163577
2.59100000 110.25863615
2.59150000 110.34647232
2.59200000 110.28471240
2.59250000 110.46441967
2.59300000 110.38981697
2.59350000 110.47546408
2.59400000 110.56669588
2.59450000 110.59423367
2.59500000 110.56716289
2.59550000 110.59773033
2.59600000 110.64115250
2.59650000 110.70125567
2.59700000 110.75070900
2.59750000 110.75031567
2.59800000 110.74782988
2.59850000 110.76081939
2.59900000 110.77591937
2.59950000 110.81769711
2.60000000 110.92007760
2.60050000 110.89923078
2.60100000 110.79474813
2.60150000 110.84186382
2.60200000 111.04289462
2.60250000 111.03576585
2.60300000 111.06908588
2.60350000 111.09775566
2.60400000 110.95247638
2.60450000 111.09244717
2.60500000 111.23785990
2.60550000 111.08295496
2.60600000 111.19691067
2.60650000 111.21699377
2.60700000 111.34824833
2.60750000 111.28151634
2.60800000 111.23915113
2.60850000 111.33762513
2.60900000 111.35868576
2.60950000 111.40349574
2.61000000 111.35060496
2.61050000 111.48881501
2.61100000 111.52567661
2.61150000 111.51105182
2.61200000 111.53266693
2.61250000 111.53240579
2.61300000 111.53624945
2.61350000 111.56279643
2.61400000 111.65004489
2.61450000 111.67065967
2.61500000 111.66631377
2.61550000 111.65699644
2.61600000 111.70694162
2.61650000 111.70209416
2.61700000 111.80105771
2.61750000 111.81940468
2.61800000 111.81375753
2.61850000 111.84858201
2.61900000 111.92962911
2.61950000 111.92778189
2.62000000 111.91236487
2.62050000 112.06748437
2.62100000 112.08270142
2.62150000 111.95532969
2.62200000 112.06027414
2.62250000 112.08074668
2.62300000 112.14548786
2.62350000 112.15303859
2.62400000 112.19409605
2.62450000 112.15150510
2.62500000 112.25795497
2.62550000 112.20648720
2.62600000 112.26145143
2.62650000 112.25340565
2.62700000 112.34298257
2.62750000 112.32651622
2.62800000 112.29902154
2.62850000 112.34449288
2.62900000 112.50272155
2.62950000 112.43625125
2.63000000 112.41222382
2.63050000 112.46961152
2.63100000 112.61448256
2.63150000 112.54109623
2.63200000 112.65846611
2.63250000 112.56124579
2.63300000 112.58845463
2.63350000 112.69992595
2.63400000 112.71351752
2.63450000 112.74640636
2.63500000 112.76389708
2.63550000 112.76473767
2.63600000 112.71491782
2.63650000 112.74533505
2.63700000 112.83069258
2.63750000 112.87867609
2.63800000 112.88462717
2.63850000 112.90490524
2.63900000 113.00810366
2.63950000 113.01187227
2.64000000 112.96075500
2.64050000 113.02519319
2.64100000 113.06329240
2.64150000 113.05153006
2.64200000 113.19113326
2.64250000 113.12783480
2.64300000 113.20155130
2.64350000 113.16724916
2.64400000 113.30153708
2.64450000 113.28215819
2.64500000 113.24467648
2.64550000 113.47603674
2.64600000 113.50678226
2.64650000 113.35888315
2.64700000 113.33373335
2.64750000 113.51591563
2.64800000 113.54576453
2.64850000 113.49541801
2.64900000 113.54519429
2.64950000 113.57293587
2.65000000 113.58148385
2.65050000 113.72720630
2.65100000 113.55334159
2.65150000 113.60690066
2.65200000 113.76332148
2.65250000 113.74061684
2.65300000 113.73256266
2.65350000 113.74197398
2.65400000 113.83911852
2.65450000 113.89414004
2.65500000 113.91016260
2.65550000 113.95573621
2.65600000 113.93896409
2.65650000 113.89215907
2.65700000 114.03017053
2.65750000 113.97596505
2.65800000 114.05410643
2.65850000 114.12294443
2.65900000 114.09935855
2.65950000 114.17659221
2.66000000 114.18239933
2.66050000 114.21126586
2.66100000 114.19684088
2.66150000 114.29089033
2.66200000 114.29867499
2.66250000 114.36908216
2.66300000 114.33216769
2.66350000 114.43302600
2.66400000 114.39281073
2.66450000 114.44507232
2.66500000 114.52618952
2.66550000 114.52190691
2.66600000 114.50030491
2.66650000 114.60639680
2.66700000 114.61252263
2.66750000 114.67767111
2.66800000 114.71721409
2.66850000 114.67360994
2.66900000 114.80267659
2.66950000 114.73322439
2.67000000 114.70617700
2.67050000 114.88344495
2.67100000 114.94391241
2.67150000 114.96076428
2.67200000 114.94189013
2.67250000 115.01647679
2.67300000 114.98148187
2.67350000 115.11618537
2.67400000 115.06250286
2.67450000 115.04803365
2.67500000 115.15988018
2.67550000 115.11614534
2.67600000 115.20718889
2.67650000 115.23717316
2.67700000 115.24134642
2.67750000 115.31477836
2.67800000 115.24619447
2.67850000 115.34367644
2.67900000 115.36247068
2.67950000 115.36372925
2.68000000 115.46479771
2.68050000 115.34575615
2.68100000 115.49977271
2.68150000 115.46014512
2.68200000 115.53941141
2.68250000 115.54568769
2.68300000 115.69016620
2.68350000 115.66637613
2.68400000 115.66501604
2.68450000 115.69374818
2.68500000 115.68556475
2.68550000 115.74441740
2.68600000 115.72558635
2.68650000 115.83415914
2.68700000 115.90899473
2.68750000 115.74104099
2.68800000 115.95075211
2.68850000 115.81368396
2.68900000 115.97056852
2.68950000 116.03281092
2.69000000 116.00094065
2.69050000 116.10591797
2.69100000 116.11680517
2.69150000 116.10231069
2.69200000 116.09175462
2.69250000 116.14728776
2.69300000 116.16600507
2.69350000 116.23181828
2.69400000 116.20304477
2.69450000 116.21004348
2.69500000 116.31015678
2.69550000 116.35864532
2.69600000 116.33179801
2.69650000 116.44163850
2.69700000 116.40034828
2.69750000 116.39520046
2.69800000 116.38779789
2.69850000 116.48860630
2.69900000 116.55526734
2.69950000 116.55259474
2.70000000 116.67363871
2.70050000 116.65208487
2.70100000 116.58073042
2.70150000 116.78039668
2.70200000 116.62837736
2.70250000 116.79754856
2.70300000 116.70190968
2.70350000 116.78025096
2.70400000 116.84792578
2.70450000 116.88217909
2.70500000 116.80783630
2.70550000 116.89527846
2.70600000 116.97577066
2.70650000 116.96661659
2.70700000 116.93361533
2.70750000 116.97089737
2.70800000 116.96219893
2.70850000 117.12491471
2.70900000 116.99785830
2.70950000 117.07608567
2.71000000 117.06992877
2.71050000 117.15493012
2.71100000 117.13137866
2.71150000 117.19208444
2.71200000 117.21491743
2.71250000 117.25347629
2.71300000 117.19709090
2.71350000 117.36450447
2.71400000 117.24013020
2.71450000 117.36085897
2.71500000 117.36202092
2.71550000 117.43614943
2.71600000 117.41913380
2.71650000 117.42538330
2.71700000 117.52218549
2.71750000 117.53457581
2.71800000 117.64698343
2.71850000 117.58699503
2.71900000 117.64339712
2.71950000 117.62941453
2.72000000 117.57165233
2.72050000 117.70614961
2.72100000 117.63649451
2.72150000 117.60771265
2.72200000 117.66508234
2.72250000 117.77480165
2.72300000 117.76515802
2.72350000 117.78590942
2.72400000 117.85151730
2.72450000 117.71639703
2.72500000 117.89397842
2.72550000 117.95400976
2.72600000 117.90212378
2.72650000 117.87182003
2.72700000 117.98860638
2.72750000 117.94156789
2.72800000 118.07576811
2.72850000 117.94675651
2.72900000 118.10483289
2.72950000 118.01999780
2.73000000 118.08991598
2.73050000 118.19302645
2.73100000 118.16969927
2.73150000 118.13746038
2.73200000 118.22160874
2.73250000 118.23839904
2.73300000 118.24872525
2.73350000 118.26111804
2.73400000 118.29588043
2.73450000 118.30862166
2.73500000 118.39116577
2.73550000 118.38796338
2.73600000 118.37385310
2.73650000 118.47607106
2.73700000 118.49535469
2.73750000 118.46360275
2.73800000 118.50052363
2.73850000 118.58639311
2.73900000 118.65225228
2.73950000 118.52544465
2.74000000 118.49463953
2.74050000 118.56219227
2.74100000 118.67473246
2.74150000 118.69929897
2.74200000 118.69637384
2.74250000 118.64567698
2.74300000 118.77753000
2.74350000 118.80246831
2.74400000 118.76605647
2.74450000 118.88294357
2.74500000 118.89650577
2.74550000 118.88581596
2.74600000 118.86899011
2.74650000 118.99034762
2.74700000 118.93301236
2.74750000 119.00967812
2.74800000 118.99482037
2.74850000 119.14332641
2.74900000 119.11878732
2.74950000 119.07738205
2.75000000 119.12468959
2.75050000 119.13692183
2.75100000 119.16145935
2.75150000 119.17461685
2.75200000 119.26170140
2.75250000 119.35174749
2.75300000 119.29519984
2.75350000 119.35111155
2.75400000 119.36745844
2.75450000 119.36658576
2.75500000 119.39607812
2.75550000 119.44536398
2.75600000 119.43957882
2.75650000 119.48909844
2.75700000 119.50167436
2.75750000 119.53557944
2.75800000 119.58524650
2.75850000 119.63656579
2.75900000 119.78105989
2.75950000 119.72687716
2.76000000 119.65748164
2.76050000 119.71888000
2.76100000 119.67420702
2.76150000 119.71295707
2.76200000 119.89275345
2.76250000 119.74661968
2.76300000 119.83841621
2.76350000 119.91630484
2.76400000 119.84753200
2.76450000 119.93177534
2.76500000 119.91452811
2.76550000 120.03739894
2.76600000 120.07335222
2.76650000 120.05275641
2.76700000 120.09149144
2.76750000 120.08022279
2.76800000 120.13530957
2.76850000 120.12744237
2.76900000 120.22620891
2.76950000 120.12433423
2.77000000 120.21059077
2.77050000 120.27685564
2.77100000 120.33234085
2.77150000 120.34147592
2.77200000 120.32001319
2.77250000 120.21874010
2.77300000 120.40245595
2.77350000 120.48809881
2.77400000 120.49121336
2.77450000 120.48043603
2.77500000 120.50882090
2.77550000 120.49490309
2.77600000 120.63613786
2.77650000 120.64084752
2.77700000 120.58494297
2.77750000 120.66765330
2.77800000 120.68860710
2.77850000 120.78516749
2.77900000 120.64624987
2.77950000 120.74380850
2.78000000 120.82131367
2.78050000 120.81931012
2.78100000 120.88720542
2.78150000 120.93344329
2.78200000 120.90582276
2.78250000 120.97897600
2.78300000 120.97704595
2.78350000 120.97149098
2.78400000 120.99655395
2.78450000 121.04594538
2.78500000 121.09547881
2.78550000 121.15179268
2.78600000 121.12724720
2.78650000 121.10649809
2.78700000 121.06907966
2.78750000 121.13929210
2.78800000 121.32752605
2.78850000 121.33968014
2.78900000 121.32811580
2.78950000 121.25782854
2.79000000 121.35391484
2.79050000 121.33384555
2.79100000 121.38102695
2.79150000 121.38271424
2.79200000 121.52319069
2.79250000 121.43871605
2.79300000 121.54389802
2.79350000 121.51423390
2.79400000 121.48033933
2.79450000 121.63398565
2.79500000 121.61560340
2.79550000 121.72502326
2.79600000 121.61967131
2.79650000 121.76849165
2.79700000 121.75747568
2.79750000 121.71256556
2.79800000 121.84956437
2.79850000 121.81623048
2.79900000 121.92177083
2.79950000 121.77729086
2.80000000 121.99625125
2.80050000 121.93702875
2.80100000 121.96054777
2.80150000 121.93786751
2.80200000 121.91753038
2.80250000 122.05945793
2.80300000 122.07469988
2.80350000 122.05256240
2.80400000 122.11945244
2.80450000 122.07449391
2.80500000 122.18652481
2.80550000 122.11160633
2.80600000 122.27878975
2.80650000 122.22879031
2.80700000 122.31544055
2.80750000 122.24189612
2.80800000 122.33429601
2.80850000 122.40427822
2.80900000 122.31870133
2.80950000 122.31595437
2.81000000 122.41121486
2.81050000 122.32304926
2.81100000 122.34808903
2.81150000 122.39782756
2.81200000 122.42009905
2.81250000 122.54346827
2.81300000 122.51093195
2.81350000 122.64147201
2.81400000 122.64169848
2.81450000 122.60573848
2.81500000 122.62944903
2.81550000 122.64743703
2.81600000 122.57973955
2.81650000 122.58636747
2.81700000 122.78585996
2.81750000 122.77146166
2.81800000 122.76545014
2.81850000 122.78952202
2.81900000 122.90572369
2.81950000 122.77435640
2.82000000 122.86751530
2.82050000 122.89457206
2.82100000 122.91712451
2.82150000 123.04569503
2.82200000 122.98725164
2.82250000 122.97755742
2.82300000 123.03424896
2.82350000 122.96210088
2.82400000 123.12096226
2.82450000 123.04546965
2.82500000 123.18551886
2.82550000 123.19658835
2.82600000 123.13076331
2.82650000 123.13532782
2.82700000 123.15242405
2.82750000 123.23087410
2.82800000 123.29851735
2.82850000 123.34138232
2.82900000 123.33771871
2.82950000 123.28174836
2.83000000 123.36838073
2.83050000 123.31542357
2.83100000 123.36650842
2.83150000 123.49163984
2.83200000 123.39229929
2.83250000 123.53256168
2.83300000 123.48020260
2.83350000 123.52682169
2.83400000 123.52247011
2.83450000 123.53352228
2.83500000 123.45189024
2.83550000 123.54967222
2.83600000 123.62464617
2.83650000 123.53327999
2.83700000 123.65954695
2.83750000 123.67169673
2.83800000 123.64971828
2.83850000 123.68909503
2.83900000 123.70040167
2.83950000 123.81213224
2.84000000 123.84510827
2.84050000 123.82086992
2.84100000 123.77219650
2.84150000 123.72969908
2.84200000 123.77524260
2.84250000 123.87190771
2.84300000 123.80419463
2.84350000 123.89613836
2.84400000 123.87392617
2.84450000 123.92107480
2.84500000 124.03489358
2.84550000 123.96311077
2.84600000 123.97487325
2.84650000 123.93333729
2.84700000 123.98218962
2.84750000 124.00072563
2.84800000 124.09320782
2.84850000 124.04571168
2.84900000 124.14233128
2.84950000 124.12138273
2.85000000 124.22746321
2.85050000 124.21167743
2.85100000 124.22228411
2.85150000 124.28774744
2.85200000 124.30033866
2.85250000 124.28092241
2.85300000 124.25836934
2.85350000 124.39507290
2.85400000 124.32881791
2.85450000 124.41482650
2.85500000 124.43212339
2.85550000 124.40535449
2.85600000 124.51966229
2.85650000 124.40013584
2.85700000 124.61312204
2.85750000 124.55698668
2.85800000 124.54995928
2.85850000 124.49730567
2.85900000 124.56246732
2.85950000 124.69512448
2.86000000 124.62648260
2.86050000 124.63629026
2.86100000 124.69258254
2.86150000 124.70635047
2.86200000 124.78582937
2.86250000 124.84612479
2.86300000 124.75574038
2.86350000 124.78890083
2.86400000 124.74385832
2.86450000 124.78801188
2.86500000 124.87130966
2.86550000 124.95633278
2.86600000 124.94287770
2.86650000 124.91428176
2.86700000 124.93679513
2.86750000 125.00882394
2.86800000 124.98307014
2.86850000 125.07523997
2.86900000 125.09093499
2.86950000 125.13434481
2.87000000 125.14778659
2.87050000 125.01862185
2.87100000 125.16059121
2.87150000 125.34276510
2.87200000 125.14942659
2.87250000 125.22538265
2.87300000 125.31453245
2.87350000 125.26917437
2.87400000 125.26786282
2.87450000 125.41226907
2.87500000 125.35598675
2.87550000 125.37907641
2.87600000 125.39327776
2.87650000 125.46235467
2.87700000 125.51950332
2.87750000 125.47561558
2.87800000 125.54435416
2.87850000 125.58394330
2.87900000 125.60142390
2.87950000 125.61901174
2.88000000 125.59409382
2.88050000 125.64397131
2.88100000 125.77746504
2.88150000 125.64465554
2.88200000 125.80116791
2.88250000 125.84472877
2.88300000 125.82208077
2.88350000 125.99657468
2.88400000 125.75141855
2.88450000 125.94041565
2.88500000 125.91028379
2.88550000 125.94424447
2.88600000 125.89675386
2.88650000 125.90871840
2.88700000 125.97421816
2.88750000 126.04319343
2.88800000 126.05991880
2.88850000 126.06259948
2.88900000 126.06663592
2.88950000 126.05468267
2.89000000 126.14541324
2.89050000 126.27031164
2.89100000 126.14618152
2.89150000 126.13181135
2.89200000 126.14812692
2.89250000 126.30183328
2.89300000 126.29372462
2.89350000 126.32327361
2.89400000 126.32674622
2.89450000 126.37749341
2.89500000 126.37320044
2.89550000 126.49120481
2.89600000 126.40134663
2.89650000 126.46657218
2.89700000 126.60394425
2.89750000 126.49212706
2.89800000 126.45398610
2.89850000 126.57763975
2.89900000 126.58690528
2.89950000 126.61507535
2.90000000 126.72357627
2.90050000 126.63343021
2.90100000 126.65842831
2.90150000 126.62125972
2.90200000 126.67027462
2.90250000 126.71590705
2.90300000 126.76349171
2.90350000 126.67337950
2.90400000 126.83213577
2.90450000 126.87285190
2.90500000 126.97428591
2.90550000 126.92564278
2.90600000 126.93268071
2.90650000 126.87038945
2.90700000 127.01234538
2.90750000 126.98660910
2.90800000 127.02738398
2.90850000 127.03211374
2.90900000 127.03692087
2.90950000 127.13117177
2.91000000 127.13064749
2.91050000 127.23142703
2.91100000 127.14259531
2.91150000 127.17471626
2.91200000 127.14633087
2.91250000 127.25324694
2.91300000 127.16517614
2.91350000 127.18008890
2.91400000 127.30706727
2.91450000 127.22828443
2.91500000 127.35473950
2.91550000 127.39830512
2.91600000 127.37047324
2.91650000 127.31706474
2.91700000 127.43247475
2.91750000 127.42790186
2.91800000 127.52175245
2.91850000 127.43890044
2.91900000 127.52199596
2.91950000 127.52607877
2.92000000 127.55511996
2.92050000 127.47924776
2.92100000 127.67119666
2.92150000 127.73465749
2.92200000 127.65487075
2.92250000 127.71798489
2.92300000 127.68417049
2.92350000 127.72414160
2.92400000 127.63477787
2.92450000 127.68499937
2.92500000 127.63664876
2.92550000 127.74212144
2.92600000 127.86668910
2.92650000 127.83055640
2.92700000 127.86437601
2.92750000 127.88490118
2.92800000 127.80533883
2.92850000 127.87414097
2.92900000 127.97681863
2.92950000 127.85824550
2.93000000 127.97565054
2.93050000 127.95219371
2.93100000 127.99046172
2.93150000 127.99428340
2.93200000 128.06550077
2.93250000 128.05652056
2.93300000 128.11039751
2.93350000 128.04492629
2.93400000 128.04587311
2.93450000 128.03726881
2.93500000 128.10811819
2.93550000 128.12306982
2.93600000 128.12110207
2.93650000 128.22045440
2.93700000 128.16302009
2.93750000 128.28162390
2.93800000 128.18452029
2.93850000 128.29256269
2.93900000 128.34945376
2.93950000 128.31693408
2.94000000 128.34540353
2.94050000 128.28275945
2.94100000 128.43309780
2.94150000 128.36890280
2.94200000 128.36218594
2.94250000 128.41557918
2.94300000 128.38385181
2.94350000 128.42992788
2.94400000 128.43061714
2.94450000 128.48648036
2.94500000 128.56324983
2.94550000 128.62037800
2.94600000 128.43428276
2.94650000 128.54433086
2.94700000 128.57437442
2.94750000 128.57182703
2.94800000 128.60640290
2.94850000 128.71528146
2.94900000 128.56278289
2.94950000 128.68337352
2.95000000 128.74858434
2.95050000 128.75251111
2.95100000 128.69351764
2.95150000 128.76369758
2.95200000 128.82891870
2.95250000 128.82159440
2.95300000 128.79155725
2.95350000 128.80545717
2.95400000 128.80973992
2.95450000 128.85980751
2.95500000 128.81676654
2.95550000 128.87903580
2.95600000 128.89196826
2.95650000 129.06007883
2.95700000 128.86373164
2.95750000 128.98547932
2.95800000 128.90447105
2.95850000 128.99107666
2.95900000 128.98339242
2.95950000 129.00879079
2.96000000 129.04187946
2.96050000 129.05587350
2.96100000 129.06451514
2.96150000 129.16309861
2.96200000 129.15448623
2.96250000 129.07016661
2.96300000 129.15989607
2.96350000 129.19111774
2.96400000 129.17040568
2.96450000 129.37144808
2.96500000 129.23203825
2.96550000 129.24501522
2.96600000 129.33720676
2.96650000 129.30956893
2.96700000 129.37171353
2.96750000 129.29746670
2.96800000 129.32628574
2.96850000 129.54208576
2.96900000 129.49615215
2.96950000 129.38045343
2.97000000 129.44367176
2.97050000 129.56433815
2.97100000 129.48778670
2.97150000 129.46137819
2.97200000 129.58221492
2.97250000 129.56353601
2.97300000 129.65482047
2.97350000 129.62643914
2.97400000 129.61187005
2.97450000 129.69476226
2.97500000 129.66529489
2.97550000 129.70144501
2.97600000 129.58934987
2.97650000 129.67368451
2.97700000 129.65547402
2.97750000 129.76048272
2.97800000 129.72802198
2.97850000 129.79969612
2.97900000 129.92574647
2.97950000 129.87380136
2.98000000 129.91567501
2.98050000 129.86222466
2.98100000 129.94311186
2.98150000 129.88318579
2.98200000 130.07212198
2.98250000 129.93019333
2.98300000 130.15809830
2.98350000 130.10684211
2.98400000 130.14411189
2.98450000 130.17405881
2.98500000 130.02148902
2.98550000 130.06532676
2.98600000 130.08902216
2.98650000 130.15393927
2.98700000 130.25457662
2.98750000 130.25229423
2.98800000 130.30099655
2.98850000 130.25602569
2.98900000 130.30779183
2.98950000 130.27239697
2.99000000 130.32367897
2.99050000 130.33398528
2.99100000 130.36605616
2.99150000 130.43988819
2.99200000 130.45832574
2.99250000 130.53411028
2.99300000 130.41813793
2.99350000 130.49553792
2.99400000 130.54224399
2.99450000 130.56910896
2.99500000 130.52309119
2.99550000 130.56106511
2.99600000 130.62284620
2.99650000 130.65380685
2.99700000 130.63208270
2.99750000 130.71105132
2.99800000 130.64065176
2.99850000 130.75445819
2.99900000 130.71056605
2.99950000 130.79834936
3.00000000 130.75861620
