Frequency(GHz) s21
1.20000000 -10.52305155
1.20050000 -10.52943320
1.20100000 -10.52807868
1.20150000 -10.51320296
1.20200000 -10.52458321
1.20250000 -10.49793221
1.20300000 -10.52062815
1.20350000 -10.50397527
1.20400000 -10.50714397
1.20450000 -10.49273615
1.20500000 -10.49833964
1.20550000 -10.50741714
1.20600000 -10.48709002
1.20650000 -10.48888941
1.20700000 -10.49031136
1.20750000 -10.48208603
1.20800000 -10.49988934
1.20850000 -10.49346514
1.20900000 -10.48224491
1.20950000 -10.46280599
1.21000000 -10.47915269
1.21050000 -10.47516369
1.21100000 -10.46964830
1.21150000 -10.47285765
1.21200000 -10.46044479
1.21250000 -10.46927362
1.21300000 -10.44962539
1.21350000 -10.46805465
1.21400000 -10.47593718
1.21450000 -10.46604547
1.21500000 -10.45687250
1.21550000 -10.46869546
1.21600000 -10.47427245
1.21650000 -10.47172687
1.21700000 -10.46771123
1.21750000 -10.44352169
1.21800000 -10.45102899
1.21850000 -10.45556886
1.21900000 -10.47236098
1.21950000 -10.44288764
1.22000000 -10.45956514
1.22050000 -10.46669389
1.22100000 -10.45924760
1.22150000 -10.45836987
1.22200000 -10.48147973
1.22250000 -10.47183762
1.22300000 -10.46175022
1.22350000 -10.46711632
1.22400000 -10.46744044
1.22450000 -10.47846600
1.22500000 -10.46841100
1.22550000 -10.48016515
1.22600000 -10.46994023
1.22650000 -10.48322254
1.22700000 -10.47087557
1.22750000 -10.46303288
1.22800000 -10.47145879
1.22850000 -10.48298293
1.22900000 -10.46211263
1.22950000 -10.47186935
1.23000000 -10.49061372
1.23050000 -10.48999520
1.23100000 -10.47676410
1.23150000 -10.49889270
1.23200000 -10.48288985
1.23250000 -10.50652418
1.23300000 -10.48927998
1.23350000 -10.50168772
1.23400000 -10.48987839
1.23450000 -10.48454754
1.23500000 -10.50975220
1.23550000 -10.51934384
1.23600000 -10.51240519
1.23650000 -10.51360913
1.23700000 -10.50661407
1.23750000 -10.51633745
1.23800000 -10.52031716
1.23850000 -10.50454121
1.23900000 -10.51106271
1.23950000 -10.52786945
1.24000000 -10.53240944
1.24050000 -10.51644385
1.24100000 -10.52627912
1.24150000 -10.53806443
1.24200000 -10.52819670
1.24250000 -10.53054197
1.24300000 -10.52138859
1.24350000 -10.53393751
1.24400000 -10.53766225
1.24450000 -10.53355612
1.24500000 -10.53726442
1.24550000 -10.51616867
1.24600000 -10.52275116
1.24650000 -10.53209423
1.24700000 -10.52580508
1.24750000 -10.52798548
1.24800000 -10.52412392
1.24850000 -10.55719079
1.24900000 -10.52965078
1.24950000 -10.53321399
1.25000000 -10.54033754
1.25050000 -10.55715739
1.25100000 -10.56506993
1.25150000 -10.53176178
1.25200000 -10.53722153
1.25250000 -10.54925557
1.25300000 -10.55720903
1.25350000 -10.54476654
1.25400000 -10.54278273
1.25450000 -10.54261419
1.25500000 -10.53589436
1.25550000 -10.56007539
1.25600000 -10.55220924
1.25650000 -10.53065536
1.25700000 -10.53930765
1.25750000 -10.54794480
1.25800000 -10.54118660
1.25850000 -10.53720124
1.25900000 -10.53666099
1.25950000 -10.53436574
1.26000000 -10.53081526
1.26050000 -10.52437772
1.26100000 -10.52097799
1.26150000 -10.52947228
1.26200000 -10.52372390
1.26250000 -10.53571560
1.26300000 -10.51066139
1.26350000 -10.52760094
1.26400000 -10.51442126
1.26450000 -10.51358163
1.26500000 -10.51597651
1.26550000 -10.50323763
1.26600000 -10.50099670
1.26650000 -10.49688218
1.26700000 -10.49886388
1.26750000 -10.48597500
1.26800000 -10.49548502
1.26850000 -10.49496783
1.26900000 -10.48025029
1.26950000 -10.49148525
1.27000000 -10.47819303
1.27050000 -10.46626331
1.27100000 -10.47730120
1.27150000 -10.46792301
1.27200000 -10.46075690
1.27250000 -10.46592173
1.27300000 -10.45600787
1.27350000 -10.46462256
1.27400000 -10.44679851
1.27450000 -10.45585366
1.27500000 -10.44677532
1.27550000 -10.44123326
1.27600000 -10.42730195
1.27650000 -10.41758502
1.27700000 -10.42605783
1.27750000 -10.42086963
1.27800000 -10.40096007
1.27850000 -10.39530449
1.27900000 -10.39460847
1.27950000 -10.40060217
1.28000000 -10.39219169
1.28050000 -10.38892746
1.28100000 -10.38179033
1.28150000 -10.37038329
1.28200000 -10.35791518
1.28250000 -10.34643541
1.28300000 -10.34831946
1.28350000 -10.34546302
1.28400000 -10.32509420
1.28450000 -10.33061959
1.28500000 -10.32208659
1.28550000 -10.31993675
1.28600000 -10.30658792
1.28650000 -10.28915271
1.28700000 -10.29351034
1.28750000 -10.29434129
1.28800000 -10.30139091
1.28850000 -10.27494835
1.28900000 -10.27684404
1.28950000 -10.26044809
1.29000000 -10.25263250
1.29050000 -10.24850740
1.29100000 -10.24390143
1.29150000 -10.23473179
1.29200000 -10.22628137
1.29250000 -10.23578687
1.29300000 -10.22297724
1.29350000 -10.19803233
1.29400000 -10.18620870
1.29450000 -10.18355086
1.29500000 -10.18093811
1.29550000 -10.17484749
1.29600000 -10.15502909
1.29650000 -10.15789300
1.29700000 -10.15467526
1.29750000 -10.15397958
1.29800000 -10.14021761
1.29850000 -10.12901800
1.29900000 -10.11084924
1.29950000 -10.12136583
1.30000000 -10.12108330
1.30050000 -10.09905778
1.30100000 -10.09001800
1.30150000 -10.09539097
1.30200000 -10.09134945
1.30250000 -10.06313827
1.30300000 -10.06826654
1.30350000 -10.05360288
1.30400000 -10.04037411
1.30450000 -10.04003378
1.30500000 -10.03196081
1.30550000 -10.04269665
1.30600000 -10.03003614
1.30650000 -10.02179204
1.30700000 -10.00159806
1.30750000 -9.99496145
1.30800000 -9.98609301
1.30850000 -9.99296301
1.30900000 -9.99111288
1.30950000 -9.96401713
1.31000000 -9.95960340
1.31050000 -9.94573852
1.31100000 -9.95614597
1.31150000 -9.94133232
1.31200000 -9.94802209
1.31250000 -9.93051503
1.31300000 -9.92223267
1.31350000 -9.90988952
1.31400000 -9.90900312
1.31450000 -9.90017983
1.31500000 -9.89586603
1.31550000 -9.90540127
1.31600000 -9.89854878
1.31650000 -9.87901877
1.31700000 -9.86411464
1.31750000 -9.87828826
1.31800000 -9.88817114
1.31850000 -9.86287755
1.31900000 -9.84670222
1.31950000 -9.84134921
1.32000000 -9.84462119
1.32050000 -9.84881110
1.32100000 -9.83573427
1.32150000 -9.82304123
1.32200000 -9.82688015
1.32250000 -9.82416181
1.32300000 -9.80877575
1.32350000 -9.81569368
1.32400000 -9.82640180
1.32450000 -9.80952936
1.32500000 -9.78831584
1.32550000 -9.79495970
1.32600000 -9.79496618
1.32650000 -9.78890608
1.32700000 -9.79126737
1.32750000 -9.77138153
1.32800000 -9.76052272
1.32850000 -9.78382932
1.32900000 -9.76721893
1.32950000 -9.77005304
1.33000000 -9.75544704
1.33050000 -9.75973186
1.33100000 -9.77383237
1.33150000 -9.75467206
1.33200000 -9.76787447
1.33250000 -9.74249248
1.33300000 -9.75228651
1.33350000 -9.74473876
1.33400000 -9.74099153
1.33450000 -9.74295563
1.33500000 -9.73906748
1.33550000 -9.74743639
1.33600000 -9.72836751
1.33650000 -9.74310245
1.33700000 -9.73060923
1.33750000 -9.74821926
1.33800000 -9.71785074
1.33850000 -9.71698900
1.33900000 -9.71127915
1.33950000 -9.72978583
1.34000000 -9.71261136
1.34050000 -9.73453463
1.34100000 -9.71817980
1.34150000 -9.69669002
1.34200000 -9.71774060
1.34250000 -9.71878493
1.34300000 -9.73015492
1.34350000 -9.73082925
1.34400000 -9.71406819
1.34450000 -9.71494100
1.34500000 -9.71559570
1.34550000 -9.70814379
1.34600000 -9.70040930
1.34650000 -9.69804720
1.34700000 -9.70948794
1.34750000 -9.69305391
1.34800000 -9.69783819
1.34850000 -9.70882853
1.34900000 -9.70059898
1.34950000 -9.69857660
1.35000000 -9.70200591
1.35050000 -9.70532525
1.35100000 -9.71884507
1.35150000 -9.69242132
1.35200000 -9.69696906
1.35250000 -9.70600109
1.35300000 -9.69212205
1.35350000 -9.70583491
1.35400000 -9.69137967
1.35450000 -9.69268197
1.35500000 -9.69076251
1.35550000 -9.67329869
1.35600000 -9.68578854
1.35650000 -9.69756695
1.35700000 -9.70831940
1.35750000 -9.68975577
1.35800000 -9.67489598
1.35850000 -9.67558396
1.35900000 -9.68938884
1.35950000 -9.68194717
1.36000000 -9.68475754
1.36050000 -9.67901968
1.36100000 -9.70011370
1.36150000 -9.67928767
1.36200000 -9.68382719
1.36250000 -9.67196272
1.36300000 -9.67994600
1.36350000 -9.67054105
1.36400000 -9.67752657
1.36450000 -9.66608931
1.36500000 -9.67139531
1.36550000 -9.66281355
1.36600000 -9.66965313
1.36650000 -9.66478958
1.36700000 -9.66033834
1.36750000 -9.66056108
1.36800000 -9.65154696
1.36850000 -9.64827675
1.36900000 -9.64522938
1.36950000 -9.64661309
1.37000000 -9.64157242
1.37050000 -9.65304208
1.37100000 -9.64898200
1.37150000 -9.64235870
1.37200000 -9.63397650
1.37250000 -9.61902806
1.37300000 -9.61736671
1.37350000 -9.62226319
1.37400000 -9.61704169
1.37450000 -9.60308246
1.37500000 -9.61304191
1.37550000 -9.59645234
1.37600000 -9.60239957
1.37650000 -9.60332212
1.37700000 -9.58241514
1.37750000 -9.59133537
1.37800000 -9.58741279
1.37850000 -9.57323873
1.37900000 -9.56565104
1.37950000 -9.55160737
1.38000000 -9.55917975
1.38050000 -9.55604935
1.38100000 -9.54130898
1.38150000 -9.53689388
1.38200000 -9.53995295
1.38250000 -9.52650990
1.38300000 -9.52401102
1.38350000 -9.51151791
1.38400000 -9.51320475
1.38450000 -9.50466201
1.38500000 -9.49713395
1.38550000 -9.49340625
1.38600000 -9.47844820
1.38650000 -9.47492814
1.38700000 -9.47620420
1.38750000 -9.45394569
1.38800000 -9.46060174
1.38850000 -9.44124423
1.38900000 -9.42805907
1.38950000 -9.42260444
1.39000000 -9.43984314
1.39050000 -9.40667099
1.39100000 -9.40139866
1.39150000 -9.39075239
1.39200000 -9.39391586
1.39250000 -9.38748979
1.39300000 -9.35487521
1.39350000 -9.36558959
1.39400000 -9.35560194
1.39450000 -9.33848041
1.39500000 -9.31545576
1.39550000 -9.30624546
1.39600000 -9.31397145
1.39650000 -9.30712721
1.39700000 -9.27943168
1.39750000 -9.28174611
1.39800000 -9.26270273
1.39850000 -9.25726141
1.39900000 -9.24972612
1.39950000 -9.23745178
1.40000000 -9.22175139
1.40050000 -9.23958037
1.40100000 -9.21902263
1.40150000 -9.20874225
1.40200000 -9.19598413
1.40250000 -9.16367259
1.40300000 -9.15221912
1.40350000 -9.15798158
1.40400000 -9.15571195
1.40450000 -9.13195117
1.40500000 -9.12970805
1.40550000 -9.10735801
1.40600000 -9.11096575
1.40650000 -9.08893863
1.40700000 -9.07874067
1.40750000 -9.08117085
1.40800000 -9.07465532
1.40850000 -9.03245612
1.40900000 -9.01979946
1.40950000 -9.01070036
1.41000000 -9.01376386
1.41050000 -9.00259843
1.41100000 -8.97638409
1.41150000 -8.97236883
1.41200000 -8.94741190
1.41250000 -8.93790692
1.41300000 -8.93300080
1.41350000 -8.92331613
1.41400000 -8.89503076
1.41450000 -8.90205919
1.41500000 -8.88650279
1.41550000 -8.87104755
1.41600000 -8.86129222
1.41650000 -8.84151952
1.41700000 -8.83402107
1.41750000 -8.83587097
1.41800000 -8.83232022
1.41850000 -8.81871418
1.41900000 -8.79379389
1.41950000 -8.79499027
1.42000000 -8.78131020
1.42050000 -8.75676492
1.42100000 -8.75370780
1.42150000 -8.75344925
1.42200000 -8.74357334
1.42250000 -8.72145318
1.42300000 -8.71080638
1.42350000 -8.71190780
1.42400000 -8.69838306
1.42450000 -8.68591861
1.42500000 -8.68022679
1.42550000 -8.67140133
1.42600000 -8.65851844
1.42650000 -8.64901738
1.42700000 -8.62277391
1.42750000 -8.62347323
1.42800000 -8.62072017
1.42850000 -8.61147448
1.42900000 -8.60915529
1.42950000 -8.60018676
1.43000000 -8.58719070
1.43050000 -8.58082209
1.43100000 -8.57387204
1.43150000 -8.57800706
1.43200000 -8.56022400
1.43250000 -8.55395120
1.43300000 -8.55538758
1.43350000 -8.52730838
1.43400000 -8.53585260
1.43450000 -8.52979586
1.43500000 -8.50226941
1.43550000 -8.50156943
1.43600000 -8.49232979
1.43650000 -8.49008597
1.43700000 -8.48638811
1.43750000 -8.50053083
1.43800000 -8.48205919
1.43850000 -8.47358202
1.43900000 -8.46864021
1.43950000 -8.46488408
1.44000000 -8.44845682
1.44050000 -8.44656092
1.44100000 -8.45142582
1.44150000 -8.45147677
1.44200000 -8.42747870
1.44250000 -8.45751588
1.44300000 -8.42840133
1.44350000 -8.43652967
1.44400000 -8.41568376
1.44450000 -8.42890815
1.44500000 -8.41419568
1.44550000 -8.40929948
1.44600000 -8.40505768
1.44650000 -8.39695717
1.44700000 -8.40743602
1.44750000 -8.39259535
1.44800000 -8.42148261
1.44850000 -8.39449888
1.44900000 -8.39813098
1.44950000 -8.38418822
1.45000000 -8.39219181
1.45050000 -8.39248523
1.45100000 -8.39707168
1.45150000 -8.38195447
1.45200000 -8.38406472
1.45250000 -8.37508352
1.45300000 -8.38316591
1.45350000 -8.39639771
1.45400000 -8.37631307
1.45450000 -8.38279866
1.45500000 -8.37492939
1.45550000 -8.39189706
1.45600000 -8.37690300
1.45650000 -8.37635869
1.45700000 -8.38878471
1.45750000 -8.37206619
1.45800000 -8.37517401
1.45850000 -8.38228976
1.45900000 -8.36669653
1.45950000 -8.37102072
1.46000000 -8.37503748
1.46050000 -8.37523597
1.46100000 -8.36799876
1.46150000 -8.37096348
1.46200000 -8.36470710
1.46250000 -8.37416877
1.46300000 -8.36873995
1.46350000 -8.36514240
1.46400000 -8.36680312
1.46450000 -8.36390739
1.46500000 -8.37345378
1.46550000 -8.36437931
1.46600000 -8.36690810
1.46650000 -8.35685635
1.46700000 -8.36605995
1.46750000 -8.36524369
1.46800000 -8.35358597
1.46850000 -8.37093413
1.46900000 -8.36744929
1.46950000 -8.35890178
1.47000000 -8.35726153
1.47050000 -8.34997323
1.47100000 -8.34972932
1.47150000 -8.34433436
1.47200000 -8.34360989
1.47250000 -8.35371277
1.47300000 -8.33879891
1.47350000 -8.34134781
1.47400000 -8.33058581
1.47450000 -8.33711153
1.47500000 -8.33393595
1.47550000 -8.33042611
1.47600000 -8.32038773
1.47650000 -8.32143470
1.47700000 -8.31223107
1.47750000 -8.30151477
1.47800000 -8.31554441
1.47850000 -8.30280529
1.47900000 -8.29496619
1.47950000 -8.29830323
1.48000000 -8.29100082
1.48050000 -8.29373495
1.48100000 -8.27993636
1.48150000 -8.26441283
1.48200000 -8.27463263
1.48250000 -8.27503882
1.48300000 -8.25188672
1.48350000 -8.25159070
1.48400000 -8.24842675
1.48450000 -8.24915752
1.48500000 -8.24144487
1.48550000 -8.23081274
1.48600000 -8.22912953
1.48650000 -8.19662670
1.48700000 -8.19971272
1.48750000 -8.20100894
1.48800000 -8.19825446
1.48850000 -8.18882266
1.48900000 -8.17899498
1.48950000 -8.17639954
1.49000000 -8.16386457
1.49050000 -8.15166314
1.49100000 -8.14090265
1.49150000 -8.11802491
1.49200000 -8.11955211
1.49250000 -8.11785306
1.49300000 -8.09992628
1.49350000 -8.09552631
1.49400000 -8.08131236
1.49450000 -8.07498503
1.49500000 -8.06780049
1.49550000 -8.06482760
1.49600000 -8.03694339
1.49650000 -8.03124882
1.49700000 -8.01592820
1.49750000 -7.99691587
1.49800000 -7.98162882
1.49850000 -7.98794888
1.49900000 -7.97790109
1.49950000 -7.95367079
1.50000000 -7.93406897
1.50050000 -7.93127939
1.50100000 -7.91246538
1.50150000 -7.90329773
1.50200000 -7.88429892
1.50250000 -7.87444745
1.50300000 -7.86303714
1.50350000 -7.84385506
1.50400000 -7.82381344
1.50450000 -7.81901278
1.50500000 -7.79858672
1.50550000 -7.79789327
1.50600000 -7.77532146
1.50650000 -7.76235411
1.50700000 -7.73430832
1.50750000 -7.73623885
1.50800000 -7.71683094
1.50850000 -7.67877957
1.50900000 -7.67580801
1.50950000 -7.66807089
1.51000000 -7.65223296
1.51050000 -7.63224131
1.51100000 -7.62619593
1.51150000 -7.62145613
1.51200000 -7.58344263
1.51250000 -7.56528280
1.51300000 -7.55212776
1.51350000 -7.53361961
1.51400000 -7.52004054
1.51450000 -7.48046936
1.51500000 -7.49435214
1.51550000 -7.47691596
1.51600000 -7.45933024
1.51650000 -7.44297483
1.51700000 -7.41197524
1.51750000 -7.39793778
1.51800000 -7.38752684
1.51850000 -7.35740548
1.51900000 -7.35516549
1.51950000 -7.33481009
1.52000000 -7.33740903
1.52050000 -7.30132326
1.52100000 -7.27482208
1.52150000 -7.27620356
1.52200000 -7.25213250
1.52250000 -7.23556902
1.52300000 -7.24383938
1.52350000 -7.21089005
1.52400000 -7.19736381
1.52450000 -7.17102374
1.52500000 -7.16276999
1.52550000 -7.14658690
1.52600000 -7.12446917
1.52650000 -7.11243827
1.52700000 -7.09364796
1.52750000 -7.08707123
1.52800000 -7.07670630
1.52850000 -7.05563910
1.52900000 -7.04655029
1.52950000 -7.02229454
1.53000000 -6.99867763
1.53050000 -7.02160476
1.53100000 -7.00091271
1.53150000 -6.97788836
1.53200000 -6.96380089
1.53250000 -6.95807633
1.53300000 -6.93673038
1.53350000 -6.93262348
1.53400000 -6.91030663
1.53450000 -6.90501565
1.53500000 -6.89826089
1.53550000 -6.87970771
1.53600000 -6.86374979
1.53650000 -6.86931765
1.53700000 -6.85886825
1.53750000 -6.84899929
1.53800000 -6.83050814
1.53850000 -6.83415651
1.53900000 -6.81875742
1.53950000 -6.82411275
1.54000000 -6.79344910
1.54050000 -6.78912422
1.54100000 -6.78787820
1.54150000 -6.78072935
1.54200000 -6.77888302
1.54250000 -6.77700282
1.54300000 -6.77442532
1.54350000 -6.75390305
1.54400000 -6.75396610
1.54450000 -6.74683295
1.54500000 -6.74428487
1.54550000 -6.73018716
1.54600000 -6.72608113
1.54650000 -6.72714357
1.54700000 -6.70974029
1.54750000 -6.72614920
1.54800000 -6.71071723
1.54850000 -6.69784158
1.54900000 -6.71573297
1.54950000 -6.70727459
1.55000000 -6.69426157
1.55050000 -6.70125007
1.55100000 -6.70079447
1.55150000 -6.68107854
1.55200000 -6.69483487
1.55250000 -6.69696383
1.55300000 -6.69338459
1.55350000 -6.69920979
1.55400000 -6.70114347
1.55450000 -6.68593112
1.55500000 -6.69123496
1.55550000 -6.69422540
1.55600000 -6.68464612
1.55650000 -6.70781264
1.55700000 -6.70340437
1.55750000 -6.68429663
1.55800000 -6.68754897
1.55850000 -6.70222178
1.55900000 -6.69702796
1.55950000 -6.69588933
1.56000000 -6.70323579
1.56050000 -6.70501816
1.56100000 -6.70536943
1.56150000 -6.72046096
1.56200000 -6.70293533
1.56250000 -6.69867069
1.56300000 -6.70857257
1.56350000 -6.70466001
1.56400000 -6.70933210
1.56450000 -6.70118778
1.56500000 -6.71784075
1.56550000 -6.72090056
1.56600000 -6.71134575
1.56650000 -6.71801391
1.56700000 -6.71289137
1.56750000 -6.71970460
1.56800000 -6.71190894
1.56850000 -6.71750868
1.56900000 -6.71811726
1.56950000 -6.72021817
1.57000000 -6.72586766
1.57050000 -6.72962707
1.57100000 -6.73016128
1.57150000 -6.72365084
1.57200000 -6.73256874
1.57250000 -6.73409129
1.57300000 -6.73871873
1.57350000 -6.73147947
1.57400000 -6.72445704
1.57450000 -6.73193792
1.57500000 -6.70695709
1.57550000 -6.71705081
1.57600000 -6.71742316
1.57650000 -6.72819033
1.57700000 -6.72088681
1.57750000 -6.71771278
1.57800000 -6.71433200
1.57850000 -6.71802972
1.57900000 -6.72708594
1.57950000 -6.70753961
1.58000000 -6.70737696
1.58050000 -6.70533781
1.58100000 -6.71185391
1.58150000 -6.70553533
1.58200000 -6.71216716
1.58250000 -6.69205156
1.58300000 -6.69258004
1.58350000 -6.68845430
1.58400000 -6.67869156
1.58450000 -6.67600193
1.58500000 -6.67773218
1.58550000 -6.66560372
1.58600000 -6.66862679
1.58650000 -6.66060117
1.58700000 -6.66724200
1.58750000 -6.64489995
1.58800000 -6.62906232
1.58850000 -6.63156346
1.58900000 -6.62294547
1.58950000 -6.61736482
1.59000000 -6.60115926
1.59050000 -6.59587101
1.59100000 -6.59078087
1.59150000 -6.58206068
1.59200000 -6.58500104
1.59250000 -6.55744122
1.59300000 -6.55057209
1.59350000 -6.54399941
1.59400000 -6.53954110
1.59450000 -6.51476387
1.59500000 -6.51227655
1.59550000 -6.49772395
1.59600000 -6.49133986
1.59650000 -6.46738429
1.59700000 -6.45180171
1.59750000 -6.45149765
1.59800000 -6.43996407
1.59850000 -6.41953119
1.59900000 -6.41745036
1.59950000 -6.39799600
1.60000000 -6.36858819
1.60050000 -6.38690595
1.60100000 -6.34944787
1.60150000 -6.33274167
1.60200000 -6.32254414
1.60250000 -6.30659208
1.60300000 -6.30416149
1.60350000 -6.27115200
1.60400000 -6.27228012
1.60450000 -6.24311438
1.60500000 -6.22500379
1.60550000 -6.19070557
1.60600000 -6.18211055
1.60650000 -6.16644086
1.60700000 -6.13967008
1.60750000 -6.14032404
1.60800000 -6.11173702
1.60850000 -6.10013021
1.60900000 -6.07727983
1.60950000 -6.06459461
1.61000000 -6.04798405
1.61050000 -6.00685662
1.61100000 -5.99156588
1.61150000 -5.97162892
1.61200000 -5.95493883
1.61250000 -5.93626684
1.61300000 -5.91532949
1.61350000 -5.88296416
1.61400000 -5.86363912
1.61450000 -5.85966379
1.61500000 -5.82923996
1.61550000 -5.81238857
1.61600000 -5.79292840
1.61650000 -5.76159608
1.61700000 -5.74874768
1.61750000 -5.72927522
1.61800000 -5.70996503
1.61850000 -5.68227041
1.61900000 -5.65295941
1.61950000 -5.63083234
1.62000000 -5.62032685
1.62050000 -5.58932663
1.62100000 -5.56717259
1.62150000 -5.55463401
1.62200000 -5.52975211
1.62250000 -5.49809845
1.62300000 -5.48835236
1.62350000 -5.45854344
1.62400000 -5.43533556
1.62450000 -5.42213365
1.62500000 -5.41460848
1.62550000 -5.35711599
1.62600000 -5.35356331
1.62650000 -5.34879605
1.62700000 -5.30792005
1.62750000 -5.28828882
1.62800000 -5.25885719
1.62850000 -5.25292393
1.62900000 -5.21989153
1.62950000 -5.21068202
1.63000000 -5.18324005
1.63050000 -5.17322649
1.63100000 -5.14496531
1.63150000 -5.13463665
1.63200000 -5.13648966
1.63250000 -5.10409571
1.63300000 -5.08511948
1.63350000 -5.08021037
1.63400000 -5.05471886
1.63450000 -5.02291403
1.63500000 -5.02272367
1.63550000 -5.00622431
1.63600000 -4.99325386
1.63650000 -4.97521099
1.63700000 -4.95742563
1.63750000 -4.95167765
1.63800000 -4.92682280
1.63850000 -4.91155248
1.63900000 -4.91117742
1.63950000 -4.88765108
1.64000000 -4.87841200
1.64050000 -4.86291459
1.64100000 -4.86730887
1.64150000 -4.85333497
1.64200000 -4.83686169
1.64250000 -4.82217343
1.64300000 -4.82316005
1.64350000 -4.81667270
1.64400000 -4.81447393
1.64450000 -4.79144111
1.64500000 -4.79143645
1.64550000 -4.78416937
1.64600000 -4.77975235
1.64650000 -4.77098537
1.64700000 -4.75701067
1.64750000 -4.75583976
1.64800000 -4.75258404
1.64850000 -4.73927305
1.64900000 -4.73484883
1.64950000 -4.74609971
1.65000000 -4.73695605
1.65050000 -4.74664067
1.65100000 -4.73345708
1.65150000 -4.73939326
1.65200000 -4.72163890
1.65250000 -4.73588250
1.65300000 -4.72695268
1.65350000 -4.73527253
1.65400000 -4.72771301
1.65450000 -4.73016511
1.65500000 -4.73280385
1.65550000 -4.72487269
1.65600000 -4.73361868
1.65650000 -4.74425091
1.65700000 -4.73528455
1.65750000 -4.74057304
1.65800000 -4.75537336
1.65850000 -4.75909583
1.65900000 -4.74849906
1.65950000 -4.75856632
1.66000000 -4.76589807
1.66050000 -4.75157854
1.66100000 -4.76455145
1.66150000 -4.76768943
1.66200000 -4.78430577
1.66250000 -4.78199592
1.66300000 -4.78332956
1.66350000 -4.79449112
1.66400000 -4.78871094
1.66450000 -4.79128806
1.66500000 -4.80380133
1.66550000 -4.81808145
1.66600000 -4.80965307
1.66650000 -4.81800389
1.66700000 -4.81462785
1.66750000 -4.82173996
1.66800000 -4.83249970
1.66850000 -4.84096648
1.66900000 -4.84518014
1.66950000 -4.84213385
1.67000000 -4.85095473
1.67050000 -4.86197502
1.67100000 -4.87114676
1.67150000 -4.86474716
1.67200000 -4.86254845
1.67250000 -4.87656348
1.67300000 -4.87464812
1.67350000 -4.87631384
1.67400000 -4.88886278
1.67450000 -4.88165751
1.67500000 -4.88465908
1.67550000 -4.89245909
1.67600000 -4.89083072
1.67650000 -4.90617372
1.67700000 -4.89401050
1.67750000 -4.91269276
1.67800000 -4.90586952
1.67850000 -4.91102381
1.67900000 -4.90667107
1.67950000 -4.91966877
1.68000000 -4.91343418
1.68050000 -4.90371219
1.68100000 -4.90276215
1.68150000 -4.91032021
1.68200000 -4.90975257
1.68250000 -4.89430177
1.68300000 -4.89086798
1.68350000 -4.89708009
1.68400000 -4.89893322
1.68450000 -4.89169330
1.68500000 -4.89033248
1.68550000 -4.88454062
1.68600000 -4.86772972
1.68650000 -4.88215979
1.68700000 -4.87153907
1.68750000 -4.86261406
1.68800000 -4.85758906
1.68850000 -4.85899918
1.68900000 -4.84516686
1.68950000 -4.84749189
1.69000000 -4.83182339
1.69050000 -4.82861739
1.69100000 -4.80529842
1.69150000 -4.80999324
1.69200000 -4.79068616
1.69250000 -4.78644464
1.69300000 -4.77192905
1.69350000 -4.77834813
1.69400000 -4.75014138
1.69450000 -4.74178765
1.69500000 -4.72104676
1.69550000 -4.71792298
1.69600000 -4.69547922
1.69650000 -4.68244891
1.69700000 -4.67588308
1.69750000 -4.66167487
1.69800000 -4.64320899
1.69850000 -4.63052092
1.69900000 -4.60021083
1.69950000 -4.60301646
1.70000000 -4.58647165
1.70050000 -4.55530898
1.70100000 -4.54649071
1.70150000 -4.53302898
1.70200000 -4.52400488
1.70250000 -4.49220698
1.70300000 -4.47324140
1.70350000 -4.46147414
1.70400000 -4.42580550
1.70450000 -4.40691865
1.70500000 -4.38430869
1.70550000 -4.37467220
1.70600000 -4.33590176
1.70650000 -4.31627381
1.70700000 -4.32161567
1.70750000 -4.28801350
1.70800000 -4.25170613
1.70850000 -4.23680912
1.70900000 -4.21457329
1.70950000 -4.18880472
1.71000000 -4.18244536
1.71050000 -4.13608510
1.71100000 -4.12178795
1.71150000 -4.09963102
1.71200000 -4.06853503
1.71250000 -4.05310702
1.71300000 -4.02309654
1.71350000 -4.00367654
1.71400000 -3.97495860
1.71450000 -3.93662748
1.71500000 -3.91384200
1.71550000 -3.88574198
1.71600000 -3.86783025
1.71650000 -3.83414371
1.71700000 -3.81842541
1.71750000 -3.78679753
1.71800000 -3.75590570
1.71850000 -3.73502304
1.71900000 -3.70825579
1.71950000 -3.68534347
1.72000000 -3.63674085
1.72050000 -3.62173912
1.72100000 -3.61155169
1.72150000 -3.58879799
1.72200000 -3.56133311
1.72250000 -3.52547695
1.72300000 -3.50392499
1.72350000 -3.46827503
1.72400000 -3.46047557
1.72450000 -3.41140071
1.72500000 -3.39087845
1.72550000 -3.37462380
1.72600000 -3.34536575
1.72650000 -3.32403550
1.72700000 -3.29808067
1.72750000 -3.27655801
1.72800000 -3.26371740
1.72850000 -3.23935882
1.72900000 -3.20612264
1.72950000 -3.18987271
1.73000000 -3.16830651
1.73050000 -3.16515493
1.73100000 -3.12075726
1.73150000 -3.11116519
1.73200000 -3.09139036
1.73250000 -3.08021690
1.73300000 -3.04438448
1.73350000 -3.04102471
1.73400000 -3.01105686
1.73450000 -3.00953200
1.73500000 -2.97105635
1.73550000 -2.97592111
1.73600000 -2.96060582
1.73650000 -2.94209708
1.73700000 -2.92057143
1.73750000 -2.91997358
1.73800000 -2.90500572
1.73850000 -2.88528341
1.73900000 -2.88282705
1.73950000 -2.86508055
1.74000000 -2.86303041
1.74050000 -2.85122011
1.74100000 -2.84836862
1.74150000 -2.83406099
1.74200000 -2.83488537
1.74250000 -2.81172287
1.74300000 -2.81261150
1.74350000 -2.80434970
1.74400000 -2.80977162
1.74450000 -2.79381773
1.74500000 -2.79318252
1.74550000 -2.79066253
1.74600000 -2.79508670
1.74650000 -2.79522424
1.74700000 -2.78850322
1.74750000 -2.79821477
1.74800000 -2.79431835
1.74850000 -2.78370607
1.74900000 -2.78898435
1.74950000 -2.79064559
1.75000000 -2.80473344
1.75050000 -2.79133844
1.75100000 -2.79480439
1.75150000 -2.81143896
1.75200000 -2.82332538
1.75250000 -2.82017623
1.75300000 -2.81955237
1.75350000 -2.82320352
1.75400000 -2.83582991
1.75450000 -2.84286592
1.75500000 -2.84430878
1.75550000 -2.85525854
1.75600000 -2.86958931
1.75650000 -2.87289910
1.75700000 -2.87728498
1.75750000 -2.88747822
1.75800000 -2.89292057
1.75850000 -2.89998325
1.75900000 -2.90304602
1.75950000 -2.92893902
1.76000000 -2.93826300
1.76050000 -2.92918194
1.76100000 -2.94999246
1.76150000 -2.95370897
1.76200000 -2.97497430
1.76250000 -2.98020363
1.76300000 -2.97784840
1.76350000 -2.99871735
1.76400000 -3.00412364
1.76450000 -3.01322040
1.76500000 -3.03068517
1.76550000 -3.03121021
1.76600000 -3.04556853
1.76650000 -3.05436520
1.76700000 -3.06555256
1.76750000 -3.07411553
1.76800000 -3.07719054
1.76850000 -3.08497276
1.76900000 -3.09880312
1.76950000 -3.11019749
1.77000000 -3.11670369
1.77050000 -3.12724612
1.77100000 -3.12734324
1.77150000 -3.14250518
1.77200000 -3.15166321
1.77250000 -3.15464289
1.77300000 -3.15722989
1.77350000 -3.17886477
1.77400000 -3.19443552
1.77450000 -3.19045715
1.77500000 -3.18730125
1.77550000 -3.20867171
1.77600000 -3.21105707
1.77650000 -3.21765994
1.77700000 -3.22037514
1.77750000 -3.22165463
1.77800000 -3.23239576
1.77850000 -3.22444360
1.77900000 -3.22917800
1.77950000 -3.23971372
1.78000000 -3.24131691
1.78050000 -3.24947042
1.78100000 -3.25758014
1.78150000 -3.25243391
1.78200000 -3.27015837
1.78250000 -3.26252749
1.78300000 -3.26559048
1.78350000 -3.26479952
1.78400000 -3.26178582
1.78450000 -3.25753392
1.78500000 -3.25754694
1.78550000 -3.26073954
1.78600000 -3.26578172
1.78650000 -3.26057841
1.78700000 -3.26091653
1.78750000 -3.26648562
1.78800000 -3.25982515
1.78850000 -3.25570050
1.78900000 -3.25933582
1.78950000 -3.25651357
1.79000000 -3.23844097
1.79050000 -3.24426190
1.79100000 -3.23958747
1.79150000 -3.25057489
1.79200000 -3.24203239
1.79250000 -3.22929439
1.79300000 -3.22536790
1.79350000 -3.21785767
1.79400000 -3.21610826
1.79450000 -3.21835238
1.79500000 -3.20368017
1.79550000 -3.19268283
1.79600000 -3.18439283
1.79650000 -3.18092866
1.79700000 -3.16440624
1.79750000 -3.17959683
1.79800000 -3.15891784
1.79850000 -3.15496298
1.79900000 -3.13870520
1.79950000 -3.13516276
1.80000000 -3.12377191
1.80050000 -3.11324681
1.80100000 -3.10648124
1.80150000 -3.10247002
1.80200000 -3.09309725
1.80250000 -3.05912637
1.80300000 -3.06506693
1.80350000 -3.05284849
1.80400000 -3.05501573
1.80450000 -3.03400644
1.80500000 -3.01762095
1.80550000 -3.00562405
1.80600000 -3.00355248
1.80650000 -2.97457726
1.80700000 -2.97880825
1.80750000 -2.98014851
1.80800000 -2.95660156
1.80850000 -2.93018614
1.80900000 -2.92243206
1.80950000 -2.91730497
1.81000000 -2.89518816
1.81050000 -2.88670719
1.81100000 -2.87095504
1.81150000 -2.85827282
1.81200000 -2.84258336
1.81250000 -2.83370205
1.81300000 -2.81851203
1.81350000 -2.80672739
1.81400000 -2.78893475
1.81450000 -2.79490234
1.81500000 -2.75891670
1.81550000 -2.74823342
1.81600000 -2.74415640
1.81650000 -2.73762189
1.81700000 -2.72466200
1.81750000 -2.70845666
1.81800000 -2.70082397
1.81850000 -2.68214412
1.81900000 -2.68132097
1.81950000 -2.66473819
1.82000000 -2.65491630
1.82050000 -2.64393700
1.82100000 -2.62923606
1.82150000 -2.62001228
1.82200000 -2.61363243
1.82250000 -2.59297974
1.82300000 -2.59551404
1.82350000 -2.57644712
1.82400000 -2.57029812
1.82450000 -2.56390168
1.82500000 -2.55588746
1.82550000 -2.55907622
1.82600000 -2.54174819
1.82650000 -2.52624516
1.82700000 -2.53601523
1.82750000 -2.51591657
1.82800000 -2.50669957
1.82850000 -2.51658369
1.82900000 -2.50580798
1.82950000 -2.49967847
1.83000000 -2.49115102
1.83050000 -2.48828094
1.83100000 -2.49008721
1.83150000 -2.48894145
1.83200000 -2.48312078
1.83250000 -2.48568175
1.83300000 -2.48190744
1.83350000 -2.47164195
1.83400000 -2.46199714
1.83450000 -2.47204949
1.83500000 -2.46292319
1.83550000 -2.46398320
1.83600000 -2.48412579
1.83650000 -2.46592337
1.83700000 -2.47255756
1.83750000 -2.47814278
1.83800000 -2.47674174
1.83850000 -2.46772967
1.83900000 -2.48271866
1.83950000 -2.48430228
1.84000000 -2.48373469
1.84050000 -2.50053031
1.84100000 -2.49589809
1.84150000 -2.49963218
1.84200000 -2.51942733
1.84250000 -2.51649532
1.84300000 -2.51300550
1.84350000 -2.52514235
1.84400000 -2.52963820
1.84450000 -2.53164012
1.84500000 -2.54405310
1.84550000 -2.55869852
1.84600000 -2.55625488
1.84650000 -2.55929849
1.84700000 -2.57285005
1.84750000 -2.58561449
1.84800000 -2.58133399
1.84850000 -2.59842393
1.84900000 -2.60533410
1.84950000 -2.61392716
1.85000000 -2.62451859
1.85050000 -2.63783795
1.85100000 -2.63263887
1.85150000 -2.64554901
1.85200000 -2.65215427
1.85250000 -2.66995871
1.85300000 -2.67268937
1.85350000 -2.68239663
1.85400000 -2.69652112
1.85450000 -2.70056377
1.85500000 -2.71283179
1.85550000 -2.71332883
1.85600000 -2.72530112
1.85650000 -2.73884435
1.85700000 -2.74731281
1.85750000 -2.76204321
1.85800000 -2.76876197
1.85850000 -2.76936293
1.85900000 -2.77832802
1.85950000 -2.79587557
1.86000000 -2.81138538
1.86050000 -2.81541357
1.86100000 -2.82194081
1.86150000 -2.83517509
1.86200000 -2.83707688
1.86250000 -2.84642329
1.86300000 -2.86161114
1.86350000 -2.86479080
1.86400000 -2.87381407
1.86450000 -2.88760471
1.86500000 -2.89992693
1.86550000 -2.89436053
1.86600000 -2.89702939
1.86650000 -2.92731422
1.86700000 -2.92627143
1.86750000 -2.92854323
1.86800000 -2.93579310
1.86850000 -2.94427126
1.86900000 -2.95221226
1.86950000 -2.95719051
1.87000000 -2.96301524
1.87050000 -2.96730712
1.87100000 -2.97653489
1.87150000 -2.97962469
1.87200000 -2.98283372
1.87250000 -2.99799075
1.87300000 -2.99282585
1.87350000 -3.00962086
1.87400000 -2.99847580
1.87450000 -3.01587881
1.87500000 -3.01769275
1.87550000 -3.02396866
1.87600000 -3.03154646
1.87650000 -3.03459129
1.87700000 -3.03522887
1.87750000 -3.02930573
1.87800000 -3.04257700
1.87850000 -3.05238200
1.87900000 -3.05391935
1.87950000 -3.04983478
1.88000000 -3.05803639
1.88050000 -3.06583361
1.88100000 -3.06340730
1.88150000 -3.05774474
1.88200000 -3.06081776
1.88250000 -3.07049819
1.88300000 -3.07319355
1.88350000 -3.07130388
1.88400000 -3.06383541
1.88450000 -3.08205305
1.88500000 -3.07239079
1.88550000 -3.08511521
1.88600000 -3.07587955
1.88650000 -3.07913871
1.88700000 -3.07634520
1.88750000 -3.08040544
1.88800000 -3.07195462
1.88850000 -3.08552906
1.88900000 -3.07830152
1.88950000 -3.08112974
1.89000000 -3.07990988
1.89050000 -3.07670369
1.89100000 -3.07038346
1.89150000 -3.07363180
1.89200000 -3.07895330
1.89250000 -3.08221065
1.89300000 -3.07575816
1.89350000 -3.07805730
1.89400000 -3.07888082
1.89450000 -3.07950910
1.89500000 -3.07407405
1.89550000 -3.07920564
1.89600000 -3.07697745
1.89650000 -3.06221185
1.89700000 -3.06469216
1.89750000 -3.06592585
1.89800000 -3.06352684
1.89850000 -3.07040257
1.89900000 -3.05089091
1.89950000 -3.05308403
1.90000000 -3.06227772
1.90050000 -3.05620994
1.90100000 -3.05702573
1.90150000 -3.05106314
1.90200000 -3.04921494
1.90250000 -3.05018102
1.90300000 -3.04843072
1.90350000 -3.04571364
1.90400000 -3.03365825
1.90450000 -3.03121303
1.90500000 -3.02979854
1.90550000 -3.03492789
1.90600000 -3.02339628
1.90650000 -3.02812383
1.90700000 -3.01880660
1.90750000 -3.01673175
1.90800000 -3.01377913
1.90850000 -3.01510775
1.90900000 -3.01495042
1.90950000 -3.00115958
1.91000000 -2.99702769
1.91050000 -2.99386506
1.91100000 -2.99134232
1.91150000 -2.98938484
1.91200000 -2.99192673
1.91250000 -2.98590746
1.91300000 -2.99176936
1.91350000 -2.97713936
1.91400000 -2.98355307
1.91450000 -2.96870806
1.91500000 -2.97588902
1.91550000 -2.96785705
1.91600000 -2.96433853
1.91650000 -2.96920697
1.91700000 -2.96307635
1.91750000 -2.95425128
1.91800000 -2.96161504
1.91850000 -2.96045053
1.91900000 -2.94171543
1.91950000 -2.95392833
1.92000000 -2.94339737
1.92050000 -2.94900559
1.92100000 -2.94301229
1.92150000 -2.94589333
1.92200000 -2.94296265
1.92250000 -2.93651500
1.92300000 -2.93229477
1.92350000 -2.92127091
1.92400000 -2.93211571
1.92450000 -2.94230810
1.92500000 -2.91792449
1.92550000 -2.93073806
1.92600000 -2.93155184
1.92650000 -2.93327950
1.92700000 -2.93191211
1.92750000 -2.92498284
1.92800000 -2.91714766
1.92850000 -2.92452172
1.92900000 -2.92997584
1.92950000 -2.92969306
1.93000000 -2.92972865
1.93050000 -2.91884035
1.93100000 -2.91962356
1.93150000 -2.92714493
1.93200000 -2.91407561
1.93250000 -2.93056743
1.93300000 -2.92035644
1.93350000 -2.92703553
1.93400000 -2.93134705
1.93450000 -2.93188341
1.93500000 -2.92941032
1.93550000 -2.92622048
1.93600000 -2.93192875
1.93650000 -2.93428758
1.93700000 -2.92771957
1.93750000 -2.93273969
1.93800000 -2.94465316
1.93850000 -2.93665156
1.93900000 -2.93732464
1.93950000 -2.94201637
1.94000000 -2.93916378
1.94050000 -2.93894661
1.94100000 -2.94641850
1.94150000 -2.94451186
1.94200000 -2.95467238
1.94250000 -2.95765752
1.94300000 -2.96139901
1.94350000 -2.96798446
1.94400000 -2.96264220
1.94450000 -2.96954360
1.94500000 -2.96795936
1.94550000 -2.98380112
1.94600000 -2.97370799
1.94650000 -2.96913208
1.94700000 -2.97703646
1.94750000 -2.98501204
1.94800000 -2.99389248
1.94850000 -2.99915848
1.94900000 -2.99866526
1.94950000 -2.99651007
1.95000000 -3.00802348
1.95050000 -3.00565505
1.95100000 -3.01132427
1.95150000 -3.00771659
1.95200000 -3.01432757
1.95250000 -3.02640128
1.95300000 -3.02730442
1.95350000 -3.01740542
1.95400000 -3.02871145
1.95450000 -3.02800533
1.95500000 -3.03549033
1.95550000 -3.03564518
1.95600000 -3.04251549
1.95650000 -3.04229602
1.95700000 -3.05122080
1.95750000 -3.05856325
1.95800000 -3.05209806
1.95850000 -3.06727214
1.95900000 -3.06976419
1.95950000 -3.07854177
1.96000000 -3.06685001
1.96050000 -3.07834285
1.96100000 -3.08566368
1.96150000 -3.07630081
1.96200000 -3.08159218
1.96250000 -3.09032509
1.96300000 -3.09411642
1.96350000 -3.10572474
1.96400000 -3.10804944
1.96450000 -3.10173952
1.96500000 -3.10236368
1.96550000 -3.11076429
1.96600000 -3.11699896
1.96650000 -3.11474369
1.96700000 -3.11732465
1.96750000 -3.12521992
1.96800000 -3.12317554
1.96850000 -3.12750815
1.96900000 -3.12051423
1.96950000 -3.13978511
1.97000000 -3.13468095
1.97050000 -3.13674999
1.97100000 -3.14195329
1.97150000 -3.14652494
1.97200000 -3.15270552
1.97250000 -3.14565257
1.97300000 -3.14762311
1.97350000 -3.15976508
1.97400000 -3.14627199
1.97450000 -3.15230763
1.97500000 -3.16060983
1.97550000 -3.15631037
1.97600000 -3.17116060
1.97650000 -3.16378387
1.97700000 -3.16484867
1.97750000 -3.16438606
1.97800000 -3.16791603
1.97850000 -3.16639170
1.97900000 -3.18168030
1.97950000 -3.17420522
1.98000000 -3.18443055
1.98050000 -3.18296284
1.98100000 -3.17659226
1.98150000 -3.18803643
1.98200000 -3.17506939
1.98250000 -3.16980650
1.98300000 -3.19923165
1.98350000 -3.18064465
1.98400000 -3.18687432
1.98450000 -3.19570739
1.98500000 -3.19493119
1.98550000 -3.19269213
1.98600000 -3.20035698
1.98650000 -3.19478406
1.98700000 -3.19160402
1.98750000 -3.19698868
1.98800000 -3.20101887
1.98850000 -3.20088823
1.98900000 -3.19777745
1.98950000 -3.19765238
1.99000000 -3.19154016
1.99050000 -3.20522921
1.99100000 -3.20337830
1.99150000 -3.20525886
1.99200000 -3.20705408
1.99250000 -3.19883432
1.99300000 -3.20658461
1.99350000 -3.20657096
1.99400000 -3.20007215
1.99450000 -3.21770131
1.99500000 -3.21238117
1.99550000 -3.20901796
1.99600000 -3.20760646
1.99650000 -3.20766580
1.99700000 -3.20839144
1.99750000 -3.21028680
1.99800000 -3.21720102
1.99850000 -3.20690407
1.99900000 -3.20505971
1.99950000 -3.20973068
2.00000000 -3.20821063
2.00050000 -3.21030405
2.00100000 -3.19867034
2.00150000 -3.21216257
2.00200000 -3.20721702
2.00250000 -3.20811214
2.00300000 -3.21304744
2.00350000 -3.20873038
2.00400000 -3.20054009
2.00450000 -3.21219314
2.00500000 -3.19345062
2.00550000 -3.20923993
2.00600000 -3.20362087
2.00650000 -3.20530270
2.00700000 -3.20511677
2.00750000 -3.19988380
2.00800000 -3.20719411
2.00850000 -3.20736726
2.00900000 -3.21215615
2.00950000 -3.20345231
2.01000000 -3.19819297
2.01050000 -3.20353620
2.01100000 -3.20498424
2.01150000 -3.20022128
2.01200000 -3.20791906
2.01250000 -3.20260848
2.01300000 -3.21070646
2.01350000 -3.19804911
2.01400000 -3.20511733
2.01450000 -3.20590559
2.01500000 -3.19471401
2.01550000 -3.19439588
2.01600000 -3.19428591
2.01650000 -3.19439818
2.01700000 -3.18931581
2.01750000 -3.19882489
2.01800000 -3.20021519
2.01850000 -3.19875513
2.01900000 -3.20021834
2.01950000 -3.19657582
2.02000000 -3.19534818
2.02050000 -3.19740597
2.02100000 -3.19404304
2.02150000 -3.19464816
2.02200000 -3.18543966
2.02250000 -3.19472128
2.02300000 -3.19944467
2.02350000 -3.19091794
2.02400000 -3.18687332
2.02450000 -3.19233461
2.02500000 -3.18587030
2.02550000 -3.18578494
2.02600000 -3.18531810
2.02650000 -3.18893317
2.02700000 -3.18680366
2.02750000 -3.18412638
2.02800000 -3.19679414
2.02850000 -3.18807222
2.02900000 -3.19321908
2.02950000 -3.19005073
2.03000000 -3.19211991
2.03050000 -3.18672118
2.03100000 -3.20076235
2.03150000 -3.19082360
2.03200000 -3.19168485
2.03250000 -3.20234507
2.03300000 -3.19484718
2.03350000 -3.18689314
2.03400000 -3.19378445
2.03450000 -3.18858577
2.03500000 -3.19695092
2.03550000 -3.20183583
2.03600000 -3.18808299
2.03650000 -3.19448713
2.03700000 -3.19433331
2.03750000 -3.19296077
2.03800000 -3.19636647
2.03850000 -3.19762522
2.03900000 -3.19341350
2.03950000 -3.19450515
2.04000000 -3.19194836
2.04050000 -3.19806889
2.04100000 -3.19691275
2.04150000 -3.20494669
2.04200000 -3.19870550
2.04250000 -3.20878994
2.04300000 -3.19484835
2.04350000 -3.19977458
2.04400000 -3.20181993
2.04450000 -3.20327473
2.04500000 -3.20974976
2.04550000 -3.21206940
2.04600000 -3.19890567
2.04650000 -3.21421883
2.04700000 -3.21240430
2.04750000 -3.21782011
2.04800000 -3.21679795
2.04850000 -3.21173547
2.04900000 -3.20800841
2.04950000 -3.21606438
2.05000000 -3.21223976
2.05050000 -3.22039026
2.05100000 -3.22098287
2.05150000 -3.22286270
2.05200000 -3.22958570
2.05250000 -3.22719053
2.05300000 -3.22676815
2.05350000 -3.22406604
2.05400000 -3.22829320
2.05450000 -3.22514425
2.05500000 -3.22999803
2.05550000 -3.23169726
2.05600000 -3.24036056
2.05650000 -3.23046092
2.05700000 -3.24517633
2.05750000 -3.23382388
2.05800000 -3.23860287
2.05850000 -3.24260750
2.05900000 -3.23934285
2.05950000 -3.23938108
2.06000000 -3.24221216
2.06050000 -3.24356002
2.06100000 -3.24711502
2.06150000 -3.24775363
2.06200000 -3.25737776
2.06250000 -3.24959798
2.06300000 -3.24936716
2.06350000 -3.26089602
2.06400000 -3.26017351
2.06450000 -3.26035152
2.06500000 -3.27297363
2.06550000 -3.26072715
2.06600000 -3.26815521
2.06650000 -3.25798826
2.06700000 -3.26672391
2.06750000 -3.26768056
2.06800000 -3.26156128
2.06850000 -3.27502397
2.06900000 -3.27670319
2.06950000 -3.27220465
2.07000000 -3.27904252
2.07050000 -3.28917140
2.07100000 -3.29059890
2.07150000 -3.28373976
2.07200000 -3.28703199
2.07250000 -3.28196485
2.07300000 -3.28562281
2.07350000 -3.30095428
2.07400000 -3.29673940
2.07450000 -3.30394282
2.07500000 -3.29044827
2.07550000 -3.29979652
2.07600000 -3.29877310
2.07650000 -3.30279665
2.07700000 -3.30608716
2.07750000 -3.30546684
2.07800000 -3.31234532
2.07850000 -3.31373634
2.07900000 -3.31075223
2.07950000 -3.31931104
2.08000000 -3.31661737
2.08050000 -3.31482861
2.08100000 -3.31808847
2.08150000 -3.32114087
2.08200000 -3.32598099
2.08250000 -3.31158826
2.08300000 -3.31868886
2.08350000 -3.33439988
2.08400000 -3.33235536
2.08450000 -3.33473272
2.08500000 -3.32709177
2.08550000 -3.33172594
2.08600000 -3.33034285
2.08650000 -3.33731435
2.08700000 -3.33305321
2.08750000 -3.34117326
2.08800000 -3.34245670
2.08850000 -3.34454190
2.08900000 -3.34911679
2.08950000 -3.35002661
2.09000000 -3.35644509
2.09050000 -3.34283970
2.09100000 -3.36236119
2.09150000 -3.34825873
2.09200000 -3.36836887
2.09250000 -3.36640437
2.09300000 -3.36250491
2.09350000 -3.36148106
2.09400000 -3.36260786
2.09450000 -3.37308974
2.09500000 -3.37077535
2.09550000 -3.38190576
2.09600000 -3.38351835
2.09650000 -3.37404216
2.09700000 -3.37505738
2.09750000 -3.38224729
2.09800000 -3.38126232
2.09850000 -3.39049509
2.09900000 -3.38122857
2.09950000 -3.38698120
2.10000000 -3.39324180
2.10050000 -3.39634423
2.10100000 -3.39563427
2.10150000 -3.40111033
2.10200000 -3.40031438
2.10250000 -3.40352868
2.10300000 -3.40763366
2.10350000 -3.40556676
2.10400000 -3.40914199
2.10450000 -3.41192745
2.10500000 -3.40944892
2.10550000 -3.41391420
2.10600000 -3.41188806
2.10650000 -3.41112513
2.10700000 -3.41942994
2.10750000 -3.41789288
2.10800000 -3.42072190
2.10850000 -3.41316017
2.10900000 -3.42190371
2.10950000 -3.43043556
2.11000000 -3.43408693
2.11050000 -3.42234215
2.11100000 -3.43107611
2.11150000 -3.43340859
2.11200000 -3.43594549
2.11250000 -3.44096268
2.11300000 -3.43809630
2.11350000 -3.43078164
2.11400000 -3.44435218
2.11450000 -3.45046821
2.11500000 -3.45247114
2.11550000 -3.44409557
2.11600000 -3.45300163
2.11650000 -3.45213267
2.11700000 -3.43674528
2.11750000 -3.46597465
2.11800000 -3.44930794
2.11850000 -3.45521984
2.11900000 -3.46294678
2.11950000 -3.45215680
2.12000000 -3.46245425
2.12050000 -3.45839616
2.12100000 -3.47084442
2.12150000 -3.47252052
2.12200000 -3.47258723
2.12250000 -3.46677294
2.12300000 -3.47722357
2.12350000 -3.47318402
2.12400000 -3.47368695
2.12450000 -3.47194909
2.12500000 -3.48503715
2.12550000 -3.47982491
2.12600000 -3.48626440
2.12650000 -3.49362391
2.12700000 -3.49073519
2.12750000 -3.49188512
2.12800000 -3.49449535
2.12850000 -3.48630366
2.12900000 -3.49043328
2.12950000 -3.50050630
2.13000000 -3.48251549
2.13050000 -3.50451276
2.13100000 -3.50390174
2.13150000 -3.49362537
2.13200000 -3.50054638
2.13250000 -3.50148100
2.13300000 -3.50532996
2.13350000 -3.50795267
2.13400000 -3.50352283
2.13450000 -3.49873429
2.13500000 -3.50316390
2.13550000 -3.50708485
2.13600000 -3.50527592
2.13650000 -3.50441158
2.13700000 -3.50365310
2.13750000 -3.50514332
2.13800000 -3.50983743
2.13850000 -3.50369620
2.13900000 -3.50970015
2.13950000 -3.51428203
2.14000000 -3.51869580
2.14050000 -3.51738577
2.14100000 -3.51875354
2.14150000 -3.52485432
2.14200000 -3.51863778
2.14250000 -3.51380983
2.14300000 -3.52077501
2.14350000 -3.52383238
2.14400000 -3.52720122
2.14450000 -3.52234305
2.14500000 -3.53079977
2.14550000 -3.52331796
2.14600000 -3.52769643
2.14650000 -3.52615189
2.14700000 -3.53131444
2.14750000 -3.51867637
2.14800000 -3.52568907
2.14850000 -3.52839576
2.14900000 -3.52946045
2.14950000 -3.53116691
2.15000000 -3.53518103
2.15050000 -3.52741958
2.15100000 -3.53362187
2.15150000 -3.52693911
2.15200000 -3.53591858
2.15250000 -3.54241676
2.15300000 -3.53864361
2.15350000 -3.53234335
2.15400000 -3.54438218
2.15450000 -3.53245643
2.15500000 -3.54163378
2.15550000 -3.53543060
2.15600000 -3.53596171
2.15650000 -3.54055233
2.15700000 -3.53720863
2.15750000 -3.54274496
2.15800000 -3.54568476
2.15850000 -3.55484907
2.15900000 -3.54350735
2.15950000 -3.54350704
2.16000000 -3.56017796
2.16050000 -3.55880046
2.16100000 -3.54601380
2.16150000 -3.55786309
2.16200000 -3.55943361
2.16250000 -3.56110023
2.16300000 -3.54632748
2.16350000 -3.56044873
2.16400000 -3.56255252
2.16450000 -3.55920940
2.16500000 -3.55732145
2.16550000 -3.55020296
2.16600000 -3.55671651
2.16650000 -3.55925242
2.16700000 -3.57016893
2.16750000 -3.57213880
2.16800000 -3.56583779
2.16850000 -3.56135539
2.16900000 -3.57131453
2.16950000 -3.56989049
2.17000000 -3.56657683
2.17050000 -3.57151112
2.17100000 -3.57398806
2.17150000 -3.57607466
2.17200000 -3.58484244
2.17250000 -3.57768065
2.17300000 -3.58402320
2.17350000 -3.58767700
2.17400000 -3.57992643
2.17450000 -3.57347301
2.17500000 -3.57717299
2.17550000 -3.57998546
2.17600000 -3.58693724
2.17650000 -3.59543622
2.17700000 -3.59278641
2.17750000 -3.59252658
2.17800000 -3.58692406
2.17850000 -3.59048777
2.17900000 -3.59445357
2.17950000 -3.59633033
2.18000000 -3.60689365
2.18050000 -3.60645240
2.18100000 -3.60499631
2.18150000 -3.61226059
2.18200000 -3.60656810
2.18250000 -3.61032061
2.18300000 -3.61476054
2.18350000 -3.62093547
2.18400000 -3.61788774
2.18450000 -3.61616676
2.18500000 -3.62208314
2.18550000 -3.62148881
2.18600000 -3.62230773
2.18650000 -3.63266774
2.18700000 -3.63300280
2.18750000 -3.63649227
2.18800000 -3.63200711
2.18850000 -3.64561692
2.18900000 -3.64373684
2.18950000 -3.64634491
2.19000000 -3.64668114
2.19050000 -3.65848372
2.19100000 -3.65675595
2.19150000 -3.65434454
2.19200000 -3.65050930
2.19250000 -3.65538108
2.19300000 -3.65558602
2.19350000 -3.65837916
2.19400000 -3.66008198
2.19450000 -3.67008605
2.19500000 -3.67870769
2.19550000 -3.67535338
2.19600000 -3.66813220
2.19650000 -3.68823627
2.19700000 -3.67966052
2.19750000 -3.67607574
2.19800000 -3.68560395
2.19850000 -3.69692631
2.19900000 -3.70241201
2.19950000 -3.70194143
2.20000000 -3.70455796
2.20050000 -3.70925932
2.20100000 -3.70809998
2.20150000 -3.71161243
2.20200000 -3.72532886
2.20250000 -3.72275938
2.20300000 -3.72212352
2.20350000 -3.72851530
2.20400000 -3.72050341
2.20450000 -3.73179786
2.20500000 -3.73914605
2.20550000 -3.72959468
2.20600000 -3.74308947
2.20650000 -3.74098235
2.20700000 -3.74639721
2.20750000 -3.75884426
2.20800000 -3.74410164
2.20850000 -3.76605498
2.20900000 -3.74867478
2.20950000 -3.76308188
2.21000000 -3.76463351
2.21050000 -3.77841427
2.21100000 -3.76874609
2.21150000 -3.79087604
2.21200000 -3.78463140
2.21250000 -3.77835642
2.21300000 -3.78180418
2.21350000 -3.79307391
2.21400000 -3.79516730
2.21450000 -3.79036403
2.21500000 -3.80272299
2.21550000 -3.80421181
2.21600000 -3.79945899
2.21650000 -3.80493754
2.21700000 -3.80986513
2.21750000 -3.81690941
2.21800000 -3.82635923
2.21850000 -3.82235378
2.21900000 -3.83816119
2.21950000 -3.82774894
2.22000000 -3.82989690
2.22050000 -3.82765660
2.22100000 -3.82954880
2.22150000 -3.84457794
2.22200000 -3.85069162
2.22250000 -3.84516258
2.22300000 -3.84501504
2.22350000 -3.86201899
2.22400000 -3.85061775
2.22450000 -3.85025999
2.22500000 -3.86572824
2.22550000 -3.86847833
2.22600000 -3.87492704
2.22650000 -3.87149231
2.22700000 -3.88795494
2.22750000 -3.87947990
2.22800000 -3.87942475
2.22850000 -3.89617027
2.22900000 -3.89279621
2.22950000 -3.89390238
2.23000000 -3.89506180
2.23050000 -3.88463556
2.23100000 -3.89475938
2.23150000 -3.89436398
2.23200000 -3.90342462
2.23250000 -3.90410542
2.23300000 -3.89906687
2.23350000 -3.90613373
2.23400000 -3.90453385
2.23450000 -3.91860218
2.23500000 -3.91256463
2.23550000 -3.91853010
2.23600000 -3.92503840
2.23650000 -3.92579788
2.23700000 -3.91551325
2.23750000 -3.92983368
2.23800000 -3.92917806
2.23850000 -3.93667924
2.23900000 -3.92711234
2.23950000 -3.94024240
2.24000000 -3.93721541
2.24050000 -3.93699889
2.24100000 -3.93410006
2.24150000 -3.93700275
2.24200000 -3.94882991
2.24250000 -3.94686057
2.24300000 -3.94335155
2.24350000 -3.94881744
2.24400000 -3.94671050
2.24450000 -3.94759442
2.24500000 -3.96137884
2.24550000 -3.95624626
2.24600000 -3.95855345
2.24650000 -3.95404451
2.24700000 -3.96862643
2.24750000 -3.96561131
2.24800000 -3.95474472
2.24850000 -3.96412066
2.24900000 -3.95418876
2.24950000 -3.95914330
2.25000000 -3.96276584
2.25050000 -3.96631743
2.25100000 -3.96603990
2.25150000 -3.96810586
2.25200000 -3.97220407
2.25250000 -3.97240310
2.25300000 -3.98080821
2.25350000 -3.97167576
2.25400000 -3.97652393
2.25450000 -3.98082324
2.25500000 -3.98198574
2.25550000 -3.99354131
2.25600000 -3.96983124
2.25650000 -3.99044066
2.25700000 -3.98253606
2.25750000 -3.99341449
2.25800000 -3.98092332
2.25850000 -3.99559592
2.25900000 -3.99582396
2.25950000 -3.98878779
2.26000000 -3.98418329
2.26050000 -3.99613550
2.26100000 -3.99266246
2.26150000 -3.99092002
2.26200000 -3.99147207
2.26250000 -3.99255713
2.26300000 -3.99433509
2.26350000 -3.99559869
2.26400000 -4.00066201
2.26450000 -4.00087121
2.26500000 -3.99087017
2.26550000 -3.99901862
2.26600000 -4.00568677
2.26650000 -4.00264163
2.26700000 -3.99873749
2.26750000 -3.99660537
2.26800000 -4.01247036
2.26850000 -4.00456611
2.26900000 -4.00791968
2.26950000 -4.00893682
2.27000000 -4.00863207
2.27050000 -4.01364193
2.27100000 -4.01955841
2.27150000 -4.00628065
2.27200000 -4.01379348
2.27250000 -4.01300538
2.27300000 -4.01169261
2.27350000 -4.01216987
2.27400000 -4.01203542
2.27450000 -4.01385579
2.27500000 -4.01950890
2.27550000 -4.02449014
2.27600000 -4.02597756
2.27650000 -4.02528851
2.27700000 -4.02901565
2.27750000 -4.02431721
2.27800000 -4.02916451
2.27850000 -4.03125546
2.27900000 -4.02037424
2.27950000 -4.03442257
2.28000000 -4.03017593
2.28050000 -4.02833095
2.28100000 -4.03353493
2.28150000 -4.03403289
2.28200000 -4.04311693
2.28250000 -4.04621356
2.28300000 -4.04090752
2.28350000 -4.04838332
2.28400000 -4.04411847
2.28450000 -4.04569782
2.28500000 -4.05205156
2.28550000 -4.05526940
2.28600000 -4.05185327
2.28650000 -4.05227475
2.28700000 -4.05460388
2.28750000 -4.06101562
2.28800000 -4.05953314
2.28850000 -4.06206086
2.28900000 -4.06539584
2.28950000 -4.06982633
2.29000000 -4.07132928
2.29050000 -4.08506912
2.29100000 -4.07536454
2.29150000 -4.09168396
2.29200000 -4.07961733
2.29250000 -4.08498226
2.29300000 -4.08364811
2.29350000 -4.09011750
2.29400000 -4.09712176
2.29450000 -4.09759492
2.29500000 -4.09775312
2.29550000 -4.09666255
2.29600000 -4.09788384
2.29650000 -4.10895757
2.29700000 -4.11008258
2.29750000 -4.10812319
2.29800000 -4.10382317
2.29850000 -4.12101538
2.29900000 -4.12420039
2.29950000 -4.12796989
2.30000000 -4.11408796
2.30050000 -4.13178616
2.30100000 -4.13417747
2.30150000 -4.13968819
2.30200000 -4.13545447
2.30250000 -4.14765660
2.30300000 -4.12592711
2.30350000 -4.14999893
2.30400000 -4.15395048
2.30450000 -4.15792201
2.30500000 -4.16169942
2.30550000 -4.15802543
2.30600000 -4.17762470
2.30650000 -4.15770276
2.30700000 -4.16851403
2.30750000 -4.17193266
2.30800000 -4.18169544
2.30850000 -4.18281123
2.30900000 -4.18462623
2.30950000 -4.19154452
2.31000000 -4.18963545
2.31050000 -4.20096409
2.31100000 -4.18622508
2.31150000 -4.20787635
2.31200000 -4.20423615
2.31250000 -4.20617686
2.31300000 -4.22298313
2.31350000 -4.21168509
2.31400000 -4.21550498
2.31450000 -4.22953870
2.31500000 -4.21854775
2.31550000 -4.22768749
2.31600000 -4.24016108
2.31650000 -4.24019261
2.31700000 -4.25795133
2.31750000 -4.23620235
2.31800000 -4.25637752
2.31850000 -4.26388654
2.31900000 -4.26216493
2.31950000 -4.26060081
2.32000000 -4.26461351
2.32050000 -4.27405152
2.32100000 -4.26741890
2.32150000 -4.27945571
2.32200000 -4.28789083
2.32250000 -4.28553751
2.32300000 -4.28889292
2.32350000 -4.28992550
2.32400000 -4.29392862
2.32450000 -4.29765573
2.32500000 -4.30307497
2.32550000 -4.30062216
2.32600000 -4.32003565
2.32650000 -4.31713067
2.32700000 -4.33124323
2.32750000 -4.32000215
2.32800000 -4.32718968
2.32850000 -4.32606478
2.32900000 -4.34259670
2.32950000 -4.33145672
2.33000000 -4.34268925
2.33050000 -4.34635976
2.33100000 -4.34572899
2.33150000 -4.34431771
2.33200000 -4.34585233
2.33250000 -4.35791896
2.33300000 -4.36359240
2.33350000 -4.37013589
2.33400000 -4.36005889
2.33450000 -4.36788050
2.33500000 -4.37144408
2.33550000 -4.37979136
2.33600000 -4.38110617
2.33650000 -4.37703167
2.33700000 -4.39156080
2.33750000 -4.38850122
2.33800000 -4.38717484
2.33850000 -4.39543083
2.33900000 -4.39271763
2.33950000 -4.39750341
2.34000000 -4.39809025
2.34050000 -4.40740351
2.34100000 -4.40754956
2.34150000 -4.40610890
2.34200000 -4.41479686
2.34250000 -4.40969069
2.34300000 -4.41762512
2.34350000 -4.43045496
2.34400000 -4.42879783
2.34450000 -4.43041083
2.34500000 -4.42959712
2.34550000 -4.43470580
2.34600000 -4.44513539
2.34650000 -4.42889439
2.34700000 -4.43411833
2.34750000 -4.44560069
2.34800000 -4.44632836
2.34850000 -4.44942546
2.34900000 -4.45104164
2.34950000 -4.45112452
2.35000000 -4.44332716
2.35050000 -4.45244387
2.35100000 -4.46092906
2.35150000 -4.46832487
2.35200000 -4.44546216
2.35250000 -4.46373586
2.35300000 -4.46025512
2.35350000 -4.46548076
2.35400000 -4.47193242
2.35450000 -4.46787222
2.35500000 -4.46727007
2.35550000 -4.47713523
2.35600000 -4.47181381
2.35650000 -4.48169309
2.35700000 -4.47558031
2.35750000 -4.47911979
2.35800000 -4.48354889
2.35850000 -4.47999222
2.35900000 -4.47860862
2.35950000 -4.49062137
2.36000000 -4.48839536
2.36050000 -4.48382598
2.36100000 -4.48787187
2.36150000 -4.49930225
2.36200000 -4.48695197
2.36250000 -4.50124730
2.36300000 -4.48699764
2.36350000 -4.48942550
2.36400000 -4.49370026
2.36450000 -4.49617622
2.36500000 -4.49725160
2.36550000 -4.50516877
2.36600000 -4.50081249
2.36650000 -4.50428994
2.36700000 -4.50248991
2.36750000 -4.50743868
2.36800000 -4.50621088
2.36850000 -4.51043561
2.36900000 -4.50769623
2.36950000 -4.52506873
2.37000000 -4.51156717
2.37050000 -4.51454219
2.37100000 -4.50904099
2.37150000 -4.51282745
2.37200000 -4.51420132
2.37250000 -4.51192140
2.37300000 -4.52860234
2.37350000 -4.52083041
2.37400000 -4.51772928
2.37450000 -4.52609090
2.37500000 -4.52663691
2.37550000 -4.52832432
2.37600000 -4.51783462
2.37650000 -4.52399408
2.37700000 -4.52893459
2.37750000 -4.53064048
2.37800000 -4.52651348
2.37850000 -4.52193823
2.37900000 -4.52540105
2.37950000 -4.52642179
2.38000000 -4.53056194
2.38050000 -4.52631141
2.38100000 -4.53005773
2.38150000 -4.53522158
2.38200000 -4.53768003
2.38250000 -4.53360401
2.38300000 -4.54424462
2.38350000 -4.54123703
2.38400000 -4.53962981
2.38450000 -4.53375350
2.38500000 -4.53483625
2.38550000 -4.52995583
2.38600000 -4.53765987
2.38650000 -4.53812103
2.38700000 -4.54171477
2.38750000 -4.55123213
2.38800000 -4.54679551
2.38850000 -4.55172636
2.38900000 -4.53829091
2.38950000 -4.54907815
2.39000000 -4.54418579
2.39050000 -4.55863460
2.39100000 -4.55220540
2.39150000 -4.55619169
2.39200000 -4.55837678
2.39250000 -4.55939148
2.39300000 -4.56304322
2.39350000 -4.56146913
2.39400000 -4.56407308
2.39450000 -4.57297900
2.39500000 -4.56602696
2.39550000 -4.57334493
2.39600000 -4.58661368
2.39650000 -4.57138331
2.39700000 -4.58158702
2.39750000 -4.57969883
2.39800000 -4.58721251
2.39850000 -4.57911527
2.39900000 -4.58656805
2.39950000 -4.59268037
2.40000000 -4.58419526
2.40050000 -4.58774362
2.40100000 -4.60535373
2.40150000 -4.58892820
2.40200000 -4.59151474
2.40250000 -4.59153624
2.40300000 -4.60616745
2.40350000 -4.59914704
2.40400000 -4.60409972
2.40450000 -4.61477878
2.40500000 -4.60733865
2.40550000 -4.60536426
2.40600000 -4.61189849
2.40650000 -4.61848498
2.40700000 -4.60573146
2.40750000 -4.61724617
2.40800000 -4.62381111
2.40850000 -4.62905520
2.40900000 -4.62335921
2.40950000 -4.63304595
2.41000000 -4.64180102
2.41050000 -4.63360443
2.41100000 -4.62769038
2.41150000 -4.64638584
2.41200000 -4.66071217
2.41250000 -4.66846178
2.41300000 -4.65245357
2.41350000 -4.66070614
2.41400000 -4.66005294
2.41450000 -4.65799507
2.41500000 -4.66779687
2.41550000 -4.67512423
2.41600000 -4.67247061
2.41650000 -4.67870153
2.41700000 -4.67052504
2.41750000 -4.67671930
2.41800000 -4.67918336
2.41850000 -4.68984327
2.41900000 -4.69175797
2.41950000 -4.70035492
2.42000000 -4.69538986
2.42050000 -4.70989398
2.42100000 -4.70230069
2.42150000 -4.71291789
2.42200000 -4.70628340
2.42250000 -4.71185736
2.42300000 -4.71629256
2.42350000 -4.72948475
2.42400000 -4.73108777
2.42450000 -4.73347329
2.42500000 -4.73458411
2.42550000 -4.74413581
2.42600000 -4.74651710
2.42650000 -4.74124793
2.42700000 -4.74361980
2.42750000 -4.73940981
2.42800000 -4.75765606
2.42850000 -4.75258033
2.42900000 -4.76622663
2.42950000 -4.76826528
2.43000000 -4.76916922
2.43050000 -4.76854563
2.43100000 -4.77229597
2.43150000 -4.78020676
2.43200000 -4.79175622
2.43250000 -4.79485593
2.43300000 -4.80128039
2.43350000 -4.80159341
2.43400000 -4.80115074
2.43450000 -4.79744748
2.43500000 -4.81011334
2.43550000 -4.81021996
2.43600000 -4.80778356
2.43650000 -4.81886864
2.43700000 -4.82292391
2.43750000 -4.82680054
2.43800000 -4.82794161
2.43850000 -4.82957137
2.43900000 -4.82417854
2.43950000 -4.82601203
2.44000000 -4.83536731
2.44050000 -4.84537891
2.44100000 -4.84978651
2.44150000 -4.85202732
2.44200000 -4.84956396
2.44250000 -4.85576582
2.44300000 -4.85975218
2.44350000 -4.86873874
2.44400000 -4.86433010
2.44450000 -4.87203414
2.44500000 -4.86191380
2.44550000 -4.86188616
2.44600000 -4.86290702
2.44650000 -4.88037237
2.44700000 -4.88852760
2.44750000 -4.88271788
2.44800000 -4.87964748
2.44850000 -4.89611574
2.44900000 -4.89047640
2.44950000 -4.89385757
2.45000000 -4.90004891
2.45050000 -4.90636856
2.45100000 -4.90394992
2.45150000 -4.90553953
2.45200000 -4.90269465
2.45250000 -4.90482445
2.45300000 -4.90895907
2.45350000 -4.91496635
2.45400000 -4.90893869
2.45450000 -4.91088776
2.45500000 -4.92401134
2.45550000 -4.92947927
2.45600000 -4.92904309
2.45650000 -4.92011095
2.45700000 -4.93647725
2.45750000 -4.93991501
2.45800000 -4.92951951
2.45850000 -4.94343018
2.45900000 -4.94536655
2.45950000 -4.95421690
2.46000000 -4.94146190
2.46050000 -4.95486705
2.46100000 -4.96071328
2.46150000 -4.96208679
2.46200000 -4.95242319
2.46250000 -4.95864764
2.46300000 -4.95709475
2.46350000 -4.95901608
2.46400000 -4.95758558
2.46450000 -4.97123360
2.46500000 -4.97220854
2.46550000 -4.96474380
2.46600000 -4.95748569
2.46650000 -4.97775100
2.46700000 -4.96995413
2.46750000 -4.97090813
2.46800000 -4.97635155
2.46850000 -4.97477696
2.46900000 -4.96670547
2.46950000 -4.97977518
2.47000000 -4.97369341
2.47050000 -4.96680567
2.47100000 -4.97787653
2.47150000 -4.98074439
2.47200000 -4.98675133
2.47250000 -4.98042342
2.47300000 -4.98483918
2.47350000 -4.99727154
2.47400000 -4.98720874
2.47450000 -4.98587779
2.47500000 -4.98976118
2.47550000 -4.99126889
2.47600000 -4.98564679
2.47650000 -4.98955308
2.47700000 -4.99222560
2.47750000 -4.99914202
2.47800000 -5.00166999
2.47850000 -5.00404984
2.47900000 -4.99666561
2.47950000 -4.99157700
2.48000000 -4.99827454
2.48050000 -5.00672017
2.48100000 -4.99311197
2.48150000 -4.99383039
2.48200000 -5.01954709
2.48250000 -4.99222000
2.48300000 -4.98947462
2.48350000 -4.99642090
2.48400000 -4.97970984
2.48450000 -5.00268345
2.48500000 -4.99417444
2.48550000 -4.99817219
2.48600000 -4.98929667
2.48650000 -5.00496852
2.48700000 -4.99497247
2.48750000 -5.00938830
2.48800000 -4.99815545
2.48850000 -5.00064579
2.48900000 -5.01440254
2.48950000 -4.98955332
2.49000000 -4.99600560
2.49050000 -4.98756460
2.49100000 -4.99696924
2.49150000 -4.99374519
2.49200000 -5.01048071
2.49250000 -4.99664841
2.49300000 -5.00386647
2.49350000 -4.98736132
2.49400000 -5.00276907
2.49450000 -4.99923723
2.49500000 -5.00906459
2.49550000 -4.99781132
2.49600000 -5.00414858
2.49650000 -4.99808653
2.49700000 -5.00541476
2.49750000 -5.00741133
2.49800000 -4.99213005
2.49850000 -4.99565918
2.49900000 -5.00632073
2.49950000 -4.99479892
2.50000000 -5.00079595
2.50050000 -5.00104824
2.50100000 -5.02201691
2.50150000 -4.97537489
2.50200000 -4.98920152
2.50250000 -5.02063408
2.50300000 -5.00524044
2.50350000 -5.00060764
2.50400000 -4.99579459
2.50450000 -5.01364102
2.50500000 -5.00447889
2.50550000 -5.01554633
2.50600000 -5.01346091
2.50650000 -5.01657653
2.50700000 -5.00610460
2.50750000 -5.01544353
2.50800000 -5.01496311
2.50850000 -5.01630188
2.50900000 -5.01728162
2.50950000 -5.02258906
2.51000000 -5.03705912
2.51050000 -5.01168501
2.51100000 -5.01963226
2.51150000 -5.01312497
2.51200000 -5.03335502
2.51250000 -5.03186110
2.51300000 -5.03099540
2.51350000 -5.03032221
2.51400000 -5.03482850
2.51450000 -5.02775727
2.51500000 -5.04169787
2.51550000 -5.04692293
2.51600000 -5.03873052
2.51650000 -5.04403269
2.51700000 -5.05251127
2.51750000 -5.04706370
2.51800000 -5.05132431
2.51850000 -5.05357610
2.51900000 -5.05141929
2.51950000 -5.06799628
2.52000000 -5.07136299
2.52050000 -5.06154753
2.52100000 -5.05802609
2.52150000 -5.06384118
2.52200000 -5.07579957
2.52250000 -5.07964879
2.52300000 -5.07818250
2.52350000 -5.07925320
2.52400000 -5.08603038
2.52450000 -5.08237185
2.52500000 -5.07789385
2.52550000 -5.08608505
2.52600000 -5.10249592
2.52650000 -5.09299721
2.52700000 -5.09115521
2.52750000 -5.09406824
2.52800000 -5.11145970
2.52850000 -5.09854522
2.52900000 -5.10382691
2.52950000 -5.11470737
2.53000000 -5.12031350
2.53050000 -5.11600113
2.53100000 -5.11589991
2.53150000 -5.12436704
2.53200000 -5.13593794
2.53250000 -5.12242982
2.53300000 -5.14041165
2.53350000 -5.14633152
2.53400000 -5.13020481
2.53450000 -5.15734051
2.53500000 -5.14099549
2.53550000 -5.13295829
2.53600000 -5.15719696
2.53650000 -5.15516474
2.53700000 -5.16960397
2.53750000 -5.16233811
2.53800000 -5.17459021
2.53850000 -5.15626629
2.53900000 -5.18157254
2.53950000 -5.18597311
2.54000000 -5.16966716
2.54050000 -5.17547733
2.54100000 -5.16946116
2.54150000 -5.18453240
2.54200000 -5.18838365
2.54250000 -5.21232188
2.54300000 -5.19182448
2.54350000 -5.19813849
2.54400000 -5.20824366
2.54450000 -5.20788857
2.54500000 -5.21321696
2.54550000 -5.20755360
2.54600000 -5.21619317
2.54650000 -5.20856351
2.54700000 -5.20669241
2.54750000 -5.22492957
2.54800000 -5.23532027
2.54850000 -5.23982018
2.54900000 -5.24491978
2.54950000 -5.24556427
2.55000000 -5.24083919
2.55050000 -5.25156070
2.55100000 -5.24113745
2.55150000 -5.24702561
2.55200000 -5.25544356
2.55250000 -5.25019316
2.55300000 -5.25677210
2.55350000 -5.27116800
2.55400000 -5.26177726
2.55450000 -5.27916874
2.55500000 -5.26959316
2.55550000 -5.28048538
2.55600000 -5.28013756
2.55650000 -5.27811828
2.55700000 -5.28523243
2.55750000 -5.29656970
2.55800000 -5.29650096
2.55850000 -5.29852469
2.55900000 -5.31940745
2.55950000 -5.31522438
2.56000000 -5.30034557
2.56050000 -5.29793465
2.56100000 -5.31501437
2.56150000 -5.31198273
2.56200000 -5.31864383
2.56250000 -5.31806925
2.56300000 -5.31019342
2.56350000 -5.33206694
2.56400000 -5.33284973
2.56450000 -5.31858452
2.56500000 -5.34195717
2.56550000 -5.32370263
2.56600000 -5.32291609
2.56650000 -5.32922757
2.56700000 -5.32542629
2.56750000 -5.33171674
2.56800000 -5.33816006
2.56850000 -5.33702933
2.56900000 -5.34417659
2.56950000 -5.34525251
2.57000000 -5.32970567
2.57050000 -5.35437810
2.57100000 -5.34953557
2.57150000 -5.35659923
2.57200000 -5.36229930
2.57250000 -5.34918727
2.57300000 -5.35781621
2.57350000 -5.35631020
2.57400000 -5.35929894
2.57450000 -5.35553625
2.57500000 -5.35005232
2.57550000 -5.36528709
2.57600000 -5.36244866
2.57650000 -5.35053522
2.57700000 -5.36106949
2.57750000 -5.35255602
2.57800000 -5.35920232
2.57850000 -5.37101936
2.57900000 -5.37433174
2.57950000 -5.36144045
2.58000000 -5.37023689
2.58050000 -5.35940989
2.58100000 -5.36008040
2.58150000 -5.36990559
2.58200000 -5.32874112
2.58250000 -5.34718117
2.58300000 -5.36085337
2.58350000 -5.34999104
2.58400000 -5.35991767
2.58450000 -5.37425299
2.58500000 -5.36403336
2.58550000 -5.37608736
2.58600000 -5.35192222
2.58650000 -5.34528351
2.58700000 -5.34492291
2.58750000 -5.35007734
2.58800000 -5.36147297
2.58850000 -5.35234685
2.58900000 -5.34682692
2.58950000 -5.34875277
2.59000000 -5.34419207
2.59050000 -5.33520404
2.59100000 -5.35072936
2.59150000 -5.35547745
2.59200000 -5.35578444
2.59250000 -5.34336473
2.59300000 -5.33930314
2.59350000 -5.35810645
2.59400000 -5.34635186
2.59450000 -5.32472950
2.59500000 -5.33043067
2.59550000 -5.34299811
2.59600000 -5.33106784
2.59650000 -5.31310834
2.59700000 -5.30984931
2.59750000 -5.33527016
2.59800000 -5.32015894
2.59850000 -5.31738071
2.59900000 -5.33115866
2.59950000 -5.32816644
2.60000000 -5.32831981
2.60050000 -5.31428445
2.60100000 -5.30191225
2.60150000 -5.32375639
2.60200000 -5.32116174
2.60250000 -5.32002835
2.60300000 -5.31126209
2.60350000 -5.31888322
2.60400000 -5.31909905
2.60450000 -5.30864784
2.60500000 -5.31998101
2.60550000 -5.30781759
2.60600000 -5.30105937
2.60650000 -5.30734795
2.60700000 -5.30837061
2.60750000 -5.31578150
2.60800000 -5.31432142
2.60850000 -5.30584185
2.60900000 -5.29351227
2.60950000 -5.30520770
2.61000000 -5.30862911
2.61050000 -5.30341932
2.61100000 -5.31444591
2.61150000 -5.29957476
2.61200000 -5.30034912
2.61250000 -5.31202767
2.61300000 -5.30536943
2.61350000 -5.29959387
2.61400000 -5.30384192
2.61450000 -5.30405327
2.61500000 -5.30920223
2.61550000 -5.29916031
2.61600000 -5.30668289
2.61650000 -5.31416563
2.61700000 -5.30399931
2.61750000 -5.31041245
2.61800000 -5.31386652
2.61850000 -5.30953318
2.61900000 -5.29769667
2.61950000 -5.29970580
2.62000000 -5.30577107
2.62050000 -5.31839730
2.62100000 -5.32377378
2.62150000 -5.31048861
2.62200000 -5.30582283
2.62250000 -5.33515644
2.62300000 -5.32510604
2.62350000 -5.31389128
2.62400000 -5.31848513
2.62450000 -5.31943087
2.62500000 -5.32767938
2.62550000 -5.34295387
2.62600000 -5.33715318
2.62650000 -5.34899045
2.62700000 -5.32510110
2.62750000 -5.33058620
2.62800000 -5.31393273
2.62850000 -5.33971295
2.62900000 -5.34745304
2.62950000 -5.35465873
2.63000000 -5.33256075
2.63050000 -5.34684478
2.63100000 -5.36095150
2.63150000 -5.37849495
2.63200000 -5.35172064
2.63250000 -5.34008088
2.63300000 -5.37455341
2.63350000 -5.37100246
2.63400000 -5.37166168
2.63450000 -5.36196759
2.63500000 -5.36660978
2.63550000 -5.37405103
2.63600000 -5.38935247
2.63650000 -5.39261406
2.63700000 -5.38649047
2.63750000 -5.39616149
2.63800000 -5.38516392
2.63850000 -5.37716182
2.63900000 -5.40187235
2.63950000 -5.40412589
2.64000000 -5.39946574
2.64050000 -5.38963648
2.64100000 -5.40983904
2.64150000 -5.41109904
2.64200000 -5.41142002
2.64250000 -5.42162436
2.64300000 -5.41127778
2.64350000 -5.41408559
2.64400000 -5.42874106
2.64450000 -5.42767768
2.64500000 -5.43411365
2.64550000 -5.43883918
2.64600000 -5.43910975
2.64650000 -5.43762377
2.64700000 -5.47298290
2.64750000 -5.44942818
2.64800000 -5.44944985
2.64850000 -5.47199149
2.64900000 -5.47016892
2.64950000 -5.46187554
2.65000000 -5.48582875
2.65050000 -5.47807322
2.65100000 -5.49307599
2.65150000 -5.48638238
2.65200000 -5.48979899
2.65250000 -5.48262658
2.65300000 -5.49475834
2.65350000 -5.50794012
2.65400000 -5.50803857
2.65450000 -5.50755957
2.65500000 -5.51354055
2.65550000 -5.50613810
2.65600000 -5.52692245
2.65650000 -5.52509745
2.65700000 -5.52771271
2.65750000 -5.53711652
2.65800000 -5.52799343
2.65850000 -5.54735609
2.65900000 -5.53297855
2.65950000 -5.53718252
2.66000000 -5.54300812
2.66050000 -5.54215296
2.66100000 -5.55576733
2.66150000 -5.55560695
2.66200000 -5.56230136
2.66250000 -5.55678483
2.66300000 -5.56502236
2.66350000 -5.56614290
2.66400000 -5.57065042
2.66450000 -5.57449216
2.66500000 -5.57397934
2.66550000 -5.57851291
2.66600000 -5.58352646
2.66650000 -5.57986103
2.66700000 -5.58270947
2.66750000 -5.59662486
2.66800000 -5.57784975
2.66850000 -5.57989812
2.66900000 -5.58962591
2.66950000 -5.59504231
2.67000000 -5.58121020
2.67050000 -5.60593146
2.67100000 -5.59399103
2.67150000 -5.58862375
2.67200000 -5.61368865
2.67250000 -5.59240217
2.67300000 -5.60234363
2.67350000 -5.59745351
2.67400000 -5.61275422
2.67450000 -5.58712630
2.67500000 -5.60341761
2.67550000 -5.58542388
2.67600000 -5.59846235
2.67650000 -5.60279580
2.67700000 -5.60172806
2.67750000 -5.61586281
2.67800000 -5.62604473
2.67850000 -5.61643956
2.67900000 -5.59624194
2.67950000 -5.60167927
2.68000000 -5.59691089
2.68050000 -5.59423138
2.68100000 -5.60914314
2.68150000 -5.61343620
2.68200000 -5.61731202
2.68250000 -5.60280373
2.68300000 -5.60860437
2.68350000 -5.58258164
2.68400000 -5.60638708
2.68450000 -5.59531748
2.68500000 -5.59165069
2.68550000 -5.58377163
2.68600000 -5.58337940
2.68650000 -5.59101068
2.68700000 -5.60354313
2.68750000 -5.58738694
2.68800000 -5.58560825
2.68850000 -5.57920984
2.68900000 -5.60008434
2.68950000 -5.57569292
2.69000000 -5.58548111
2.69050000 -5.57084096
2.69100000 -5.58222747
2.69150000 -5.57298674
2.69200000 -5.58606941
2.69250000 -5.57248291
2.69300000 -5.56748571
2.69350000 -5.56984113
2.69400000 -5.58913115
2.69450000 -5.55622852
2.69500000 -5.56863713
2.69550000 -5.56085030
2.69600000 -5.55023656
2.69650000 -5.54856789
2.69700000 -5.56561633
2.69750000 -5.56145771
2.69800000 -5.55639234
2.69850000 -5.53872221
2.69900000 -5.53240427
2.69950000 -5.53617336
2.70000000 -5.53754094
2.70050000 -5.52604872
2.70100000 -5.53026255
2.70150000 -5.54586608
2.70200000 -5.53271243
2.70250000 -5.53451709
2.70300000 -5.52948362
2.70350000 -5.51398566
2.70400000 -5.51991158
2.70450000 -5.51819438
2.70500000 -5.51781252
2.70550000 -5.51658278
2.70600000 -5.49004071
2.70650000 -5.50325860
2.70700000 -5.50821885
2.70750000 -5.52475416
2.70800000 -5.49960699
2.70850000 -5.49084757
2.70900000 -5.49374608
2.70950000 -5.49796788
2.71000000 -5.49446976
2.71050000 -5.49348715
2.71100000 -5.49170454
2.71150000 -5.48823654
2.71200000 -5.48901037
2.71250000 -5.49806288
2.71300000 -5.47815515
2.71350000 -5.48078332
2.71400000 -5.48547730
2.71450000 -5.47947277
2.71500000 -5.47454983
2.71550000 -5.48139737
2.71600000 -5.48233019
2.71650000 -5.48437725
2.71700000 -5.48113361
2.71750000 -5.47849399
2.71800000 -5.47830551
2.71850000 -5.47127272
2.71900000 -5.45679514
2.71950000 -5.46190503
2.72000000 -5.48830562
2.72050000 -5.47569594
2.72100000 -5.46684528
2.72150000 -5.46684362
2.72200000 -5.45692718
2.72250000 -5.46832371
2.72300000 -5.45666997
2.72350000 -5.48482971
2.72400000 -5.49920405
2.72450000 -5.47398806
2.72500000 -5.46693524
2.72550000 -5.45611683
2.72600000 -5.48120742
2.72650000 -5.46594030
2.72700000 -5.46392190
2.72750000 -5.47321281
2.72800000 -5.46279249
2.72850000 -5.47819269
2.72900000 -5.47825997
2.72950000 -5.48223801
2.73000000 -5.48047760
2.73050000 -5.45789592
2.73100000 -5.48430596
2.73150000 -5.49205666
2.73200000 -5.47685633
2.73250000 -5.49603369
2.73300000 -5.50515229
2.73350000 -5.46410557
2.73400000 -5.48046201
2.73450000 -5.48915621
2.73500000 -5.48284224
2.73550000 -5.50029732
2.73600000 -5.50229201
2.73650000 -5.51830265
2.73700000 -5.51316778
2.73750000 -5.48274548
2.73800000 -5.51273959
2.73850000 -5.52389387
2.73900000 -5.50629298
2.73950000 -5.51684133
2.74000000 -5.52315543
2.74050000 -5.51906731
2.74100000 -5.52164044
2.74150000 -5.51880104
2.74200000 -5.55381304
2.74250000 -5.54306984
2.74300000 -5.53938020
2.74350000 -5.54948499
2.74400000 -5.55450514
2.74450000 -5.54662904
2.74500000 -5.55201390
2.74550000 -5.55600895
2.74600000 -5.56412753
2.74650000 -5.55638543
2.74700000 -5.58297483
2.74750000 -5.57990719
2.74800000 -5.57299418
2.74850000 -5.58562392
2.74900000 -5.59219718
2.74950000 -5.58801085
2.75000000 -5.59106631
2.75050000 -5.59604342
2.75100000 -5.59807843
2.75150000 -5.61039850
2.75200000 -5.62445801
2.75250000 -5.61176216
2.75300000 -5.63793748
2.75350000 -5.62121369
2.75400000 -5.62605033
2.75450000 -5.64057188
2.75500000 -5.62631623
2.75550000 -5.64755506
2.75600000 -5.63740311
2.75650000 -5.64081825
2.75700000 -5.65243142
2.75750000 -5.65473971
2.75800000 -5.65204323
2.75850000 -5.66840043
2.75900000 -5.67609301
2.75950000 -5.67343800
2.76000000 -5.67889139
2.76050000 -5.68885341
2.76100000 -5.67646890
2.76150000 -5.67498614
2.76200000 -5.69015061
2.76250000 -5.69368370
2.76300000 -5.67653425
2.76350000 -5.69773850
2.76400000 -5.69267490
2.76450000 -5.69641525
2.76500000 -5.71840422
2.76550000 -5.71248721
2.76600000 -5.72608920
2.76650000 -5.71533000
2.76700000 -5.71168691
2.76750000 -5.71897492
2.76800000 -5.71622045
2.76850000 -5.72923481
2.76900000 -5.72377225
2.76950000 -5.71136373
2.77000000 -5.73994130
2.77050000 -5.73046490
2.77100000 -5.75297320
2.77150000 -5.74216969
2.77200000 -5.73020715
2.77250000 -5.74631029
2.77300000 -5.74197623
2.77350000 -5.73679686
2.77400000 -5.75737337
2.77450000 -5.74369891
2.77500000 -5.76474405
2.77550000 -5.73627057
2.77600000 -5.75912496
2.77650000 -5.74667246
2.77700000 -5.75234374
2.77750000 -5.73526550
2.77800000 -5.74899921
2.77850000 -5.72833634
2.77900000 -5.75678081
2.77950000 -5.73686393
2.78000000 -5.72709070
2.78050000 -5.73547023
2.78100000 -5.76586370
2.78150000 -5.74791143
2.78200000 -5.74917293
2.78250000 -5.74795112
2.78300000 -5.74033386
2.78350000 -5.73158886
2.78400000 -5.74415989
2.78450000 -5.75101967
2.78500000 -5.73846037
2.78550000 -5.72753057
2.78600000 -5.72660305
2.78650000 -5.73625433
2.78700000 -5.74535626
2.78750000 -5.72542958
2.78800000 -5.74672134
2.78850000 -5.73781493
2.78900000 -5.73615590
2.78950000 -5.73695777
2.79000000 -5.72936471
2.79050000 -5.73091248
2.79100000 -5.70602590
2.79150000 -5.72354877
2.79200000 -5.71797703
2.79250000 -5.73023519
2.79300000 -5.72677558
2.79350000 -5.69961824
2.79400000 -5.71025032
2.79450000 -5.68146479
2.79500000 -5.69816851
2.79550000 -5.69779453
2.79600000 -5.69352294
2.79650000 -5.70642904
2.79700000 -5.68984287
2.79750000 -5.68372607
2.79800000 -5.67977236
2.79850000 -5.67483076
2.79900000 -5.68353230
2.79950000 -5.69041821
2.80000000 -5.67655187
2.80050000 -5.66995269
2.80100000 -5.66327551
2.80150000 -5.67980624
2.80200000 -5.65096391
2.80250000 -5.66440409
2.80300000 -5.65770182
2.80350000 -5.66929493
2.80400000 -5.64397666
2.80450000 -5.63123112
2.80500000 -5.63571398
2.80550000 -5.61386859
2.80600000 -5.62823890
2.80650000 -5.63193338
2.80700000 -5.61458215
2.80750000 -5.62620644
2.80800000 -5.61975272
2.80850000 -5.62422588
2.80900000 -5.61851632
2.80950000 -5.60246335
2.81000000 -5.61479927
2.81050000 -5.62753078
2.81100000 -5.59459879
2.81150000 -5.59816464
2.81200000 -5.60044842
2.81250000 -5.59437727
2.81300000 -5.59068019
2.81350000 -5.58548600
2.81400000 -5.57835171
2.81450000 -5.56289730
2.81500000 -5.58453461
2.81550000 -5.56446102
2.81600000 -5.57191515
2.81650000 -5.56805146
2.81700000 -5.56291881
2.81750000 -5.55300727
2.81800000 -5.55204694
2.81850000 -5.54851832
2.81900000 -5.56896674
2.81950000 -5.56893478
2.82000000 -5.56758150
2.82050000 -5.54309296
2.82100000 -5.55450513
2.82150000 -5.52277885
2.82200000 -5.55959734
2.82250000 -5.55964612
2.82300000 -5.53313202
2.82350000 -5.56350066
2.82400000 -5.54662275
2.82450000 -5.54304277
2.82500000 -5.54059467
2.82550000 -5.53966626
2.82600000 -5.55201125
2.82650000 -5.54458055
2.82700000 -5.54427980
2.82750000 -5.54880368
2.82800000 -5.53971373
2.82850000 -5.53663000
2.82900000 -5.55684833
2.82950000 -5.53119028
2.83000000 -5.52552220
2.83050000 -5.54731713
2.83100000 -5.53960570
2.83150000 -5.52615704
2.83200000 -5.56443666
2.83250000 -5.54013810
2.83300000 -5.54556530
2.83350000 -5.54293792
2.83400000 -5.56430085
2.83450000 -5.54812517
2.83500000 -5.56246127
2.83550000 -5.55017521
2.83600000 -5.54889468
2.83650000 -5.52149403
2.83700000 -5.56073920
2.83750000 -5.55197957
2.83800000 -5.55805769
2.83850000 -5.56370051
2.83900000 -5.57140520
2.83950000 -5.56354761
2.84000000 -5.57158111
2.84050000 -5.56332739
2.84100000 -5.56494428
2.84150000 -5.57826697
2.84200000 -5.59683870
2.84250000 -5.59076797
2.84300000 -5.59010696
2.84350000 -5.60297143
2.84400000 -5.58913163
2.84450000 -5.61138414
2.84500000 -5.60814422
2.84550000 -5.60629178
2.84600000 -5.60668864
2.84650000 -5.60434881
2.84700000 -5.62186203
2.84750000 -5.61167015
2.84800000 -5.62204187
2.84850000 -5.61949448
2.84900000 -5.61546066
2.84950000 -5.63336492
2.85000000 -5.63317626
2.85050000 -5.62527526
2.85100000 -5.65413670
2.85150000 -5.64181739
2.85200000 -5.64335894
2.85250000 -5.65178543
2.85300000 -5.65089252
2.85350000 -5.66900834
2.85400000 -5.65170378
2.85450000 -5.66849054
2.85500000 -5.67913346
2.85550000 -5.68982326
2.85600000 -5.67006674
2.85650000 -5.68661635
2.85700000 -5.69331964
2.85750000 -5.69575052
2.85800000 -5.69105115
2.85850000 -5.70765084
2.85900000 -5.70295063
2.85950000 -5.71820718
2.86000000 -5.71378133
2.86050000 -5.72013793
2.86100000 -5.71300110
2.86150000 -5.73196739
2.86200000 -5.70999085
2.86250000 -5.72948252
2.86300000 -5.74083868
2.86350000 -5.75596637
2.86400000 -5.74104113
2.86450000 -5.75042957
2.86500000 -5.75816170
2.86550000 -5.76071543
2.86600000 -5.76478692
2.86650000 -5.76637930
2.86700000 -5.77501100
2.86750000 -5.77374504
2.86800000 -5.75455188
2.86850000 -5.76910024
2.86900000 -5.77530618
2.86950000 -5.76378261
2.87000000 -5.77641249
2.87050000 -5.78189373
2.87100000 -5.79182963
2.87150000 -5.78372968
2.87200000 -5.78632763
2.87250000 -5.79683829
2.87300000 -5.80439250
2.87350000 -5.78243975
2.87400000 -5.77937171
2.87450000 -5.80884745
2.87500000 -5.80589647
2.87550000 -5.80127364
2.87600000 -5.79398581
2.87650000 -5.79923527
2.87700000 -5.80454299
2.87750000 -5.78887833
2.87800000 -5.78536124
2.87850000 -5.79926330
2.87900000 -5.81948009
2.87950000 -5.80488730
2.88000000 -5.78618705
2.88050000 -5.81067331
2.88100000 -5.80111139
2.88150000 -5.82308329
2.88200000 -5.80446987
2.88250000 -5.80760013
2.88300000 -5.81539583
2.88350000 -5.80969820
2.88400000 -5.79052697
2.88450000 -5.83023705
2.88500000 -5.81082644
2.88550000 -5.80583656
2.88600000 -5.81242191
2.88650000 -5.81140687
2.88700000 -5.78804729
2.88750000 -5.81274593
2.88800000 -5.80506963
2.88850000 -5.80633494
2.88900000 -5.79278778
2.88950000 -5.79888394
2.89000000 -5.78398437
2.89050000 -5.79067000
2.89100000 -5.79620014
2.89150000 -5.78806038
2.89200000 -5.80314138
2.89250000 -5.77922160
2.89300000 -5.77348863
2.89350000 -5.80256044
2.89400000 -5.77501915
2.89450000 -5.76618274
2.89500000 -5.78121186
2.89550000 -5.76461090
2.89600000 -5.75773975
2.89650000 -5.76389535
2.89700000 -5.76119803
2.89750000 -5.76393667
2.89800000 -5.75470558
2.89850000 -5.75463052
2.89900000 -5.75055544
2.89950000 -5.75476722
2.90000000 -5.74533878
2.90050000 -5.72665875
2.90100000 -5.75885582
2.90150000 -5.73344321
2.90200000 -5.72802379
2.90250000 -5.74378739
2.90300000 -5.72870154
2.90350000 -5.72335699
2.90400000 -5.70676439
2.90450000 -5.70414811
2.90500000 -5.71186990
2.90550000 -5.69977181
2.90600000 -5.71304265
2.90650000 -5.70811258
2.90700000 -5.70847988
2.90750000 -5.70051878
2.90800000 -5.69473801
2.90850000 -5.67997759
2.90900000 -5.67112180
2.90950000 -5.67594081
2.91000000 -5.66292884
2.91050000 -5.67353799
2.91100000 -5.65924663
2.91150000 -5.69153182
2.91200000 -5.66524358
2.91250000 -5.65228821
2.91300000 -5.64477983
2.91350000 -5.66176854
2.91400000 -5.63123546
2.91450000 -5.65714701
2.91500000 -5.63484037
2.91550000 -5.62877343
2.91600000 -5.63036256
2.91650000 -5.63743002
2.91700000 -5.63913005
2.91750000 -5.62347393
2.91800000 -5.62769117
2.91850000 -5.61880119
2.91900000 -5.59377941
2.91950000 -5.61840048
2.92000000 -5.61309375
2.92050000 -5.59428133
2.92100000 -5.60234263
2.92150000 -5.60709490
2.92200000 -5.60336366
2.92250000 -5.59030569
2.92300000 -5.59364110
2.92350000 -5.59474777
2.92400000 -5.60489161
2.92450000 -5.57858838
2.92500000 -5.58726555
2.92550000 -5.58479652
2.92600000 -5.56347018
2.92650000 -5.59397214
2.92700000 -5.58615998
2.92750000 -5.58435575
2.92800000 -5.59230138
2.92850000 -5.56647492
2.92900000 -5.58460774
2.92950000 -5.56913740
2.93000000 -5.58106361
2.93050000 -5.56701517
2.93100000 -5.58283766
2.93150000 -5.57697819
2.93200000 -5.57452614
2.93250000 -5.56784255
2.93300000 -5.56055487
2.93350000 -5.57373600
2.93400000 -5.56928395
2.93450000 -5.56889574
2.93500000 -5.56855028
2.93550000 -5.58727617
2.93600000 -5.57261735
2.93650000 -5.58344958
2.93700000 -5.57648814
2.93750000 -5.57083177
2.93800000 -5.56080848
2.93850000 -5.56927378
2.93900000 -5.57387927
2.93950000 -5.59072662
2.94000000 -5.58548467
2.94050000 -5.57725477
2.94100000 -5.57908147
2.94150000 -5.58763399
2.94200000 -5.58707444
2.94250000 -5.58027930
2.94300000 -5.58606327
2.94350000 -5.60030419
2.94400000 -5.59622938
2.94450000 -5.61122688
2.94500000 -5.61052441
2.94550000 -5.61886151
2.94600000 -5.60456833
2.94650000 -5.61412944
2.94700000 -5.61693034
2.94750000 -5.61425193
2.94800000 -5.60390361
2.94850000 -5.62879064
2.94900000 -5.62941686
2.94950000 -5.62408273
2.95000000 -5.63420551
2.95050000 -5.62734424
2.95100000 -5.65213243
2.95150000 -5.63421519
2.95200000 -5.64136559
2.95250000 -5.64749834
2.95300000 -5.65502329
2.95350000 -5.64786259
2.95400000 -5.65685962
2.95450000 -5.65306388
2.95500000 -5.69477038
2.95550000 -5.67032752
2.95600000 -5.68388853
2.95650000 -5.68534129
2.95700000 -5.69532130
2.95750000 -5.68480373
2.95800000 -5.67619832
2.95850000 -5.70098579
2.95900000 -5.68080734
2.95950000 -5.69073396
2.96000000 -5.70014133
2.96050000 -5.71500047
2.96100000 -5.69570019
2.96150000 -5.72211883
2.96200000 -5.72435521
2.96250000 -5.70934539
2.96300000 -5.74041669
2.96350000 -5.71971743
2.96400000 -5.73673866
2.96450000 -5.74011366
2.96500000 -5.75539783
2.96550000 -5.74933646
2.96600000 -5.74264705
2.96650000 -5.77548123
2.96700000 -5.75266851
2.96750000 -5.75784883
2.96800000 -5.76891449
2.96850000 -5.77408209
2.96900000 -5.75353668
2.96950000 -5.77600861
2.97000000 -5.79456490
2.97050000 -5.78449061
2.97100000 -5.78509971
2.97150000 -5.78392961
2.97200000 -5.77943664
2.97250000 -5.79952933
2.97300000 -5.78199518
2.97350000 -5.79658819
2.97400000 -5.79711575
2.97450000 -5.82195370
2.97500000 -5.82115180
2.97550000 -5.80675679
2.97600000 -5.79893550
2.97650000 -5.81843146
2.97700000 -5.80387097
2.97750000 -5.80073870
2.97800000 -5.79632859
2.97850000 -5.80167318
2.97900000 -5.81002324
2.97950000 -5.81652363
2.98000000 -5.82511872
2.98050000 -5.82224871
2.98100000 -5.81773083
2.98150000 -5.82200576
2.98200000 -5.80192143
2.98250000 -5.81647801
2.98300000 -5.82216907
2.98350000 -5.82487097
2.98400000 -5.81896844
2.98450000 -5.83348652
2.98500000 -5.83629744
2.98550000 -5.81066885
2.98600000 -5.81897540
2.98650000 -5.83629090
2.98700000 -5.82792296
2.98750000 -5.82679720
2.98800000 -5.82853050
2.98850000 -5.82687949
2.98900000 -5.82544754
2.98950000 -5.83811826
2.99000000 -5.82656771
2.99050000 -5.83236848
2.99100000 -5.82429577
2.99150000 -5.81768198
2.99200000 -5.82273748
2.99250000 -5.81793856
2.99300000 -5.82809289
2.99350000 -5.81604116
2.99400000 -5.80131428
2.99450000 -5.80350003
2.99500000 -5.80720747
2.99550000 -5.79621219
2.99600000 -5.80500020
2.99650000 -5.80208415
2.99700000 -5.81337167
2.99750000 -5.81689314
2.99800000 -5.80054641
2.99850000 -5.80790544
2.99900000 -5.80563281
2.99950000 -5.77631905
3.00000000 -5.79341189
