Frequency(GHz) s21_phase
1.20000000 -70.89783804
1.20050000 -71.08597349
1.20100000 -71.00790747
1.20150000 -70.97177814
1.20200000 -71.07623627
1.20250000 -71.06153834
1.20300000 -71.02961031
1.20350000 -71.08051471
1.20400000 -71.11330393
1.20450000 -71.09939928
1.20500000 -71.16195284
1.20550000 -71.16646263
1.20600000 -71.09654116
1.20650000 -71.31466674
1.20700000 -71.34836772
1.20750000 -71.29888994
1.20800000 -71.29497471
1.20850000 -71.29469895
1.20900000 -71.33365742
1.20950000 -71.31187174
1.21000000 -71.32307962
1.21050000 -71.33558952
1.21100000 -71.37756367
1.21150000 -71.46264271
1.21200000 -71.45333792
1.21250000 -71.55984305
1.21300000 -71.63056437
1.21350000 -71.47186841
1.21400000 -71.59679389
1.21450000 -71.53169138
1.21500000 -71.66008588
1.21550000 -71.62230797
1.21600000 -71.66049529
1.21650000 -71.77136414
1.21700000 -71.70471805
1.21750000 -71.72263504
1.21800000 -71.73877431
1.21850000 -71.68888676
1.21900000 -71.80796170
1.21950000 -71.76310287
1.22000000 -71.79006438
1.22050000 -71.92411046
1.22100000 -71.77827764
1.22150000 -71.81081476
1.22200000 -72.00035309
1.22250000 -71.90608454
1.22300000 -72.04899816
1.22350000 -72.02835984
1.22400000 -71.80752539
1.22450000 -71.95974631
1.22500000 -71.84723422
1.22550000 -72.03982674
1.22600000 -72.01259072
1.22650000 -72.13161012
1.22700000 -72.10552280
1.22750000 -72.06215792
1.22800000 -72.08598672
1.22850000 -72.04497220
1.22900000 -72.01195791
1.22950000 -72.08745051
1.23000000 -72.03923805
1.23050000 -72.10218289
1.23100000 -71.99072703
1.23150000 -72.03636698
1.23200000 -72.11015111
1.23250000 -72.08701573
1.23300000 -72.18418385
1.23350000 -71.97442330
1.23400000 -72.10328110
1.23450000 -72.14265380
1.23500000 -72.19973447
1.23550000 -72.08497977
1.23600000 -72.12288590
1.23650000 -72.11900926
1.23700000 -72.12938297
1.23750000 -72.12301406
1.23800000 -72.08827668
1.23850000 -72.07921225
1.23900000 -72.03143994
1.23950000 -72.07930814
1.24000000 -71.92511973
1.24050000 -72.00535922
1.24100000 -71.99380476
1.24150000 -72.06836273
1.24200000 -71.96689379
1.24250000 -71.93634352
1.24300000 -71.94659965
1.24350000 -71.90027065
1.24400000 -71.91952527
1.24450000 -71.93479466
1.24500000 -71.85164781
1.24550000 -71.81065120
1.24600000 -71.90208741
1.24650000 -71.83785035
1.24700000 -71.79374117
1.24750000 -71.87803799
1.24800000 -71.79678914
1.24850000 -71.94770764
1.24900000 -71.83070448
1.24950000 -71.70824212
1.25000000 -71.67888677
1.25050000 -71.62800982
1.25100000 -71.67727747
1.25150000 -71.60598417
1.25200000 -71.67351188
1.25250000 -71.74165298
1.25300000 -71.44890122
1.25350000 -71.54035345
1.25400000 -71.51824373
1.25450000 -71.44953694
1.25500000 -71.53039660
1.25550000 -71.38280666
1.25600000 -71.37400618
1.25650000 -71.43113900
1.25700000 -71.34659880
1.25750000 -71.32461899
1.25800000 -71.28786253
1.25850000 -71.31175398
1.25900000 -71.24388054
1.25950000 -71.09743494
1.26000000 -71.20660327
1.26050000 -71.24174415
1.26100000 -71.10918977
1.26150000 -71.02951999
1.26200000 -71.03000090
1.26250000 -71.02771349
1.26300000 -71.03100899
1.26350000 -70.92701844
1.26400000 -70.96629287
1.26450000 -70.89323991
1.26500000 -70.97707499
1.26550000 -70.82186968
1.26600000 -70.77401218
1.26650000 -70.73529248
1.26700000 -70.79225216
1.26750000 -70.75766246
1.26800000 -70.71460829
1.26850000 -70.60510069
1.26900000 -70.58270375
1.26950000 -70.58272179
1.27000000 -70.62365087
1.27050000 -70.55357609
1.27100000 -70.51039294
1.27150000 -70.46768394
1.27200000 -70.50167934
1.27250000 -70.43401030
1.27300000 -70.44368941
1.27350000 -70.38169718
1.27400000 -70.30523777
1.27450000 -70.36887148
1.27500000 -70.31066119
1.27550000 -70.28436901
1.27600000 -70.23212056
1.27650000 -70.20117298
1.27700000 -70.22334052
1.27750000 -70.20734015
1.27800000 -70.21794596
1.27850000 -70.15607814
1.27900000 -70.12651401
1.27950000 -70.16679935
1.28000000 -70.08650135
1.28050000 -70.05963731
1.28100000 -70.08879248
1.28150000 -70.04494530
1.28200000 -70.08334191
1.28250000 -70.04251656
1.28300000 -70.01161510
1.28350000 -69.98633693
1.28400000 -69.96664207
1.28450000 -69.89067623
1.28500000 -69.87311729
1.28550000 -69.90309768
1.28600000 -69.93024672
1.28650000 -69.88783220
1.28700000 -69.76143994
1.28750000 -69.85091523
1.28800000 -69.87023084
1.28850000 -69.80796686
1.28900000 -69.85550250
1.28950000 -69.79959841
1.29000000 -69.80910256
1.29050000 -69.78576399
1.29100000 -69.72763301
1.29150000 -69.82097787
1.29200000 -69.71815717
1.29250000 -69.71227979
1.29300000 -69.67235481
1.29350000 -69.75314114
1.29400000 -69.75256751
1.29450000 -69.79935150
1.29500000 -69.78335707
1.29550000 -69.74348086
1.29600000 -69.66093646
1.29650000 -69.75078739
1.29700000 -69.79323529
1.29750000 -69.75110021
1.29800000 -69.79197043
1.29850000 -69.78205835
1.29900000 -69.87678661
1.29950000 -69.77168369
1.30000000 -69.90702672
1.30050000 -69.75479338
1.30100000 -69.83823868
1.30150000 -69.86712176
1.30200000 -69.81993009
1.30250000 -69.75198602
1.30300000 -69.81966725
1.30350000 -69.79609273
1.30400000 -69.83227662
1.30450000 -69.88146784
1.30500000 -69.93158377
1.30550000 -69.93174975
1.30600000 -69.95414816
1.30650000 -69.83810217
1.30700000 -69.87572298
1.30750000 -69.92249927
1.30800000 -69.94187178
1.30850000 -69.93556664
1.30900000 -69.90829525
1.30950000 -69.98552562
1.31000000 -70.06892582
1.31050000 -70.06273823
1.31100000 -70.05722666
1.31150000 -70.05762222
1.31200000 -70.03402393
1.31250000 -70.04056167
1.31300000 -70.15119627
1.31350000 -70.11517445
1.31400000 -70.12655599
1.31450000 -70.28342749
1.31500000 -70.29238550
1.31550000 -70.23667851
1.31600000 -70.31619854
1.31650000 -70.29968489
1.31700000 -70.31726608
1.31750000 -70.44872051
1.31800000 -70.40630457
1.31850000 -70.30243642
1.31900000 -70.49119271
1.31950000 -70.33053634
1.32000000 -70.35947769
1.32050000 -70.60979662
1.32100000 -70.65476431
1.32150000 -70.60947100
1.32200000 -70.52016073
1.32250000 -70.47005107
1.32300000 -70.61719311
1.32350000 -70.56079570
1.32400000 -70.66915662
1.32450000 -70.71941705
1.32500000 -70.70447176
1.32550000 -70.81078652
1.32600000 -70.79769192
1.32650000 -70.86168044
1.32700000 -70.95090880
1.32750000 -70.85457875
1.32800000 -70.91259739
1.32850000 -70.85084967
1.32900000 -71.09337802
1.32950000 -70.98771501
1.33000000 -71.06591866
1.33050000 -70.94897493
1.33100000 -71.07512712
1.33150000 -71.13426247
1.33200000 -71.08614695
1.33250000 -71.13095175
1.33300000 -71.17520011
1.33350000 -71.24959224
1.33400000 -71.29226074
1.33450000 -71.26492272
1.33500000 -71.36264270
1.33550000 -71.34791494
1.33600000 -71.45543736
1.33650000 -71.42304134
1.33700000 -71.31130116
1.33750000 -71.42671464
1.33800000 -71.41895191
1.33850000 -71.54541090
1.33900000 -71.50493888
1.33950000 -71.49770065
1.34000000 -71.47185029
1.34050000 -71.45717950
1.34100000 -71.60286016
1.34150000 -71.64597017
1.34200000 -71.65777051
1.34250000 -71.67313738
1.34300000 -71.69464943
1.34350000 -71.52101140
1.34400000 -71.72814740
1.34450000 -71.77179490
1.34500000 -71.69539529
1.34550000 -71.65469379
1.34600000 -71.66037599
1.34650000 -71.60146167
1.34700000 -71.70079071
1.34750000 -71.60126231
1.34800000 -71.75748091
1.34850000 -71.63089314
1.34900000 -71.81840996
1.34950000 -71.70640845
1.35000000 -71.78099002
1.35050000 -71.62997008
1.35100000 -71.66385531
1.35150000 -71.67731522
1.35200000 -71.76343134
1.35250000 -71.77735480
1.35300000 -71.68323452
1.35350000 -71.76304407
1.35400000 -71.64879236
1.35450000 -71.70010149
1.35500000 -71.71087536
1.35550000 -71.72416080
1.35600000 -71.70124724
1.35650000 -71.74110594
1.35700000 -71.64069076
1.35750000 -71.69861195
1.35800000 -71.62520347
1.35850000 -71.58026055
1.35900000 -71.62154668
1.35950000 -71.59557305
1.36000000 -71.62514043
1.36050000 -71.55030834
1.36100000 -71.54051357
1.36150000 -71.54992524
1.36200000 -71.53873406
1.36250000 -71.51440788
1.36300000 -71.43305415
1.36350000 -71.45945377
1.36400000 -71.47829101
1.36450000 -71.38235548
1.36500000 -71.40777891
1.36550000 -71.37516300
1.36600000 -71.34118526
1.36650000 -71.25457730
1.36700000 -71.32000048
1.36750000 -71.25418397
1.36800000 -71.22282123
1.36850000 -71.20122118
1.36900000 -71.26087385
1.36950000 -71.21511470
1.37000000 -71.20000333
1.37050000 -71.13126155
1.37100000 -71.08753277
1.37150000 -71.02987194
1.37200000 -71.15097902
1.37250000 -71.02006111
1.37300000 -71.05766484
1.37350000 -71.05300092
1.37400000 -71.00757427
1.37450000 -70.89538110
1.37500000 -70.96947584
1.37550000 -70.91265321
1.37600000 -70.85574997
1.37650000 -70.84510715
1.37700000 -70.86923350
1.37750000 -70.72652802
1.37800000 -70.76272209
1.37850000 -70.67785488
1.37900000 -70.54757538
1.37950000 -70.62203972
1.38000000 -70.59626913
1.38050000 -70.62778748
1.38100000 -70.51354327
1.38150000 -70.51579521
1.38200000 -70.51745774
1.38250000 -70.49131836
1.38300000 -70.44646148
1.38350000 -70.45879318
1.38400000 -70.36739535
1.38450000 -70.32207486
1.38500000 -70.35320137
1.38550000 -70.33284579
1.38600000 -70.30198267
1.38650000 -70.23784607
1.38700000 -70.17906049
1.38750000 -70.13785486
1.38800000 -70.13334247
1.38850000 -70.11627388
1.38900000 -70.21321883
1.38950000 -70.08920556
1.39000000 -70.10254887
1.39050000 -70.01901547
1.39100000 -70.06506318
1.39150000 -70.08666493
1.39200000 -70.05846504
1.39250000 -69.98384898
1.39300000 -69.98763714
1.39350000 -69.87743321
1.39400000 -69.87431877
1.39450000 -69.83492374
1.39500000 -69.88595184
1.39550000 -69.85138313
1.39600000 -69.94727065
1.39650000 -69.93134124
1.39700000 -69.82795891
1.39750000 -69.83765294
1.39800000 -69.87346724
1.39850000 -69.82971167
1.39900000 -69.74520361
1.39950000 -69.79253955
1.40000000 -69.69593712
1.40050000 -69.59422301
1.40100000 -69.65517014
1.40150000 -69.65141942
1.40200000 -69.73421772
1.40250000 -69.66184711
1.40300000 -69.74534111
1.40350000 -69.65701824
1.40400000 -69.72267050
1.40450000 -69.74192586
1.40500000 -69.72699535
1.40550000 -69.66062849
1.40600000 -69.71162735
1.40650000 -69.76333221
1.40700000 -69.58030609
1.40750000 -69.66491995
1.40800000 -69.74870133
1.40850000 -69.74796357
1.40900000 -69.66911729
1.40950000 -69.63907427
1.41000000 -69.77228971
1.41050000 -69.86225715
1.41100000 -69.73697689
1.41150000 -69.80528884
1.41200000 -69.82835768
1.41250000 -69.86770863
1.41300000 -69.80722472
1.41350000 -69.89949572
1.41400000 -69.92406512
1.41450000 -69.80208144
1.41500000 -69.90794468
1.41550000 -69.90255507
1.41600000 -69.99975289
1.41650000 -70.01239068
1.41700000 -69.99476926
1.41750000 -70.12124281
1.41800000 -70.14534855
1.41850000 -70.12161133
1.41900000 -70.23203107
1.41950000 -70.16025589
1.42000000 -70.28456636
1.42050000 -70.26677159
1.42100000 -70.26545785
1.42150000 -70.35551589
1.42200000 -70.36554009
1.42250000 -70.40954433
1.42300000 -70.44014036
1.42350000 -70.50276025
1.42400000 -70.62537435
1.42450000 -70.66038163
1.42500000 -70.70440501
1.42550000 -70.76856321
1.42600000 -70.81138754
1.42650000 -70.74570440
1.42700000 -70.87282381
1.42750000 -70.94060584
1.42800000 -70.86148430
1.42850000 -71.05749766
1.42900000 -71.05714901
1.42950000 -71.03526443
1.43000000 -71.10852997
1.43050000 -71.16490728
1.43100000 -71.27316490
1.43150000 -71.32833367
1.43200000 -71.30101504
1.43250000 -71.34056540
1.43300000 -71.44417958
1.43350000 -71.55488562
1.43400000 -71.64707888
1.43450000 -71.66018478
1.43500000 -71.64868184
1.43550000 -71.81789613
1.43600000 -71.87392769
1.43650000 -71.79211151
1.43700000 -71.90005805
1.43750000 -71.99960461
1.43800000 -72.12628741
1.43850000 -72.07128820
1.43900000 -72.11458803
1.43950000 -72.11873640
1.44000000 -72.35356718
1.44050000 -72.32913243
1.44100000 -72.43488519
1.44150000 -72.33518192
1.44200000 -72.45908284
1.44250000 -72.56930195
1.44300000 -72.57275106
1.44350000 -72.53014233
1.44400000 -72.59708409
1.44450000 -72.66665230
1.44500000 -72.71121866
1.44550000 -72.77726602
1.44600000 -72.85938325
1.44650000 -72.86548316
1.44700000 -72.93046676
1.44750000 -72.98824698
1.44800000 -73.11311739
1.44850000 -73.05566349
1.44900000 -73.10869386
1.44950000 -73.09155804
1.45000000 -73.10145967
1.45050000 -73.34517361
1.45100000 -73.19345549
1.45150000 -73.38761636
1.45200000 -73.37542892
1.45250000 -73.33640189
1.45300000 -73.39606091
1.45350000 -73.43670202
1.45400000 -73.48753113
1.45450000 -73.50156231
1.45500000 -73.53913604
1.45550000 -73.54173838
1.45600000 -73.57358968
1.45650000 -73.61122783
1.45700000 -73.59105465
1.45750000 -73.68774936
1.45800000 -73.62950602
1.45850000 -73.72426207
1.45900000 -73.69867820
1.45950000 -73.65255185
1.46000000 -73.76081674
1.46050000 -73.77352416
1.46100000 -73.83744219
1.46150000 -73.74705502
1.46200000 -73.72633787
1.46250000 -73.81020405
1.46300000 -73.86398910
1.46350000 -73.81471765
1.46400000 -73.79029472
1.46450000 -73.85606568
1.46500000 -73.79413152
1.46550000 -73.86908738
1.46600000 -73.87524531
1.46650000 -73.82748173
1.46700000 -73.90654791
1.46750000 -73.82537849
1.46800000 -73.81895980
1.46850000 -73.85941554
1.46900000 -73.82773965
1.46950000 -73.79718388
1.47000000 -73.76770596
1.47050000 -73.73824480
1.47100000 -73.74939463
1.47150000 -73.80354780
1.47200000 -73.69070135
1.47250000 -73.72031726
1.47300000 -73.67372459
1.47350000 -73.72332474
1.47400000 -73.63094274
1.47450000 -73.64266004
1.47500000 -73.60982601
1.47550000 -73.65382580
1.47600000 -73.60382191
1.47650000 -73.50280121
1.47700000 -73.55525395
1.47750000 -73.50295860
1.47800000 -73.51466799
1.47850000 -73.42791226
1.47900000 -73.45351481
1.47950000 -73.35108101
1.48000000 -73.35780975
1.48050000 -73.39327495
1.48100000 -73.37359107
1.48150000 -73.22796059
1.48200000 -73.33738273
1.48250000 -73.24829564
1.48300000 -73.20058958
1.48350000 -73.16643373
1.48400000 -73.10709620
1.48450000 -73.20127247
1.48500000 -73.09775515
1.48550000 -73.03337057
1.48600000 -73.06165856
1.48650000 -72.95614793
1.48700000 -72.95242199
1.48750000 -72.93780955
1.48800000 -72.94486869
1.48850000 -72.85776689
1.48900000 -72.81023405
1.48950000 -72.76967937
1.49000000 -72.75168395
1.49050000 -72.73803294
1.49100000 -72.66836602
1.49150000 -72.66854984
1.49200000 -72.63778056
1.49250000 -72.55457083
1.49300000 -72.62654168
1.49350000 -72.49334607
1.49400000 -72.45238876
1.49450000 -72.56862625
1.49500000 -72.45328827
1.49550000 -72.39125428
1.49600000 -72.47130353
1.49650000 -72.33618340
1.49700000 -72.34199285
1.49750000 -72.36908864
1.49800000 -72.39640009
1.49850000 -72.33284285
1.49900000 -72.26867349
1.49950000 -72.24024031
1.50000000 -72.18244287
1.50050000 -72.25844052
1.50100000 -72.27987568
1.50150000 -72.18677182
1.50200000 -72.07727076
1.50250000 -72.15057089
1.50300000 -72.15533194
1.50350000 -72.06064017
1.50400000 -72.12244799
1.50450000 -72.06316516
1.50500000 -72.18402155
1.50550000 -72.10960165
1.50600000 -72.13552470
1.50650000 -72.12232577
1.50700000 -72.10163741
1.50750000 -72.08669767
1.50800000 -72.03566850
1.50850000 -72.08776604
1.50900000 -71.98584660
1.50950000 -72.07886704
1.51000000 -72.10874193
1.51050000 -72.09059944
1.51100000 -72.08627106
1.51150000 -72.07744738
1.51200000 -72.18639745
1.51250000 -72.11650486
1.51300000 -72.15368597
1.51350000 -72.19456111
1.51400000 -72.26183983
1.51450000 -72.21590980
1.51500000 -72.30747946
1.51550000 -72.30581795
1.51600000 -72.41478630
1.51650000 -72.33623322
1.51700000 -72.33515104
1.51750000 -72.49943677
1.51800000 -72.42433385
1.51850000 -72.60416562
1.51900000 -72.62868270
1.51950000 -72.62974489
1.52000000 -72.69679292
1.52050000 -72.69104360
1.52100000 -72.72610199
1.52150000 -72.76111197
1.52200000 -72.83573402
1.52250000 -72.94598972
1.52300000 -72.98294792
1.52350000 -72.99411224
1.52400000 -73.13307813
1.52450000 -73.00928815
1.52500000 -73.21860929
1.52550000 -73.26271772
1.52600000 -73.24370649
1.52650000 -73.42232094
1.52700000 -73.41747685
1.52750000 -73.51828085
1.52800000 -73.62592430
1.52850000 -73.70692470
1.52900000 -73.60818620
1.52950000 -73.81861573
1.53000000 -73.92863902
1.53050000 -73.97803586
1.53100000 -74.02480027
1.53150000 -74.18356123
1.53200000 -74.14611194
1.53250000 -74.27441638
1.53300000 -74.44243317
1.53350000 -74.40540771
1.53400000 -74.51503583
1.53450000 -74.57925720
1.53500000 -74.57930036
1.53550000 -74.79093643
1.53600000 -74.88879650
1.53650000 -75.07736157
1.53700000 -75.08967542
1.53750000 -75.15365500
1.53800000 -75.25047246
1.53850000 -75.36257428
1.53900000 -75.44930214
1.53950000 -75.58163696
1.54000000 -75.66952506
1.54050000 -75.74634639
1.54100000 -75.84607449
1.54150000 -75.91246635
1.54200000 -75.98448302
1.54250000 -76.02073395
1.54300000 -76.19288863
1.54350000 -76.22035843
1.54400000 -76.33862105
1.54450000 -76.37537453
1.54500000 -76.49383063
1.54550000 -76.61003611
1.54600000 -76.67033308
1.54650000 -76.71829534
1.54700000 -76.90991628
1.54750000 -76.95917433
1.54800000 -77.04334518
1.54850000 -77.16392949
1.54900000 -77.16652569
1.54950000 -77.37133490
1.55000000 -77.36964423
1.55050000 -77.57983711
1.55100000 -77.56069528
1.55150000 -77.64314280
1.55200000 -77.71315628
1.55250000 -77.74259856
1.55300000 -77.87352280
1.55350000 -77.98923980
1.55400000 -78.06030503
1.55450000 -78.05254160
1.55500000 -78.10290585
1.55550000 -78.18255921
1.55600000 -78.30289089
1.55650000 -78.27738375
1.55700000 -78.41632359
1.55750000 -78.45877528
1.55800000 -78.50563107
1.55850000 -78.58577720
1.55900000 -78.63856858
1.55950000 -78.74204872
1.56000000 -78.66033746
1.56050000 -78.77607627
1.56100000 -78.82695790
1.56150000 -78.89402982
1.56200000 -78.92726131
1.56250000 -78.97387702
1.56300000 -79.08000278
1.56350000 -79.10384048
1.56400000 -79.07504546
1.56450000 -79.13488578
1.56500000 -79.16871843
1.56550000 -79.22359035
1.56600000 -79.25349643
1.56650000 -79.27134445
1.56700000 -79.34888286
1.56750000 -79.36237665
1.56800000 -79.34984770
1.56850000 -79.38503709
1.56900000 -79.34990943
1.56950000 -79.41091704
1.57000000 -79.40930333
1.57050000 -79.38218520
1.57100000 -79.46665848
1.57150000 -79.49283735
1.57200000 -79.42013777
1.57250000 -79.40776825
1.57300000 -79.40403251
1.57350000 -79.44464624
1.57400000 -79.46538918
1.57450000 -79.44834690
1.57500000 -79.48755714
1.57550000 -79.43452856
1.57600000 -79.50878533
1.57650000 -79.51978212
1.57700000 -79.42860690
1.57750000 -79.43043407
1.57800000 -79.36922069
1.57850000 -79.33826706
1.57900000 -79.38789257
1.57950000 -79.35398531
1.58000000 -79.32554542
1.58050000 -79.30082127
1.58100000 -79.30354162
1.58150000 -79.25102369
1.58200000 -79.21253203
1.58250000 -79.17862129
1.58300000 -79.18534310
1.58350000 -79.16071896
1.58400000 -79.14655768
1.58450000 -79.19611297
1.58500000 -79.14643156
1.58550000 -79.08444667
1.58600000 -79.06115365
1.58650000 -79.03878036
1.58700000 -78.93330180
1.58750000 -78.89205002
1.58800000 -78.92170681
1.58850000 -78.88218570
1.58900000 -78.80663213
1.58950000 -78.84564051
1.59000000 -78.78176496
1.59050000 -78.64127727
1.59100000 -78.75653115
1.59150000 -78.64311999
1.59200000 -78.65057148
1.59250000 -78.63109916
1.59300000 -78.59749778
1.59350000 -78.54335925
1.59400000 -78.54200739
1.59450000 -78.46964205
1.59500000 -78.45576808
1.59550000 -78.36911883
1.59600000 -78.38798355
1.59650000 -78.32989227
1.59700000 -78.21915374
1.59750000 -78.28952511
1.59800000 -78.32765287
1.59850000 -78.31924222
1.59900000 -78.14242906
1.59950000 -78.14354023
1.60000000 -78.13030032
1.60050000 -78.16683618
1.60100000 -78.10854939
1.60150000 -78.15634469
1.60200000 -78.05193361
1.60250000 -78.07723476
1.60300000 -78.04668865
1.60350000 -77.99104474
1.60400000 -77.99333755
1.60450000 -78.05608709
1.60500000 -77.92668529
1.60550000 -77.98776885
1.60600000 -77.98450151
1.60650000 -77.97483201
1.60700000 -77.98267251
1.60750000 -77.91597408
1.60800000 -77.92206034
1.60850000 -77.92471562
1.60900000 -77.89537746
1.60950000 -77.95202274
1.61000000 -77.97700537
1.61050000 -77.91171026
1.61100000 -77.98961610
1.61150000 -77.98125957
1.61200000 -77.99940221
1.61250000 -78.05109022
1.61300000 -78.03739977
1.61350000 -78.04758712
1.61400000 -78.13390709
1.61450000 -78.13133563
1.61500000 -78.17823787
1.61550000 -78.13916933
1.61600000 -78.27876108
1.61650000 -78.38424779
1.61700000 -78.28617658
1.61750000 -78.37711406
1.61800000 -78.39132178
1.61850000 -78.50061666
1.61900000 -78.61087582
1.61950000 -78.58191937
1.62000000 -78.60367678
1.62050000 -78.64333190
1.62100000 -78.81964174
1.62150000 -78.80302399
1.62200000 -78.96152786
1.62250000 -78.92812559
1.62300000 -78.95629174
1.62350000 -79.10079256
1.62400000 -79.17006129
1.62450000 -79.30277623
1.62500000 -79.41403482
1.62550000 -79.43839390
1.62600000 -79.53031687
1.62650000 -79.59590685
1.62700000 -79.73256593
1.62750000 -79.73076550
1.62800000 -79.95392026
1.62850000 -79.90125556
1.62900000 -80.11294934
1.62950000 -80.18756438
1.63000000 -80.20744456
1.63050000 -80.34383205
1.63100000 -80.48692311
1.63150000 -80.60828867
1.63200000 -80.66623409
1.63250000 -80.83094202
1.63300000 -81.00972651
1.63350000 -81.12098278
1.63400000 -81.26233348
1.63450000 -81.35133374
1.63500000 -81.39977651
1.63550000 -81.57078441
1.63600000 -81.75974305
1.63650000 -81.87161772
1.63700000 -81.97771167
1.63750000 -82.06321325
1.63800000 -82.23335000
1.63850000 -82.35005614
1.63900000 -82.52209945
1.63950000 -82.63599351
1.64000000 -82.73258568
1.64050000 -82.86159055
1.64100000 -83.08767873
1.64150000 -83.11749069
1.64200000 -83.23322326
1.64250000 -83.47125158
1.64300000 -83.50316371
1.64350000 -83.73394482
1.64400000 -83.83999848
1.64450000 -83.94523774
1.64500000 -84.08742205
1.64550000 -84.27965770
1.64600000 -84.34363851
1.64650000 -84.48289256
1.64700000 -84.56163455
1.64750000 -84.77156548
1.64800000 -84.93249657
1.64850000 -85.08640225
1.64900000 -85.13908141
1.64950000 -85.35460639
1.65000000 -85.37328545
1.65050000 -85.55969405
1.65100000 -85.69615327
1.65150000 -85.83532043
1.65200000 -85.94994560
1.65250000 -86.03840774
1.65300000 -86.12487395
1.65350000 -86.22607100
1.65400000 -86.36033398
1.65450000 -86.51225500
1.65500000 -86.57521482
1.65550000 -86.82639177
1.65600000 -86.79633235
1.65650000 -86.94102469
1.65700000 -86.97588241
1.65750000 -87.11525617
1.65800000 -87.19270381
1.65850000 -87.32290927
1.65900000 -87.45544120
1.65950000 -87.49810891
1.66000000 -87.58207634
1.66050000 -87.68335825
1.66100000 -87.75374016
1.66150000 -87.84451044
1.66200000 -87.85621899
1.66250000 -87.93278741
1.66300000 -88.11666028
1.66350000 -88.11070550
1.66400000 -88.22627425
1.66450000 -88.23092685
1.66500000 -88.37485884
1.66550000 -88.49649943
1.66600000 -88.51042281
1.66650000 -88.49728578
1.66700000 -88.64588154
1.66750000 -88.65365505
1.66800000 -88.64983794
1.66850000 -88.75247537
1.66900000 -88.78008375
1.66950000 -88.71940825
1.67000000 -88.78502581
1.67050000 -88.87011816
1.67100000 -88.88695704
1.67150000 -88.86274269
1.67200000 -88.88785300
1.67250000 -88.99165457
1.67300000 -88.94115304
1.67350000 -89.01775482
1.67400000 -89.12939770
1.67450000 -89.07978960
1.67500000 -89.05825879
1.67550000 -89.03527773
1.67600000 -89.10051861
1.67650000 -89.14274909
1.67700000 -89.09936199
1.67750000 -89.11857158
1.67800000 -89.09824879
1.67850000 -89.10882447
1.67900000 -89.14155187
1.67950000 -89.13119741
1.68000000 -89.04293604
1.68050000 -89.07885859
1.68100000 -89.07478797
1.68150000 -89.09711891
1.68200000 -89.13409869
1.68250000 -89.11794026
1.68300000 -89.05619904
1.68350000 -89.13331404
1.68400000 -89.01174387
1.68450000 -88.99759217
1.68500000 -89.06377103
1.68550000 -88.93156986
1.68600000 -88.95992617
1.68650000 -88.96791250
1.68700000 -88.84118165
1.68750000 -88.88610894
1.68800000 -88.88099415
1.68850000 -88.80942446
1.68900000 -88.83914171
1.68950000 -88.83766564
1.69000000 -88.77383398
1.69050000 -88.76809619
1.69100000 -88.73006745
1.69150000 -88.75681435
1.69200000 -88.73563605
1.69250000 -88.68108707
1.69300000 -88.68886972
1.69350000 -88.65516050
1.69400000 -88.63597929
1.69450000 -88.66075651
1.69500000 -88.55947415
1.69550000 -88.58094834
1.69600000 -88.53316318
1.69650000 -88.53865641
1.69700000 -88.50767590
1.69750000 -88.56826505
1.69800000 -88.50837554
1.69850000 -88.44887655
1.69900000 -88.49841033
1.69950000 -88.50283230
1.70000000 -88.44081743
1.70050000 -88.46778230
1.70100000 -88.48008279
1.70150000 -88.49074839
1.70200000 -88.47454740
1.70250000 -88.51215054
1.70300000 -88.47931701
1.70350000 -88.47477839
1.70400000 -88.50871788
1.70450000 -88.48265751
1.70500000 -88.49528136
1.70550000 -88.51473508
1.70600000 -88.52621540
1.70650000 -88.60252257
1.70700000 -88.66371481
1.70750000 -88.62433652
1.70800000 -88.58829906
1.70850000 -88.70256067
1.70900000 -88.72899748
1.70950000 -88.72398694
1.71000000 -88.79997915
1.71050000 -88.81143011
1.71100000 -88.90738743
1.71150000 -88.92389772
1.71200000 -88.89189189
1.71250000 -89.00757854
1.71300000 -89.08672772
1.71350000 -89.13358758
1.71400000 -89.14644261
1.71450000 -89.26857656
1.71500000 -89.37488076
1.71550000 -89.39472051
1.71600000 -89.45483179
1.71650000 -89.51646681
1.71700000 -89.60678632
1.71750000 -89.71673817
1.71800000 -89.82970399
1.71850000 -89.90366388
1.71900000 -89.96196708
1.71950000 -90.00745387
1.72000000 -90.26607038
1.72050000 -90.31146222
1.72100000 -90.49814124
1.72150000 -90.56762208
1.72200000 -90.66623257
1.72250000 -90.73208368
1.72300000 -90.93064106
1.72350000 -91.04488822
1.72400000 -91.20071731
1.72450000 -91.30979238
1.72500000 -91.52520723
1.72550000 -91.61137268
1.72600000 -91.73654337
1.72650000 -91.91012859
1.72700000 -92.07803031
1.72750000 -92.22250220
1.72800000 -92.39250788
1.72850000 -92.48068295
1.72900000 -92.65914541
1.72950000 -92.79859406
1.73000000 -93.11949625
1.73050000 -93.31981854
1.73100000 -93.47318838
1.73150000 -93.54777195
1.73200000 -93.79596040
1.73250000 -94.00199344
1.73300000 -94.18817950
1.73350000 -94.29238377
1.73400000 -94.57778167
1.73450000 -94.81761152
1.73500000 -94.99772588
1.73550000 -95.17088373
1.73600000 -95.38470262
1.73650000 -95.63184794
1.73700000 -95.77993255
1.73750000 -96.00984167
1.73800000 -96.11589500
1.73850000 -96.35235424
1.73900000 -96.58439685
1.73950000 -96.81387193
1.74000000 -97.03202158
1.74050000 -97.20189813
1.74100000 -97.39930649
1.74150000 -97.66253947
1.74200000 -97.88404537
1.74250000 -98.04597004
1.74300000 -98.29807566
1.74350000 -98.50828454
1.74400000 -98.67229374
1.74450000 -98.86867055
1.74500000 -99.21361754
1.74550000 -99.36161024
1.74600000 -99.48914340
1.74650000 -99.69456373
1.74700000 -99.86187689
1.74750000 -100.05051329
1.74800000 -100.26102603
1.74850000 -100.54511225
1.74900000 -100.62219360
1.74950000 -100.87262281
1.75000000 -101.10682807
1.75050000 -101.21948745
1.75100000 -101.39968835
1.75150000 -101.54531058
1.75200000 -101.72921387
1.75250000 -101.94425182
1.75300000 -102.09401449
1.75350000 -102.25295447
1.75400000 -102.34211081
1.75450000 -102.51028388
1.75500000 -102.69508737
1.75550000 -102.82644941
1.75600000 -103.02852770
1.75650000 -103.16009933
1.75700000 -103.22834815
1.75750000 -103.36937293
1.75800000 -103.52666537
1.75850000 -103.61644527
1.75900000 -103.74639599
1.75950000 -103.88274691
1.76000000 -103.97062345
1.76050000 -104.10596364
1.76100000 -104.19670001
1.76150000 -104.33810515
1.76200000 -104.46556444
1.76250000 -104.52213377
1.76300000 -104.66077994
1.76350000 -104.60370697
1.76400000 -104.75461429
1.76450000 -104.89604985
1.76500000 -104.94715358
1.76550000 -105.01410128
1.76600000 -105.07574800
1.76650000 -105.16634435
1.76700000 -105.23111261
1.76750000 -105.26142531
1.76800000 -105.39597996
1.76850000 -105.40918867
1.76900000 -105.43695702
1.76950000 -105.53456728
1.77000000 -105.55439591
1.77050000 -105.54593199
1.77100000 -105.65330167
1.77150000 -105.70733358
1.77200000 -105.67096609
1.77250000 -105.71636587
1.77300000 -105.79146609
1.77350000 -105.76489049
1.77400000 -105.77699218
1.77450000 -105.85035381
1.77500000 -105.86487504
1.77550000 -105.85599009
1.77600000 -105.91200323
1.77650000 -105.88331618
1.77700000 -105.92305018
1.77750000 -105.93302809
1.77800000 -105.99586831
1.77850000 -105.95263518
1.77900000 -105.93405480
1.77950000 -105.98604070
1.78000000 -106.06724300
1.78050000 -105.98059274
1.78100000 -106.02391919
1.78150000 -105.98176075
1.78200000 -106.01562806
1.78250000 -106.02752415
1.78300000 -106.09360326
1.78350000 -106.04448018
1.78400000 -106.07089603
1.78450000 -106.02155533
1.78500000 -106.07304806
1.78550000 -106.03516891
1.78600000 -106.06826047
1.78650000 -106.08973987
1.78700000 -106.08639999
1.78750000 -106.09157447
1.78800000 -106.08331051
1.78850000 -106.07134923
1.78900000 -106.13603591
1.78950000 -106.11393282
1.79000000 -106.05520820
1.79050000 -106.11076777
1.79100000 -106.18551170
1.79150000 -106.17395115
1.79200000 -106.18722470
1.79250000 -106.18017988
1.79300000 -106.19910530
1.79350000 -106.17314528
1.79400000 -106.26957620
1.79450000 -106.24384335
1.79500000 -106.28807551
1.79550000 -106.32251917
1.79600000 -106.36519908
1.79650000 -106.38769300
1.79700000 -106.47552886
1.79750000 -106.48591393
1.79800000 -106.46794596
1.79850000 -106.52917399
1.79900000 -106.59869744
1.79950000 -106.62568078
1.80000000 -106.66157885
1.80050000 -106.72595278
1.80100000 -106.76011440
1.80150000 -106.83337677
1.80200000 -106.89407304
1.80250000 -106.97625593
1.80300000 -107.01646358
1.80350000 -107.17707368
1.80400000 -107.19540261
1.80450000 -107.19469042
1.80500000 -107.30742788
1.80550000 -107.39398020
1.80600000 -107.47140727
1.80650000 -107.54286345
1.80700000 -107.65012157
1.80750000 -107.76166753
1.80800000 -107.84931053
1.80850000 -107.96655084
1.80900000 -108.02752035
1.80950000 -108.11170828
1.81000000 -108.22109942
1.81050000 -108.36951280
1.81100000 -108.45133749
1.81150000 -108.52939680
1.81200000 -108.69748758
1.81250000 -108.74718390
1.81300000 -108.90179487
1.81350000 -108.99207655
1.81400000 -109.17943618
1.81450000 -109.31948503
1.81500000 -109.39245820
1.81550000 -109.64594441
1.81600000 -109.69247572
1.81650000 -109.88516439
1.81700000 -110.06297643
1.81750000 -110.07824894
1.81800000 -110.25872886
1.81850000 -110.46353950
1.81900000 -110.63581586
1.81950000 -110.75751699
1.82000000 -110.93199410
1.82050000 -111.10760901
1.82100000 -111.20887511
1.82150000 -111.37793959
1.82200000 -111.58700875
1.82250000 -111.74241531
1.82300000 -111.97556981
1.82350000 -112.05664967
1.82400000 -112.27790543
1.82450000 -112.44999315
1.82500000 -112.59198599
1.82550000 -112.76525973
1.82600000 -112.94604751
1.82650000 -113.13096823
1.82700000 -113.37653497
1.82750000 -113.48246220
1.82800000 -113.63791345
1.82850000 -113.86710915
1.82900000 -114.01654545
1.82950000 -114.20895784
1.83000000 -114.40832789
1.83050000 -114.56080268
1.83100000 -114.68537861
1.83150000 -114.89971283
1.83200000 -115.20769837
1.83250000 -115.30590705
1.83300000 -115.50464989
1.83350000 -115.66297622
1.83400000 -115.92001022
1.83450000 -116.07049235
1.83500000 -116.28320454
1.83550000 -116.44098149
1.83600000 -116.58661773
1.83650000 -116.74443086
1.83700000 -116.90350800
1.83750000 -117.16872876
1.83800000 -117.30339986
1.83850000 -117.48598679
1.83900000 -117.65568546
1.83950000 -117.82642046
1.84000000 -117.95163733
1.84050000 -118.23274822
1.84100000 -118.24449915
1.84150000 -118.41504713
1.84200000 -118.67770672
1.84250000 -118.80938271
1.84300000 -118.97077967
1.84350000 -119.08230309
1.84400000 -119.30016307
1.84450000 -119.40675443
1.84500000 -119.50951703
1.84550000 -119.70032003
1.84600000 -119.83766999
1.84650000 -120.02538970
1.84700000 -120.13826510
1.84750000 -120.27756440
1.84800000 -120.44269996
1.84850000 -120.59902451
1.84900000 -120.67189904
1.84950000 -120.78100769
1.85000000 -121.00605257
1.85050000 -121.04250790
1.85100000 -121.19018330
1.85150000 -121.22199944
1.85200000 -121.32643196
1.85250000 -121.53712835
1.85300000 -121.56174223
1.85350000 -121.70484681
1.85400000 -121.78788697
1.85450000 -121.88941662
1.85500000 -121.97318601
1.85550000 -122.13393245
1.85600000 -122.21812017
1.85650000 -122.35412612
1.85700000 -122.44015239
1.85750000 -122.52100418
1.85800000 -122.53526270
1.85850000 -122.69250494
1.85900000 -122.71408418
1.85950000 -122.77331676
1.86000000 -122.79958116
1.86050000 -122.95890376
1.86100000 -122.95625054
1.86150000 -123.03548894
1.86200000 -123.14152077
1.86250000 -123.17136095
1.86300000 -123.24714292
1.86350000 -123.25716802
1.86400000 -123.31616147
1.86450000 -123.34750484
1.86500000 -123.42527542
1.86550000 -123.47937814
1.86600000 -123.54581072
1.86650000 -123.57713788
1.86700000 -123.60546873
1.86750000 -123.67145317
1.86800000 -123.70963234
1.86850000 -123.80355831
1.86900000 -123.75134932
1.86950000 -123.80353300
1.87000000 -123.84182980
1.87050000 -123.84816755
1.87100000 -123.90741660
1.87150000 -123.94307028
1.87200000 -123.90657478
1.87250000 -124.00242624
1.87300000 -123.98850459
1.87350000 -123.98208337
1.87400000 -124.06171772
1.87450000 -124.02835263
1.87500000 -124.05563990
1.87550000 -124.12467214
1.87600000 -124.08330412
1.87650000 -124.15969944
1.87700000 -124.17201339
1.87750000 -124.18504361
1.87800000 -124.11223822
1.87850000 -124.21753785
1.87900000 -124.20113028
1.87950000 -124.21484970
1.88000000 -124.23057039
1.88050000 -124.25016175
1.88100000 -124.27461652
1.88150000 -124.29954089
1.88200000 -124.32963945
1.88250000 -124.20937533
1.88300000 -124.29619555
1.88350000 -124.35296510
1.88400000 -124.24386798
1.88450000 -124.33129671
1.88500000 -124.30868482
1.88550000 -124.37603993
1.88600000 -124.35183011
1.88650000 -124.39382052
1.88700000 -124.34821923
1.88750000 -124.37868923
1.88800000 -124.32553121
1.88850000 -124.36883186
1.88900000 -124.40730939
1.88950000 -124.43871743
1.89000000 -124.46795342
1.89050000 -124.45571118
1.89100000 -124.49758177
1.89150000 -124.50952673
1.89200000 -124.51209430
1.89250000 -124.51353785
1.89300000 -124.54765650
1.89350000 -124.59727696
1.89400000 -124.61452544
1.89450000 -124.55632542
1.89500000 -124.58085804
1.89550000 -124.69976560
1.89600000 -124.70781896
1.89650000 -124.66422058
1.89700000 -124.71333174
1.89750000 -124.72420247
1.89800000 -124.73959876
1.89850000 -124.77836106
1.89900000 -124.83759873
1.89950000 -124.87115279
1.90000000 -124.88562002
1.90050000 -124.92493417
1.90100000 -124.98567534
1.90150000 -125.00034625
1.90200000 -125.03553183
1.90250000 -125.00551787
1.90300000 -125.16010835
1.90350000 -125.10274446
1.90400000 -125.17478871
1.90450000 -125.24239304
1.90500000 -125.25863655
1.90550000 -125.28666690
1.90600000 -125.40729213
1.90650000 -125.51184586
1.90700000 -125.45763000
1.90750000 -125.53226495
1.90800000 -125.54572898
1.90850000 -125.65174334
1.90900000 -125.75326319
1.90950000 -125.77685237
1.91000000 -125.78207983
1.91050000 -125.86897106
1.91100000 -125.94046534
1.91150000 -126.00197309
1.91200000 -126.05023568
1.91250000 -126.15324567
1.91300000 -126.31482796
1.91350000 -126.22821769
1.91400000 -126.38911943
1.91450000 -126.42490515
1.91500000 -126.49807104
1.91550000 -126.56970362
1.91600000 -126.60926512
1.91650000 -126.71749748
1.91700000 -126.83138470
1.91750000 -126.90310744
1.91800000 -126.92993361
1.91850000 -127.07251492
1.91900000 -127.09454821
1.91950000 -127.28651394
1.92000000 -127.32195841
1.92050000 -127.39766783
1.92100000 -127.46527201
1.92150000 -127.53567175
1.92200000 -127.67651441
1.92250000 -127.75267308
1.92300000 -127.85659264
1.92350000 -127.91415454
1.92400000 -128.05347549
1.92450000 -128.15546911
1.92500000 -128.20569029
1.92550000 -128.35112094
1.92600000 -128.40776329
1.92650000 -128.50915929
1.92700000 -128.64571270
1.92750000 -128.73052987
1.92800000 -128.79911068
1.92850000 -128.87253892
1.92900000 -129.05953794
1.92950000 -129.12363683
1.93000000 -129.21533924
1.93050000 -129.33330536
1.93100000 -129.41864748
1.93150000 -129.52839673
1.93200000 -129.64998450
1.93250000 -129.72582153
1.93300000 -129.81590560
1.93350000 -129.96885233
1.93400000 -130.00293638
1.93450000 -130.19638676
1.93500000 -130.24133724
1.93550000 -130.34458411
1.93600000 -130.46477882
1.93650000 -130.55054509
1.93700000 -130.70340488
1.93750000 -130.77960623
1.93800000 -130.87112265
1.93850000 -131.01546228
1.93900000 -131.14384314
1.93950000 -131.14441962
1.94000000 -131.28812209
1.94050000 -131.41994134
1.94100000 -131.54508709
1.94150000 -131.60292511
1.94200000 -131.73447206
1.94250000 -131.79084592
1.94300000 -131.91775528
1.94350000 -132.01777294
1.94400000 -132.11996300
1.94450000 -132.24120795
1.94500000 -132.32394799
1.94550000 -132.41429438
1.94600000 -132.55681660
1.94650000 -132.63810707
1.94700000 -132.73847305
1.94750000 -132.85135444
1.94800000 -132.95174404
1.94850000 -133.01138577
1.94900000 -133.10578635
1.94950000 -133.26423023
1.95000000 -133.33680442
1.95050000 -133.44215661
1.95100000 -133.50970167
1.95150000 -133.67985598
1.95200000 -133.66022131
1.95250000 -133.78353662
1.95300000 -133.82169802
1.95350000 -133.93395186
1.95400000 -134.08564065
1.95450000 -134.10882758
1.95500000 -134.19232088
1.95550000 -134.28659823
1.95600000 -134.34216152
1.95650000 -134.45918828
1.95700000 -134.57111457
1.95750000 -134.63707708
1.95800000 -134.72928635
1.95850000 -134.77209455
1.95900000 -134.88324877
1.95950000 -134.97439956
1.96000000 -134.99878321
1.96050000 -135.09158133
1.96100000 -135.18623728
1.96150000 -135.22173732
1.96200000 -135.31673141
1.96250000 -135.37551992
1.96300000 -135.44892718
1.96350000 -135.49741922
1.96400000 -135.61352246
1.96450000 -135.67882239
1.96500000 -135.71177878
1.96550000 -135.80410883
1.96600000 -135.82593906
1.96650000 -135.91916092
1.96700000 -135.94720871
1.96750000 -136.03062113
1.96800000 -136.09243800
1.96850000 -136.13457866
1.96900000 -136.17379484
1.96950000 -136.26695751
1.97000000 -136.32955648
1.97050000 -136.39681037
1.97100000 -136.43792079
1.97150000 -136.47153147
1.97200000 -136.51961044
1.97250000 -136.62485362
1.97300000 -136.62614310
1.97350000 -136.70555796
1.97400000 -136.75164999
1.97450000 -136.78947938
1.97500000 -136.80185292
1.97550000 -136.83099784
1.97600000 -136.95984306
1.97650000 -136.94829939
1.97700000 -137.08562193
1.97750000 -137.15554225
1.97800000 -137.08410963
1.97850000 -137.19461649
1.97900000 -137.23465427
1.97950000 -137.25371460
1.98000000 -137.29469276
1.98050000 -137.36257362
1.98100000 -137.39166677
1.98150000 -137.43267286
1.98200000 -137.46105610
1.98250000 -137.47314194
1.98300000 -137.49507266
1.98350000 -137.56444944
1.98400000 -137.60680699
1.98450000 -137.65847856
1.98500000 -137.69595515
1.98550000 -137.67947564
1.98600000 -137.71663247
1.98650000 -137.74596240
1.98700000 -137.82854402
1.98750000 -137.85000612
1.98800000 -137.89167822
1.98850000 -137.93462958
1.98900000 -137.97052467
1.98950000 -138.01471088
1.99000000 -138.00776797
1.99050000 -138.10838177
1.99100000 -138.15839152
1.99150000 -138.12070451
1.99200000 -138.19129405
1.99250000 -138.30241009
1.99300000 -138.27871168
1.99350000 -138.33676487
1.99400000 -138.39475373
1.99450000 -138.40405332
1.99500000 -138.38542557
1.99550000 -138.42952704
1.99600000 -138.47071314
1.99650000 -138.45248979
1.99700000 -138.59612394
1.99750000 -138.59032252
1.99800000 -138.63624258
1.99850000 -138.64373138
1.99900000 -138.67271128
1.99950000 -138.69612335
2.00000000 -138.77243414
2.00050000 -138.82149071
2.00100000 -138.82735530
2.00150000 -138.87359642
2.00200000 -138.92454324
2.00250000 -138.97488150
2.00300000 -139.02061617
2.00350000 -139.03954466
2.00400000 -139.07626586
2.00450000 -139.14794920
2.00500000 -139.14793600
2.00550000 -139.20293365
2.00600000 -139.21831229
2.00650000 -139.28883907
2.00700000 -139.29586032
2.00750000 -139.29324096
2.00800000 -139.40107363
2.00850000 -139.43930342
2.00900000 -139.51066588
2.00950000 -139.54704482
2.01000000 -139.54283129
2.01050000 -139.59511818
2.01100000 -139.65833541
2.01150000 -139.68221526
2.01200000 -139.72805009
2.01250000 -139.83438678
2.01300000 -139.91229646
2.01350000 -139.92680359
2.01400000 -139.91467403
2.01450000 -139.99836478
2.01500000 -140.03444826
2.01550000 -140.08170556
2.01600000 -140.15647154
2.01650000 -140.17434616
2.01700000 -140.23274003
2.01750000 -140.23317224
2.01800000 -140.32833855
2.01850000 -140.41652312
2.01900000 -140.43985733
2.01950000 -140.49658568
2.02000000 -140.51023767
2.02050000 -140.60380661
2.02100000 -140.68662101
2.02150000 -140.70375996
2.02200000 -140.76292088
2.02250000 -140.85298523
2.02300000 -140.85328959
2.02350000 -140.89555155
2.02400000 -140.96090148
2.02450000 -141.04109439
2.02500000 -141.05707462
2.02550000 -141.10621331
2.02600000 -141.23767672
2.02650000 -141.31247802
2.02700000 -141.32172802
2.02750000 -141.40797683
2.02800000 -141.46033875
2.02850000 -141.51847163
2.02900000 -141.58362642
2.02950000 -141.69122500
2.03000000 -141.71141888
2.03050000 -141.78432302
2.03100000 -141.84354258
2.03150000 -141.91137462
2.03200000 -141.96345665
2.03250000 -142.05573637
2.03300000 -142.00353941
2.03350000 -142.16242518
2.03400000 -142.25955637
2.03450000 -142.29425665
2.03500000 -142.36219730
2.03550000 -142.45247548
2.03600000 -142.54268732
2.03650000 -142.60012965
2.03700000 -142.63139474
2.03750000 -142.69045002
2.03800000 -142.80867774
2.03850000 -142.84338839
2.03900000 -142.97480340
2.03950000 -143.00543667
2.04000000 -143.08141920
2.04050000 -143.16273484
2.04100000 -143.12856661
2.04150000 -143.33920602
2.04200000 -143.33679102
2.04250000 -143.45076613
2.04300000 -143.53543409
2.04350000 -143.61912603
2.04400000 -143.74552736
2.04450000 -143.69805755
2.04500000 -143.87300742
2.04550000 -143.85536735
2.04600000 -143.91864122
2.04650000 -143.99530749
2.04700000 -144.08651332
2.04750000 -144.26660038
2.04800000 -144.28923374
2.04850000 -144.36460486
2.04900000 -144.40798816
2.04950000 -144.52806982
2.05000000 -144.58782593
2.05050000 -144.65125810
2.05100000 -144.77766587
2.05150000 -144.88403279
2.05200000 -144.91231285
2.05250000 -145.01446780
2.05300000 -145.09336821
2.05350000 -145.15866574
2.05400000 -145.20407408
2.05450000 -145.31759891
2.05500000 -145.37194330
2.05550000 -145.39860020
2.05600000 -145.55020433
2.05650000 -145.61492053
2.05700000 -145.69639760
2.05750000 -145.75256579
2.05800000 -145.85598649
2.05850000 -145.93368862
2.05900000 -146.00226311
2.05950000 -146.07374189
2.06000000 -146.13008603
2.06050000 -146.24924485
2.06100000 -146.30795292
2.06150000 -146.39767133
2.06200000 -146.46144782
2.06250000 -146.49938767
2.06300000 -146.62087279
2.06350000 -146.72436036
2.06400000 -146.76175483
2.06450000 -146.88428106
2.06500000 -146.88712329
2.06550000 -146.97081399
2.06600000 -147.05440370
2.06650000 -147.15632264
2.06700000 -147.28014940
2.06750000 -147.28908250
2.06800000 -147.45021805
2.06850000 -147.47758394
2.06900000 -147.52639793
2.06950000 -147.60967461
2.07000000 -147.75827548
2.07050000 -147.81285275
2.07100000 -147.84667978
2.07150000 -147.92891632
2.07200000 -147.99826657
2.07250000 -148.06327417
2.07300000 -148.06371031
2.07350000 -148.13333136
2.07400000 -148.26767974
2.07450000 -148.35114439
2.07500000 -148.45397512
2.07550000 -148.48785290
2.07600000 -148.57455069
2.07650000 -148.63214301
2.07700000 -148.69203064
2.07750000 -148.76541948
2.07800000 -148.84099177
2.07850000 -148.87652703
2.07900000 -148.98698668
2.07950000 -149.04948738
2.08000000 -149.13622282
2.08050000 -149.16838414
2.08100000 -149.26476164
2.08150000 -149.29616689
2.08200000 -149.33791773
2.08250000 -149.42650450
2.08300000 -149.52865307
2.08350000 -149.60891937
2.08400000 -149.65380910
2.08450000 -149.73609053
2.08500000 -149.81247538
2.08550000 -149.83436615
2.08600000 -149.88345325
2.08650000 -150.01016725
2.08700000 -150.02785450
2.08750000 -150.10886257
2.08800000 -150.13829581
2.08850000 -150.18179598
2.08900000 -150.19349789
2.08950000 -150.28640921
2.09000000 -150.33177406
2.09050000 -150.50325258
2.09100000 -150.51216388
2.09150000 -150.51795386
2.09200000 -150.63080600
2.09250000 -150.69589349
2.09300000 -150.68273271
2.09350000 -150.78139894
2.09400000 -150.88080844
2.09450000 -150.92073619
2.09500000 -150.95226806
2.09550000 -151.06014524
2.09600000 -151.04254558
2.09650000 -151.10788779
2.09700000 -151.16047832
2.09750000 -151.20396378
2.09800000 -151.27766639
2.09850000 -151.33565124
2.09900000 -151.35541204
2.09950000 -151.41378718
2.10000000 -151.45308811
2.10050000 -151.51052465
2.10100000 -151.56393627
2.10150000 -151.60541681
2.10200000 -151.70434389
2.10250000 -151.76753831
2.10300000 -151.74690772
2.10350000 -151.84374819
2.10400000 -151.81688872
2.10450000 -151.87118821
2.10500000 -151.96736705
2.10550000 -151.94035945
2.10600000 -152.05716278
2.10650000 -152.12448736
2.10700000 -152.20135625
2.10750000 -152.18443003
2.10800000 -152.22553957
2.10850000 -152.31237176
2.10900000 -152.30988599
2.10950000 -152.30449482
2.11000000 -152.36555244
2.11050000 -152.46352101
2.11100000 -152.48772425
2.11150000 -152.55528343
2.11200000 -152.60610456
2.11250000 -152.60815018
2.11300000 -152.64075090
2.11350000 -152.67626727
2.11400000 -152.68928156
2.11450000 -152.78265459
2.11500000 -152.81421184
2.11550000 -152.84206097
2.11600000 -152.92210411
2.11650000 -152.97518765
2.11700000 -153.00794016
2.11750000 -152.99561609
2.11800000 -153.04366629
2.11850000 -153.13918455
2.11900000 -153.13926610
2.11950000 -153.15647626
2.12000000 -153.25579378
2.12050000 -153.25721013
2.12100000 -153.29466113
2.12150000 -153.37953940
2.12200000 -153.39042858
2.12250000 -153.45757340
2.12300000 -153.45328093
2.12350000 -153.44889174
2.12400000 -153.53574399
2.12450000 -153.56536629
2.12500000 -153.61971943
2.12550000 -153.62917920
2.12600000 -153.72220651
2.12650000 -153.73247410
2.12700000 -153.79472300
2.12750000 -153.86017457
2.12800000 -153.87111737
2.12850000 -154.00517723
2.12900000 -153.84997831
2.12950000 -153.98681656
2.13000000 -153.97118991
2.13050000 -154.06844548
2.13100000 -154.10264788
2.13150000 -154.16328130
2.13200000 -154.09486212
2.13250000 -154.22514645
2.13300000 -154.25539389
2.13350000 -154.36064844
2.13400000 -154.36475615
2.13450000 -154.40307830
2.13500000 -154.45609212
2.13550000 -154.53572255
2.13600000 -154.52440976
2.13650000 -154.58750828
2.13700000 -154.56689850
2.13750000 -154.69404152
2.13800000 -154.75275942
2.13850000 -154.78431149
2.13900000 -154.81733034
2.13950000 -154.85916187
2.14000000 -154.92478181
2.14050000 -154.95414887
2.14100000 -154.98635602
2.14150000 -155.06223474
2.14200000 -155.11310673
2.14250000 -155.18573144
2.14300000 -155.16540682
2.14350000 -155.28971950
2.14400000 -155.30932058
2.14450000 -155.33213866
2.14500000 -155.43436038
2.14550000 -155.41926339
2.14600000 -155.49553715
2.14650000 -155.58027522
2.14700000 -155.64445339
2.14750000 -155.63960196
2.14800000 -155.79647455
2.14850000 -155.77544620
2.14900000 -155.83198754
2.14950000 -155.92590101
2.15000000 -155.97669935
2.15050000 -156.00013085
2.15100000 -156.07454404
2.15150000 -156.09129653
2.15200000 -156.18629031
2.15250000 -156.20690042
2.15300000 -156.27842584
2.15350000 -156.37242677
2.15400000 -156.41129314
2.15450000 -156.47565511
2.15500000 -156.51770765
2.15550000 -156.61051911
2.15600000 -156.66416749
2.15650000 -156.75390380
2.15700000 -156.79360898
2.15750000 -156.89237105
2.15800000 -156.91817029
2.15850000 -157.01651958
2.15900000 -157.02031738
2.15950000 -157.07931823
2.16000000 -157.23341172
2.16050000 -157.22637552
2.16100000 -157.33148926
2.16150000 -157.33026298
2.16200000 -157.43362262
2.16250000 -157.54183249
2.16300000 -157.59466077
2.16350000 -157.66721178
2.16400000 -157.72294855
2.16450000 -157.81647491
2.16500000 -157.86243324
2.16550000 -157.95559209
2.16600000 -158.00316080
2.16650000 -158.02222644
2.16700000 -158.18581815
2.16750000 -158.23427703
2.16800000 -158.29664588
2.16850000 -158.38736519
2.16900000 -158.50549607
2.16950000 -158.52517847
2.17000000 -158.58602523
2.17050000 -158.71427804
2.17100000 -158.79279554
2.17150000 -158.83114686
2.17200000 -158.85818427
2.17250000 -158.94865797
2.17300000 -159.06192020
2.17350000 -159.09626905
2.17400000 -159.16729567
2.17450000 -159.30873416
2.17500000 -159.30493430
2.17550000 -159.46164255
2.17600000 -159.53112142
2.17650000 -159.53651853
2.17700000 -159.58443103
2.17750000 -159.68613031
2.17800000 -159.81150145
2.17850000 -159.88542198
2.17900000 -159.98650752
2.17950000 -160.04096648
2.18000000 -160.13739373
2.18050000 -160.16425362
2.18100000 -160.28967514
2.18150000 -160.34655854
2.18200000 -160.44131157
2.18250000 -160.52827324
2.18300000 -160.54931523
2.18350000 -160.62591372
2.18400000 -160.72177219
2.18450000 -160.79320295
2.18500000 -160.89558936
2.18550000 -160.98965365
2.18600000 -161.02672488
2.18650000 -161.10392621
2.18700000 -161.14407876
2.18750000 -161.28396108
2.18800000 -161.32938322
2.18850000 -161.42565864
2.18900000 -161.54274108
2.18950000 -161.57577508
2.19000000 -161.66278111
2.19050000 -161.78771917
2.19100000 -161.81306261
2.19150000 -161.93064763
2.19200000 -161.89258937
2.19250000 -162.05650645
2.19300000 -162.12677569
2.19350000 -162.15125226
2.19400000 -162.21718655
2.19450000 -162.31256472
2.19500000 -162.43217701
2.19550000 -162.45365834
2.19600000 -162.51145770
2.19650000 -162.60533147
2.19700000 -162.64040995
2.19750000 -162.67191979
2.19800000 -162.82457906
2.19850000 -162.85886074
2.19900000 -162.91961063
2.19950000 -162.99474333
2.20000000 -163.01875063
2.20050000 -163.18059895
2.20100000 -163.14204668
2.20150000 -163.24658388
2.20200000 -163.28067348
2.20250000 -163.34329780
2.20300000 -163.38217852
2.20350000 -163.49065686
2.20400000 -163.54139856
2.20450000 -163.62530997
2.20500000 -163.65355571
2.20550000 -163.72040905
2.20600000 -163.76080581
2.20650000 -163.82001651
2.20700000 -163.84504274
2.20750000 -163.87776889
2.20800000 -163.91885981
2.20850000 -164.04906581
2.20900000 -164.08826168
2.20950000 -164.12095723
2.21000000 -164.20829165
2.21050000 -164.20455601
2.21100000 -164.29060374
2.21150000 -164.34332735
2.21200000 -164.35815778
2.21250000 -164.41472745
2.21300000 -164.45436580
2.21350000 -164.50427021
2.21400000 -164.51175106
2.21450000 -164.63774973
2.21500000 -164.61578398
2.21550000 -164.69463223
2.21600000 -164.73537376
2.21650000 -164.70459121
2.21700000 -164.84328213
2.21750000 -164.80537416
2.21800000 -164.86764881
2.21850000 -164.94356905
2.21900000 -164.98445589
2.21950000 -165.05830495
2.22000000 -165.06278755
2.22050000 -165.06307658
2.22100000 -165.14733973
2.22150000 -165.16354631
2.22200000 -165.12358817
2.22250000 -165.24407136
2.22300000 -165.21959435
2.22350000 -165.23306431
2.22400000 -165.31702362
2.22450000 -165.40368156
2.22500000 -165.36509653
2.22550000 -165.40170745
2.22600000 -165.40717191
2.22650000 -165.50538557
2.22700000 -165.47646398
2.22750000 -165.52325042
2.22800000 -165.50906210
2.22850000 -165.62318264
2.22900000 -165.63276768
2.22950000 -165.64303178
2.23000000 -165.72933644
2.23050000 -165.75266107
2.23100000 -165.75826147
2.23150000 -165.76829052
2.23200000 -165.84379284
2.23250000 -165.89159035
2.23300000 -165.85989391
2.23350000 -165.85040101
2.23400000 -165.88619512
2.23450000 -165.90918797
2.23500000 -165.95769904
2.23550000 -166.04312975
2.23600000 -166.02046986
2.23650000 -166.07896497
2.23700000 -166.07859649
2.23750000 -166.10980010
2.23800000 -166.20010386
2.23850000 -166.18478272
2.23900000 -166.18869476
2.23950000 -166.21452906
2.24000000 -166.26971546
2.24050000 -166.37031806
2.24100000 -166.35267114
2.24150000 -166.29036625
2.24200000 -166.38289490
2.24250000 -166.46952753
2.24300000 -166.40819313
2.24350000 -166.48467394
2.24400000 -166.57865861
2.24450000 -166.52410511
2.24500000 -166.53091022
2.24550000 -166.55280875
2.24600000 -166.59564418
2.24650000 -166.65219585
2.24700000 -166.63656050
2.24750000 -166.70818194
2.24800000 -166.70247705
2.24850000 -166.73654527
2.24900000 -166.81548416
2.24950000 -166.88423238
2.25000000 -166.90507724
2.25050000 -166.89818354
2.25100000 -166.92931338
2.25150000 -167.00492600
2.25200000 -167.05535748
2.25250000 -167.03021935
2.25300000 -167.10365278
2.25350000 -167.13111729
2.25400000 -167.21987727
2.25450000 -167.22668899
2.25500000 -167.29894641
2.25550000 -167.27192597
2.25600000 -167.36577941
2.25650000 -167.30106190
2.25700000 -167.46947936
2.25750000 -167.49216892
2.25800000 -167.54096665
2.25850000 -167.52779113
2.25900000 -167.61391034
2.25950000 -167.63233189
2.26000000 -167.69154086
2.26050000 -167.74188974
2.26100000 -167.76656035
2.26150000 -167.79159170
2.26200000 -167.89659519
2.26250000 -167.92791704
2.26300000 -167.97941967
2.26350000 -168.03597463
2.26400000 -168.06233905
2.26450000 -168.13240473
2.26500000 -168.16932101
2.26550000 -168.28329349
2.26600000 -168.25564671
2.26650000 -168.32634851
2.26700000 -168.43037062
2.26750000 -168.43603863
2.26800000 -168.51499011
2.26850000 -168.59138358
2.26900000 -168.56718779
2.26950000 -168.67943242
2.27000000 -168.75491703
2.27050000 -168.82813438
2.27100000 -168.82549473
2.27150000 -168.93876273
2.27200000 -169.05330510
2.27250000 -169.08203976
2.27300000 -169.13845661
2.27350000 -169.18909904
2.27400000 -169.21798146
2.27450000 -169.35461544
2.27500000 -169.40947860
2.27550000 -169.45880648
2.27600000 -169.51508309
2.27650000 -169.65247498
2.27700000 -169.69584017
2.27750000 -169.78318855
2.27800000 -169.76866913
2.27850000 -169.90014639
2.27900000 -169.95814193
2.27950000 -170.03575022
2.28000000 -170.13331105
2.28050000 -170.21580207
2.28100000 -170.31373521
2.28150000 -170.33435895
2.28200000 -170.37501959
2.28250000 -170.53038281
2.28300000 -170.58645908
2.28350000 -170.64405724
2.28400000 -170.64400461
2.28450000 -170.84178045
2.28500000 -170.85295402
2.28550000 -170.95762693
2.28600000 -171.03512329
2.28650000 -171.12640797
2.28700000 -171.19831584
2.28750000 -171.28161931
2.28800000 -171.29482264
2.28850000 -171.47654561
2.28900000 -171.53704364
2.28950000 -171.61938271
2.29000000 -171.62065618
2.29050000 -171.68243369
2.29100000 -171.80014908
2.29150000 -171.95065188
2.29200000 -171.93860121
2.29250000 -171.98113131
2.29300000 -172.17217002
2.29350000 -172.24073576
2.29400000 -172.30933368
2.29450000 -172.36725426
2.29500000 -172.38386165
2.29550000 -172.47455705
2.29600000 -172.52565265
2.29650000 -172.66018208
2.29700000 -172.74404890
2.29750000 -172.74947827
2.29800000 -172.87887470
2.29850000 -173.00826453
2.29900000 -173.04712869
2.29950000 -173.11341529
2.30000000 -173.22122702
2.30050000 -173.27207978
2.30100000 -173.31165720
2.30150000 -173.39387881
2.30200000 -173.41125713
2.30250000 -173.54513060
2.30300000 -173.52062609
2.30350000 -173.68601205
2.30400000 -173.79554623
2.30450000 -173.85468114
2.30500000 -173.88600145
2.30550000 -173.95340511
2.30600000 -174.05579050
2.30650000 -173.99785826
2.30700000 -174.16896520
2.30750000 -174.25203367
2.30800000 -174.26145392
2.30850000 -174.34749326
2.30900000 -174.40593214
2.30950000 -174.41959701
2.31000000 -174.48337710
2.31050000 -174.56464023
2.31100000 -174.52248731
2.31150000 -174.63095244
2.31200000 -174.65550442
2.31250000 -174.87977840
2.31300000 -174.83139740
2.31350000 -174.83855853
2.31400000 -175.02484617
2.31450000 -174.98599369
2.31500000 -175.08848848
2.31550000 -175.18375522
2.31600000 -175.08278796
2.31650000 -175.18773247
2.31700000 -175.24763987
2.31750000 -175.29824680
2.31800000 -175.37391906
2.31850000 -175.43053835
2.31900000 -175.39941302
2.31950000 -175.41644733
2.32000000 -175.45679199
2.32050000 -175.51641399
2.32100000 -175.54892518
2.32150000 -175.63959498
2.32200000 -175.64173344
2.32250000 -175.68790412
2.32300000 -175.68912062
2.32350000 -175.74838307
2.32400000 -175.83417684
2.32450000 -175.83043871
2.32500000 -175.85738449
2.32550000 -175.93033241
2.32600000 -175.92359540
2.32650000 -175.96580545
2.32700000 -176.02059339
2.32750000 -176.01451634
2.32800000 -176.06689035
2.32850000 -176.08507919
2.32900000 -176.12294121
2.32950000 -176.14133175
2.33000000 -176.19226477
2.33050000 -176.18225333
2.33100000 -176.13343666
2.33150000 -176.19876296
2.33200000 -176.24156097
2.33250000 -176.30411905
2.33300000 -176.29323603
2.33350000 -176.30624381
2.33400000 -176.35291397
2.33450000 -176.40876626
2.33500000 -176.41214581
2.33550000 -176.43259759
2.33600000 -176.48358727
2.33650000 -176.46163881
2.33700000 -176.49276245
2.33750000 -176.47461851
2.33800000 -176.54800630
2.33850000 -176.50917455
2.33900000 -176.43645770
2.33950000 -176.53372882
2.34000000 -176.55137889
2.34050000 -176.60720974
2.34100000 -176.58229006
2.34150000 -176.63119483
2.34200000 -176.67007365
2.34250000 -176.64419798
2.34300000 -176.67370937
2.34350000 -176.62332047
2.34400000 -176.70807963
2.34450000 -176.77644941
2.34500000 -176.68515040
2.34550000 -176.76578951
2.34600000 -176.77286498
2.34650000 -176.77476261
2.34700000 -176.76175532
2.34750000 -176.80893843
2.34800000 -176.80239591
2.34850000 -176.84622582
2.34900000 -176.76571695
2.34950000 -176.86974408
2.35000000 -176.88259635
2.35050000 -176.85155769
2.35100000 -176.89597516
2.35150000 -176.90860165
2.35200000 -176.90783451
2.35250000 -176.98714357
2.35300000 -176.98487351
2.35350000 -177.03776752
2.35400000 -176.93963605
2.35450000 -177.05091439
2.35500000 -177.06563270
2.35550000 -177.05290291
2.35600000 -177.06287095
2.35650000 -177.09201416
2.35700000 -177.08134829
2.35750000 -177.14744576
2.35800000 -177.20294316
2.35850000 -177.23532731
2.35900000 -177.25382592
2.35950000 -177.26115795
2.36000000 -177.22650983
2.36050000 -177.34952481
2.36100000 -177.27883115
2.36150000 -177.34475489
2.36200000 -177.38656056
2.36250000 -177.37265598
2.36300000 -177.42391651
2.36350000 -177.47656789
2.36400000 -177.51699626
2.36450000 -177.47674453
2.36500000 -177.56682707
2.36550000 -177.60263769
2.36600000 -177.61977622
2.36650000 -177.63038734
2.36700000 -177.65226685
2.36750000 -177.75887095
2.36800000 -177.68180225
2.36850000 -177.78137668
2.36900000 -177.82013551
2.36950000 -177.85321787
2.37000000 -177.96693127
2.37050000 -177.91904903
2.37100000 -177.98808323
2.37150000 -178.06851058
2.37200000 -178.03893968
2.37250000 -178.14494822
2.37300000 -178.20231689
2.37350000 -178.22903847
2.37400000 -178.24371791
2.37450000 -178.34947786
2.37500000 -178.39926955
2.37550000 -178.49380901
2.37600000 -178.49186814
2.37650000 -178.57461293
2.37700000 -178.57547401
2.37750000 -178.63242623
2.37800000 -178.72512845
2.37850000 -178.72591762
2.37900000 -178.81726523
2.37950000 -178.82737990
2.38000000 -178.93310323
2.38050000 -179.00115415
2.38100000 -178.95199772
2.38150000 -179.09239570
2.38200000 -179.22830423
2.38250000 -179.23630891
2.38300000 -179.27620508
2.38350000 -179.29438481
2.38400000 -179.42510697
2.38450000 -179.46129315
2.38500000 -179.51419218
2.38550000 -179.62566791
2.38600000 -179.68022387
2.38650000 -179.71366189
2.38700000 -179.81078816
2.38750000 -179.90748482
2.38800000 -179.97808567
2.38850000 179.95216741
2.38900000 179.94960362
2.38950000 179.79221739
2.39000000 179.73775314
2.39050000 179.64466870
2.39100000 179.64552117
2.39150000 179.50016529
2.39200000 179.49188299
2.39250000 179.39581499
2.39300000 179.23691904
2.39350000 179.30359024
2.39400000 179.15328288
2.39450000 179.11036592
2.39500000 179.08301473
2.39550000 178.97359620
2.39600000 178.88854780
2.39650000 178.82516388
2.39700000 178.71510612
2.39750000 178.70064838
2.39800000 178.63469023
2.39850000 178.54158873
2.39900000 178.44476674
2.39950000 178.34975911
2.40000000 178.25304145
2.40050000 178.20936814
2.40100000 178.17794631
2.40150000 178.07253994
2.40200000 178.03002353
2.40250000 177.90922715
2.40300000 177.84892523
2.40350000 177.81238576
2.40400000 177.72933705
2.40450000 177.66191090
2.40500000 177.52813014
2.40550000 177.54147844
2.40600000 177.45875955
2.40650000 177.31555622
2.40700000 177.28200874
2.40750000 177.21531997
2.40800000 177.26543461
2.40850000 177.12201080
2.40900000 177.01244049
2.40950000 176.97611143
2.41000000 176.90341733
2.41050000 176.84955473
2.41100000 176.85890851
2.41150000 176.69753199
2.41200000 176.59911740
2.41250000 176.58635342
2.41300000 176.54636078
2.41350000 176.47385711
2.41400000 176.34696950
2.41450000 176.26047209
2.41500000 176.23085181
2.41550000 176.16230920
2.41600000 176.12638229
2.41650000 176.06679012
2.41700000 176.09091615
2.41750000 175.96832479
2.41800000 175.88124450
2.41850000 175.89519456
2.41900000 175.81454974
2.41950000 175.77319374
2.42000000 175.73259183
2.42050000 175.71574283
2.42100000 175.61449149
2.42150000 175.52849301
2.42200000 175.52051669
2.42250000 175.45339906
2.42300000 175.37855078
2.42350000 175.34758795
2.42400000 175.32168144
2.42450000 175.28323938
2.42500000 175.23676009
2.42550000 175.20779319
2.42600000 175.13805652
2.42650000 175.06893191
2.42700000 175.09161459
2.42750000 174.98901758
2.42800000 175.01272821
2.42850000 175.01851175
2.42900000 174.92360762
2.42950000 174.92825280
2.43000000 174.89655501
2.43050000 174.81606368
2.43100000 174.79775039
2.43150000 174.74556292
2.43200000 174.70640086
2.43250000 174.70776600
2.43300000 174.66015186
2.43350000 174.72698744
2.43400000 174.64553416
2.43450000 174.55663378
2.43500000 174.61562199
2.43550000 174.54592932
2.43600000 174.48819610
2.43650000 174.54093533
2.43700000 174.55425296
2.43750000 174.47827204
2.43800000 174.47084303
2.43850000 174.45931559
2.43900000 174.33776180
2.43950000 174.39376872
2.44000000 174.38255411
2.44050000 174.33148095
2.44100000 174.36799905
2.44150000 174.41487381
2.44200000 174.33352222
2.44250000 174.30209811
2.44300000 174.31302440
2.44350000 174.25957055
2.44400000 174.29203880
2.44450000 174.30650514
2.44500000 174.21328906
2.44550000 174.24214335
2.44600000 174.29854502
2.44650000 174.24047444
2.44700000 174.21276153
2.44750000 174.25480338
2.44800000 174.26491745
2.44850000 174.24814416
2.44900000 174.24439831
2.44950000 174.16140948
2.45000000 174.16819900
2.45050000 174.22252995
2.45100000 174.22404578
2.45150000 174.16449244
2.45200000 174.20719028
2.45250000 174.23017053
2.45300000 174.13069867
2.45350000 174.12196370
2.45400000 174.20632080
2.45450000 174.18361011
2.45500000 174.14541205
2.45550000 174.17715092
2.45600000 174.20893648
2.45650000 174.10248400
2.45700000 174.15668649
2.45750000 174.16363962
2.45800000 174.15031027
2.45850000 174.16865738
2.45900000 174.19666674
2.45950000 174.07953046
2.46000000 174.06303911
2.46050000 174.17144262
2.46100000 174.13811546
2.46150000 174.08742964
2.46200000 174.13834851
2.46250000 174.07979428
2.46300000 174.09323141
2.46350000 174.04711328
2.46400000 174.06409171
2.46450000 174.03452951
2.46500000 174.01410631
2.46550000 173.96370801
2.46600000 174.04400862
2.46650000 173.95473205
2.46700000 174.00103475
2.46750000 173.93188779
2.46800000 173.90601888
2.46850000 173.91001287
2.46900000 173.92513614
2.46950000 173.85249984
2.47000000 173.88979209
2.47050000 173.85819432
2.47100000 173.79080351
2.47150000 173.81303436
2.47200000 173.69995620
2.47250000 173.72464640
2.47300000 173.70133861
2.47350000 173.72046322
2.47400000 173.68179046
2.47450000 173.66289923
2.47500000 173.61319194
2.47550000 173.60521729
2.47600000 173.52880013
2.47650000 173.52680812
2.47700000 173.44699464
2.47750000 173.43108019
2.47800000 173.35098794
2.47850000 173.36138217
2.47900000 173.36134849
2.47950000 173.33429539
2.48000000 173.30966546
2.48050000 173.22869395
2.48100000 173.15574971
2.48150000 173.13325699
2.48200000 173.17631684
2.48250000 173.08262209
2.48300000 173.00797552
2.48350000 172.92997529
2.48400000 172.97144458
2.48450000 172.96109510
2.48500000 172.83163620
2.48550000 172.79069300
2.48600000 172.78473400
2.48650000 172.72111394
2.48700000 172.68635625
2.48750000 172.60857431
2.48800000 172.60366929
2.48850000 172.52815672
2.48900000 172.41823012
2.48950000 172.48266102
2.49000000 172.28342277
2.49050000 172.34597325
2.49100000 172.24141530
2.49150000 172.23744468
2.49200000 172.20223275
2.49250000 172.11846696
2.49300000 172.00060303
2.49350000 171.95653189
2.49400000 171.88162681
2.49450000 171.83715712
2.49500000 171.74451800
2.49550000 171.74444641
2.49600000 171.58326928
2.49650000 171.63114389
2.49700000 171.61887835
2.49750000 171.51459680
2.49800000 171.37616497
2.49850000 171.37743409
2.49900000 171.30691247
2.49950000 171.19032024
2.50000000 171.14044506
2.50050000 171.13584467
2.50100000 170.97064378
2.50150000 170.92569267
2.50200000 170.89478101
2.50250000 170.79256240
2.50300000 170.80568089
2.50350000 170.64981232
2.50400000 170.62195967
2.50450000 170.53720204
2.50500000 170.47743017
2.50550000 170.36847396
2.50600000 170.29383391
2.50650000 170.23305987
2.50700000 170.21407084
2.50750000 170.05395787
2.50800000 170.10439473
2.50850000 169.95236965
2.50900000 169.87791887
2.50950000 169.85313063
2.51000000 169.74323080
2.51050000 169.66750199
2.51100000 169.63327463
2.51150000 169.57617339
2.51200000 169.49099341
2.51250000 169.51152253
2.51300000 169.38978442
2.51350000 169.27037517
2.51400000 169.20339376
2.51450000 169.17565924
2.51500000 169.01247142
2.51550000 168.99762141
2.51600000 169.04712020
2.51650000 168.95643438
2.51700000 168.73836613
2.51750000 168.74943970
2.51800000 168.64176284
2.51850000 168.54202792
2.51900000 168.52925462
2.51950000 168.48028456
2.52000000 168.47710420
2.52050000 168.44410010
2.52100000 168.35004388
2.52150000 168.22311208
2.52200000 168.07523885
2.52250000 168.07296822
2.52300000 168.08425215
2.52350000 167.93469028
2.52400000 167.83853473
2.52450000 167.90998200
2.52500000 167.88260550
2.52550000 167.72622768
2.52600000 167.69743313
2.52650000 167.59331618
2.52700000 167.62567090
2.52750000 167.54687539
2.52800000 167.49350611
2.52850000 167.39567190
2.52900000 167.33396269
2.52950000 167.27181853
2.53000000 167.27155439
2.53050000 167.19350778
2.53100000 167.25238357
2.53150000 167.13938354
2.53200000 167.14768918
2.53250000 167.05883263
2.53300000 167.02707202
2.53350000 166.96023693
2.53400000 166.96084197
2.53450000 166.88066405
2.53500000 166.88689257
2.53550000 166.85579204
2.53600000 166.86880298
2.53650000 166.72054634
2.53700000 166.77062422
2.53750000 166.67470203
2.53800000 166.69160491
2.53850000 166.66302336
2.53900000 166.62627345
2.53950000 166.49782063
2.54000000 166.53990554
2.54050000 166.55229547
2.54100000 166.55299289
2.54150000 166.50982989
2.54200000 166.45416703
2.54250000 166.42030086
2.54300000 166.48351677
2.54350000 166.38245843
2.54400000 166.45459591
2.54450000 166.26774798
2.54500000 166.33950851
2.54550000 166.28503990
2.54600000 166.37530915
2.54650000 166.28471754
2.54700000 166.32747843
2.54750000 166.27658960
2.54800000 166.28604672
2.54850000 166.28060154
2.54900000 166.20587348
2.54950000 166.24470777
2.55000000 166.24173661
2.55050000 166.32808030
2.55100000 166.30423546
2.55150000 166.23603678
2.55200000 166.24885186
2.55250000 166.19567008
2.55300000 166.30018400
2.55350000 166.25067379
2.55400000 166.27431406
2.55450000 166.14728089
2.55500000 166.19290890
2.55550000 166.19026825
2.55600000 166.18004297
2.55650000 166.18709952
2.55700000 166.24136008
2.55750000 166.29683263
2.55800000 166.22232140
2.55850000 166.21873924
2.55900000 166.19617252
2.55950000 166.19019796
2.56000000 166.13679128
2.56050000 166.22393956
2.56100000 166.20247270
2.56150000 166.23210631
2.56200000 166.21107987
2.56250000 166.21726673
2.56300000 166.19489977
2.56350000 166.14614881
2.56400000 166.18687262
2.56450000 166.20812144
2.56500000 166.22511180
2.56550000 166.25251339
2.56600000 166.19778653
2.56650000 166.14847152
2.56700000 166.14565282
2.56750000 166.28388444
2.56800000 166.18422684
2.56850000 166.15504932
2.56900000 166.17441452
2.56950000 166.26413642
2.57000000 166.10021068
2.57050000 166.08464789
2.57100000 166.14938224
2.57150000 166.15778376
2.57200000 166.13383046
2.57250000 166.08918791
2.57300000 166.07808022
2.57350000 166.10410651
2.57400000 166.18483762
2.57450000 166.16822779
2.57500000 166.12939435
2.57550000 166.10234906
2.57600000 166.07458576
2.57650000 166.08011893
2.57700000 166.05950033
2.57750000 165.96843471
2.57800000 166.02905405
2.57850000 165.97810540
2.57900000 166.04465953
2.57950000 166.02812766
2.58000000 165.99182137
2.58050000 165.97221435
2.58100000 166.03401483
2.58150000 165.93501117
2.58200000 165.82753756
2.58250000 165.92107983
2.58300000 165.81815572
2.58350000 165.85321211
2.58400000 165.80345993
2.58450000 165.81033038
2.58500000 165.67963642
2.58550000 165.69787135
2.58600000 165.59777933
2.58650000 165.68008980
2.58700000 165.59985532
2.58750000 165.59396999
2.58800000 165.56474068
2.58850000 165.57533204
2.58900000 165.51622965
2.58950000 165.50391282
2.59000000 165.42728711
2.59050000 165.44638261
2.59100000 165.40610364
2.59150000 165.36107419
2.59200000 165.28755755
2.59250000 165.40149814
2.59300000 165.15425643
2.59350000 165.13502340
2.59400000 165.29261586
2.59450000 165.19562881
2.59500000 165.10418420
2.59550000 165.08148483
2.59600000 165.01334573
2.59650000 164.95273317
2.59700000 165.04954924
2.59750000 164.87352195
2.59800000 164.77675727
2.59850000 164.74862866
2.59900000 164.79415660
2.59950000 164.63432830
2.60000000 164.62825052
2.60050000 164.64295889
2.60100000 164.45716886
2.60150000 164.37711629
2.60200000 164.42874387
2.60250000 164.40224442
2.60300000 164.32527572
2.60350000 164.27726075
2.60400000 164.16360083
2.60450000 164.00830139
2.60500000 164.17967855
2.60550000 164.00027065
2.60600000 163.93093551
2.60650000 163.94627575
2.60700000 163.87131895
2.60750000 163.78735972
2.60800000 163.65228202
2.60850000 163.62196080
2.60900000 163.58074821
2.60950000 163.60541801
2.61000000 163.44647082
2.61050000 163.38162089
2.61100000 163.30397658
2.61150000 163.24805512
2.61200000 163.17777825
2.61250000 163.09402495
2.61300000 163.04494746
2.61350000 162.94957949
2.61400000 162.98435992
2.61450000 162.83168245
2.61500000 162.73733041
2.61550000 162.64514311
2.61600000 162.55129887
2.61650000 162.54554933
2.61700000 162.50386084
2.61750000 162.39619328
2.61800000 162.32118925
2.61850000 162.30008558
2.61900000 162.27937248
2.61950000 162.19449480
2.62000000 162.06382364
2.62050000 162.09344410
2.62100000 161.99470795
2.62150000 161.76512043
2.62200000 161.74774282
2.62250000 161.65480562
2.62300000 161.72732322
2.62350000 161.63568306
2.62400000 161.57941299
2.62450000 161.43863490
2.62500000 161.37504094
2.62550000 161.29392443
2.62600000 161.27007188
2.62650000 161.13875463
2.62700000 161.13913238
2.62750000 160.95482588
2.62800000 160.97337012
2.62850000 160.85258455
2.62900000 160.90536315
2.62950000 160.73578160
2.63000000 160.65013453
2.63050000 160.49630785
2.63100000 160.70451598
2.63150000 160.51925549
2.63200000 160.43714366
2.63250000 160.44725947
2.63300000 160.26830293
2.63350000 160.30425039
2.63400000 160.19140942
2.63450000 160.15237734
2.63500000 160.15373612
2.63550000 160.08031792
2.63600000 160.05178564
2.63650000 159.84478494
2.63700000 159.83501340
2.63750000 159.83482907
2.63800000 159.78778626
2.63850000 159.70133868
2.63900000 159.77357502
2.63950000 159.61059964
2.64000000 159.56087881
2.64050000 159.63985258
2.64100000 159.59598331
2.64150000 159.51272347
2.64200000 159.40306762
2.64250000 159.42422507
2.64300000 159.34242893
2.64350000 159.31945210
2.64400000 159.30218726
2.64450000 159.29850142
2.64500000 159.16375909
2.64550000 159.35900430
2.64600000 159.27223711
2.64650000 159.16707973
2.64700000 159.11376522
2.64750000 159.09737512
2.64800000 159.04618884
2.64850000 159.05668966
2.64900000 159.06463760
2.64950000 159.09605202
2.65000000 158.93008062
2.65050000 158.96985118
2.65100000 158.95715474
2.65150000 158.85611683
2.65200000 158.91349057
2.65250000 158.82698353
2.65300000 158.81794801
2.65350000 158.79334778
2.65400000 158.83013411
2.65450000 158.85829310
2.65500000 158.88107658
2.65550000 158.79531552
2.65600000 158.73543209
2.65650000 158.74334825
2.65700000 158.77756353
2.65750000 158.68877893
2.65800000 158.76682978
2.65850000 158.68754946
2.65900000 158.67735697
2.65950000 158.70442954
2.66000000 158.70378395
2.66050000 158.71807440
2.66100000 158.63561619
2.66150000 158.71679594
2.66200000 158.67907164
2.66250000 158.66966230
2.66300000 158.62454515
2.66350000 158.65058723
2.66400000 158.69549133
2.66450000 158.59618606
2.66500000 158.78239495
2.66550000 158.72697727
2.66600000 158.63158632
2.66650000 158.67579247
2.66700000 158.66026595
2.66750000 158.72281172
2.66800000 158.62167586
2.66850000 158.56539927
2.66900000 158.76888128
2.66950000 158.63996460
2.67000000 158.58455929
2.67050000 158.66762113
2.67100000 158.72969274
2.67150000 158.66658056
2.67200000 158.56685236
2.67250000 158.67291646
2.67300000 158.71203606
2.67350000 158.77568253
2.67400000 158.60988943
2.67450000 158.60678875
2.67500000 158.73610714
2.67550000 158.63814029
2.67600000 158.71486770
2.67650000 158.73077689
2.67700000 158.74073581
2.67750000 158.77394955
2.67800000 158.71515098
2.67850000 158.67610022
2.67900000 158.62941527
2.67950000 158.64237999
2.68000000 158.71999505
2.68050000 158.59290044
2.68100000 158.61794017
2.68150000 158.62849058
2.68200000 158.57538926
2.68250000 158.68862631
2.68300000 158.65828615
2.68350000 158.75405317
2.68400000 158.60227179
2.68450000 158.55469581
2.68500000 158.56880827
2.68550000 158.57641298
2.68600000 158.58748184
2.68650000 158.64742023
2.68700000 158.66431061
2.68750000 158.54938762
2.68800000 158.60137426
2.68850000 158.60409078
2.68900000 158.59271613
2.68950000 158.54358817
2.69000000 158.52126102
2.69050000 158.53242975
2.69100000 158.48368065
2.69150000 158.50918880
2.69200000 158.39625574
2.69250000 158.35405756
2.69300000 158.40405909
2.69350000 158.43275414
2.69400000 158.33308651
2.69450000 158.34157214
2.69500000 158.37741629
2.69550000 158.35382533
2.69600000 158.29328410
2.69650000 158.23642853
2.69700000 158.18465564
2.69750000 158.11214831
2.69800000 158.13878333
2.69850000 158.11375483
2.69900000 158.09648507
2.69950000 158.05850529
2.70000000 158.07897818
2.70050000 158.08110531
2.70100000 157.99529254
2.70150000 157.98324775
2.70200000 158.00958070
2.70250000 157.88755663
2.70300000 157.78797664
2.70350000 157.85292032
2.70400000 157.78079694
2.70450000 157.76929139
2.70500000 157.59681131
2.70550000 157.67677319
2.70600000 157.65901627
2.70650000 157.53332889
2.70700000 157.37339298
2.70750000 157.45057144
2.70800000 157.41487480
2.70850000 157.44260475
2.70900000 157.29734041
2.70950000 157.14807409
2.71000000 157.19068717
2.71050000 157.12923125
2.71100000 157.05467098
2.71150000 157.01520973
2.71200000 156.94474896
2.71250000 156.85603757
2.71300000 156.80116289
2.71350000 156.82046375
2.71400000 156.61451875
2.71450000 156.70419966
2.71500000 156.56664326
2.71550000 156.49015258
2.71600000 156.47981510
2.71650000 156.39212314
2.71700000 156.35244696
2.71750000 156.29938178
2.71800000 156.37330571
2.71850000 156.09843129
2.71900000 156.13582250
2.71950000 156.13971827
2.72000000 155.94422733
2.72050000 155.89140928
2.72100000 155.80871523
2.72150000 155.71107298
2.72200000 155.54103182
2.72250000 155.62398639
2.72300000 155.61494710
2.72350000 155.45703269
2.72400000 155.31959562
2.72450000 155.26681197
2.72500000 155.14710922
2.72550000 155.21304055
2.72600000 155.05965151
2.72650000 155.01009299
2.72700000 154.99686670
2.72750000 154.96606639
2.72800000 154.84950690
2.72850000 154.61518185
2.72900000 154.74319423
2.72950000 154.64801889
2.73000000 154.56084092
2.73050000 154.59720818
2.73100000 154.40583577
2.73150000 154.27332068
2.73200000 154.28301571
2.73250000 154.16177269
2.73300000 154.06315545
2.73350000 154.04946765
2.73400000 154.01991703
2.73450000 153.84194383
2.73500000 153.87498442
2.73550000 153.77057580
2.73600000 153.60191950
2.73650000 153.56344750
2.73700000 153.55900233
2.73750000 153.45740201
2.73800000 153.44096590
2.73850000 153.36469864
2.73900000 153.29834038
2.73950000 153.25486220
2.74000000 153.22043820
2.74050000 153.16991093
2.74100000 153.08762399
2.74150000 153.03518179
2.74200000 152.95081007
2.74250000 152.81910317
2.74300000 152.84640824
2.74350000 152.79673031
2.74400000 152.77273850
2.74450000 152.65808291
2.74500000 152.63359676
2.74550000 152.54036693
2.74600000 152.51491395
2.74650000 152.50442724
2.74700000 152.39804163
2.74750000 152.35303803
2.74800000 152.34245375
2.74850000 152.29862253
2.74900000 152.28040709
2.74950000 152.13581890
2.75000000 152.15511130
2.75050000 152.13282516
2.75100000 152.04058046
2.75150000 151.96944024
2.75200000 152.04133147
2.75250000 152.02050282
2.75300000 151.93071796
2.75350000 151.91081163
2.75400000 151.93770120
2.75450000 151.85958974
2.75500000 151.78443871
2.75550000 151.78188126
2.75600000 151.72938105
2.75650000 151.74050500
2.75700000 151.66423498
2.75750000 151.65449195
2.75800000 151.64833886
2.75850000 151.51169413
2.75900000 151.65105877
2.75950000 151.54858060
2.76000000 151.56491249
2.76050000 151.51497355
2.76100000 151.38293633
2.76150000 151.46802832
2.76200000 151.50381679
2.76250000 151.41601724
2.76300000 151.44994800
2.76350000 151.40400940
2.76400000 151.29353371
2.76450000 151.35569163
2.76500000 151.28333052
2.76550000 151.35477984
2.76600000 151.36235569
2.76650000 151.38011856
2.76700000 151.32843530
2.76750000 151.35435080
2.76800000 151.28353519
2.76850000 151.30551280
2.76900000 151.25821238
2.76950000 151.17271450
2.77000000 151.23857021
2.77050000 151.19143317
2.77100000 151.26743124
2.77150000 151.19717396
2.77200000 151.23059303
2.77250000 151.05592039
2.77300000 151.17834520
2.77350000 151.26919216
2.77400000 151.24663608
2.77450000 151.23240888
2.77500000 151.18564305
2.77550000 151.21851480
2.77600000 151.26653766
2.77650000 151.19585977
2.77700000 151.12715907
2.77750000 151.25733701
2.77800000 151.16676899
2.77850000 151.33850696
2.77900000 151.19852488
2.77950000 151.22315472
2.78000000 151.29191535
2.78050000 151.24655458
2.78100000 151.20468777
2.78150000 151.13186723
2.78200000 151.28934529
2.78250000 151.29026491
2.78300000 151.24913508
2.78350000 151.28398552
2.78400000 151.12622538
2.78450000 151.25295878
2.78500000 151.12882920
2.78550000 151.20461433
2.78600000 151.24933297
2.78650000 151.17128296
2.78700000 151.17219580
2.78750000 151.23831000
2.78800000 151.15650449
2.78850000 151.22194355
2.78900000 151.22736546
2.78950000 151.17952153
2.79000000 151.20420383
2.79050000 151.12727913
2.79100000 151.33932422
2.79150000 151.19013780
2.79200000 151.19446643
2.79250000 151.18944879
2.79300000 151.14605586
2.79350000 151.15673034
2.79400000 151.05556995
2.79450000 151.17689292
2.79500000 151.13293541
2.79550000 151.21413134
2.79600000 151.09753983
2.79650000 151.28438388
2.79700000 151.13126730
2.79750000 151.11000199
2.79800000 151.04423926
2.79850000 151.04942266
2.79900000 151.12669854
2.79950000 150.98565289
2.80000000 151.11441764
2.80050000 151.01090963
2.80100000 151.06959518
2.80150000 151.01208150
2.80200000 150.91720596
2.80250000 151.00618991
2.80300000 150.93657279
2.80350000 150.92562980
2.80400000 150.86767498
2.80450000 150.81947970
2.80500000 150.86914218
2.80550000 150.79698339
2.80600000 150.77467644
2.80650000 150.73778871
2.80700000 150.73446718
2.80750000 150.65283743
2.80800000 150.66491614
2.80850000 150.65030302
2.80900000 150.56213511
2.80950000 150.50333689
2.81000000 150.48831725
2.81050000 150.37422911
2.81100000 150.43322013
2.81150000 150.24802702
2.81200000 150.27650331
2.81250000 150.32284552
2.81300000 150.19726649
2.81350000 150.24224783
2.81400000 150.25954018
2.81450000 150.13493959
2.81500000 150.05149139
2.81550000 149.99932359
2.81600000 149.88717835
2.81650000 149.78366099
2.81700000 149.84528662
2.81750000 149.85863523
2.81800000 149.76875749
2.81850000 149.81226645
2.81900000 149.57077359
2.81950000 149.52028985
2.82000000 149.48388745
2.82050000 149.46742865
2.82100000 149.37769428
2.82150000 149.38430337
2.82200000 149.23721891
2.82250000 149.14951368
2.82300000 149.18351522
2.82350000 149.03730654
2.82400000 149.08277065
2.82450000 148.95513819
2.82500000 149.04747233
2.82550000 148.85975334
2.82600000 148.69457893
2.82650000 148.66882748
2.82700000 148.61782909
2.82750000 148.57224389
2.82800000 148.52684239
2.82850000 148.48188224
2.82900000 148.39635834
2.82950000 148.26928393
2.83000000 148.30327814
2.83050000 148.19231859
2.83100000 148.09403286
2.83150000 148.08641700
2.83200000 147.99764679
2.83250000 147.96074750
2.83300000 147.84092998
2.83350000 147.79841105
2.83400000 147.66485863
2.83450000 147.60680423
2.83500000 147.52528723
2.83550000 147.40795564
2.83600000 147.36259734
2.83650000 147.29158522
2.83700000 147.30300527
2.83750000 147.26835848
2.83800000 147.07361191
2.83850000 146.98788387
2.83900000 146.99607499
2.83950000 146.88970428
2.84000000 146.88545187
2.84050000 146.84273427
2.84100000 146.66590920
2.84150000 146.57149823
2.84200000 146.53237518
2.84250000 146.48188876
2.84300000 146.28963420
2.84350000 146.35226186
2.84400000 146.28285643
2.84450000 146.21390295
2.84500000 146.17827044
2.84550000 146.02749204
2.84600000 145.99302022
2.84650000 145.87719077
2.84700000 145.88103267
2.84750000 145.77261625
2.84800000 145.71732661
2.84850000 145.64586566
2.84900000 145.60344895
2.84950000 145.41603069
2.85000000 145.58382098
2.85050000 145.45787168
2.85100000 145.39538729
2.85150000 145.37339543
2.85200000 145.26987928
2.85250000 145.23097256
2.85300000 145.07248012
2.85350000 145.11398335
2.85400000 144.97865018
2.85450000 144.99152156
2.85500000 144.90268875
2.85550000 144.80959364
2.85600000 144.83358049
2.85650000 144.65911051
2.85700000 144.85765707
2.85750000 144.66429932
2.85800000 144.59508054
2.85850000 144.44271896
2.85900000 144.46500419
2.85950000 144.51677717
2.86000000 144.45117279
2.86050000 144.35066876
2.86100000 144.31374832
2.86150000 144.25004416
2.86200000 144.25667601
2.86250000 144.31635188
2.86300000 144.11096674
2.86350000 144.19212265
2.86400000 144.07880895
2.86450000 144.01103482
2.86500000 144.08130067
2.86550000 144.08276737
2.86600000 144.03457653
2.86650000 143.90523178
2.86700000 143.92653546
2.86750000 143.89748293
2.86800000 143.80344349
2.86850000 143.89051761
2.86900000 143.86495255
2.86950000 143.84176603
2.87000000 143.78337668
2.87050000 143.67074398
2.87100000 143.69103160
2.87150000 143.81876762
2.87200000 143.61612774
2.87250000 143.63480604
2.87300000 143.70288193
2.87350000 143.67336196
2.87400000 143.53448664
2.87450000 143.72928234
2.87500000 143.66792875
2.87550000 143.57771981
2.87600000 143.62020321
2.87650000 143.58500020
2.87700000 143.55020546
2.87750000 143.62631415
2.87800000 143.55613091
2.87850000 143.55241414
2.87900000 143.50324346
2.87950000 143.58600146
2.88000000 143.56866274
2.88050000 143.53507740
2.88100000 143.48592955
2.88150000 143.51859289
2.88200000 143.58305259
2.88250000 143.51741934
2.88300000 143.39428502
2.88350000 143.49782765
2.88400000 143.40499831
2.88450000 143.49873672
2.88500000 143.54061923
2.88550000 143.48998079
2.88600000 143.44825338
2.88650000 143.39178596
2.88700000 143.46359950
2.88750000 143.48502832
2.88800000 143.49299500
2.88850000 143.47107853
2.88900000 143.50299686
2.88950000 143.44262907
2.89000000 143.43847746
2.89050000 143.52804146
2.89100000 143.43839970
2.89150000 143.37857773
2.89200000 143.32947444
2.89250000 143.43075093
2.89300000 143.51000962
2.89350000 143.48941389
2.89400000 143.50425621
2.89450000 143.39361833
2.89500000 143.43495117
2.89550000 143.47666986
2.89600000 143.44871594
2.89650000 143.41918410
2.89700000 143.41058040
2.89750000 143.36140648
2.89800000 143.41342009
2.89850000 143.42992166
2.89900000 143.38586265
2.89950000 143.39323448
2.90000000 143.41742054
2.90050000 143.28469280
2.90100000 143.35892939
2.90150000 143.31866400
2.90200000 143.30421287
2.90250000 143.30384107
2.90300000 143.36487507
2.90350000 143.29692501
2.90400000 143.32666852
2.90450000 143.29859245
2.90500000 143.35753236
2.90550000 143.29897563
2.90600000 143.29670771
2.90650000 143.13605317
2.90700000 143.19104196
2.90750000 143.11953228
2.90800000 143.16010505
2.90850000 143.11080743
2.90900000 143.21978722
2.90950000 143.11836465
2.91000000 143.09878859
2.91050000 143.24895992
2.91100000 143.06024653
2.91150000 143.02613296
2.91200000 143.00001576
2.91250000 142.98665465
2.91300000 142.97917538
2.91350000 142.80179868
2.91400000 142.92821081
2.91450000 142.86186574
2.91500000 142.78744929
2.91550000 142.82556969
2.91600000 142.76554114
2.91650000 142.62490902
2.91700000 142.73789935
2.91750000 142.70479888
2.91800000 142.61984414
2.91850000 142.42483304
2.91900000 142.53272479
2.91950000 142.58167479
2.92000000 142.50682658
2.92050000 142.34772814
2.92100000 142.42336743
2.92150000 142.46556884
2.92200000 142.30755037
2.92250000 142.22945355
2.92300000 142.27544535
2.92350000 142.14251325
2.92400000 141.99636869
2.92450000 142.09736900
2.92500000 141.90371880
2.92550000 141.95252222
2.92600000 141.84962538
2.92650000 141.81644580
2.92700000 141.89974405
2.92750000 141.79415457
2.92800000 141.68810461
2.92850000 141.58881652
2.92900000 141.66324985
2.92950000 141.52907456
2.93000000 141.56808609
2.93050000 141.36596218
2.93100000 141.37406948
2.93150000 141.28101984
2.93200000 141.25319694
2.93250000 141.13348328
2.93300000 141.14848167
2.93350000 141.04349399
2.93400000 140.94610819
2.93450000 140.90480802
2.93500000 140.94592550
2.93550000 140.73761271
2.93600000 140.73919417
2.93650000 140.66178237
2.93700000 140.46307642
2.93750000 140.54946022
2.93800000 140.31703435
2.93850000 140.36607669
2.93900000 140.27662499
2.93950000 140.23307475
2.94000000 140.21586459
2.94050000 140.05315400
2.94100000 140.03215224
2.94150000 139.89975053
2.94200000 139.90245135
2.94250000 139.78491086
2.94300000 139.68612261
2.94350000 139.64075568
2.94400000 139.57200600
2.94450000 139.54286725
2.94500000 139.48760631
2.94550000 139.39109931
2.94600000 139.23160511
2.94650000 139.15399868
2.94700000 139.11909170
2.94750000 139.00920050
2.94800000 139.08558891
2.94850000 138.97085645
2.94900000 138.77692176
2.94950000 138.77090769
2.95000000 138.76919421
2.95050000 138.62203156
2.95100000 138.51643423
2.95150000 138.49238230
2.95200000 138.51616654
2.95250000 138.38299319
2.95300000 138.25655754
2.95350000 138.12811311
2.95400000 138.05843093
2.95450000 138.06290169
2.95500000 137.94409229
2.95550000 137.94472772
2.95600000 137.95354638
2.95650000 137.87770295
2.95700000 137.69582107
2.95750000 137.73647694
2.95800000 137.60528240
2.95850000 137.59063696
2.95900000 137.51297501
2.95950000 137.38795679
2.96000000 137.34424410
2.96050000 137.35029083
2.96100000 137.25535304
2.96150000 137.21486418
2.96200000 137.24261364
2.96250000 137.07280838
2.96300000 137.04816832
2.96350000 136.99486013
2.96400000 137.00937792
2.96450000 136.98430951
2.96500000 136.78529941
2.96550000 136.77050443
2.96600000 136.74295621
2.96650000 136.69003840
2.96700000 136.69048067
2.96750000 136.62162296
2.96800000 136.49380867
2.96850000 136.63165142
2.96900000 136.52347189
2.96950000 136.34919701
2.97000000 136.28686885
2.97050000 136.39033251
2.97100000 136.30410327
2.97150000 136.24360262
2.97200000 136.14064585
2.97250000 136.11147712
2.97300000 136.17276200
2.97350000 136.04454502
2.97400000 136.06213379
2.97450000 136.02036376
2.97500000 135.92749261
2.97550000 135.92997780
2.97600000 135.91446251
2.97650000 135.78951317
2.97700000 135.86050248
2.97750000 135.82577627
2.97800000 135.76458721
2.97850000 135.85205649
2.97900000 135.79964373
2.97950000 135.71448721
2.98000000 135.74099573
2.98050000 135.66971821
2.98100000 135.81236325
2.98150000 135.70938671
2.98200000 135.66620356
2.98250000 135.62456360
2.98300000 135.69264873
2.98350000 135.61536841
2.98400000 135.57582185
2.98450000 135.58951668
2.98500000 135.53757045
2.98550000 135.40981906
2.98600000 135.48579683
2.98650000 135.46452235
2.98700000 135.53205279
2.98750000 135.44342863
2.98800000 135.50108657
2.98850000 135.45199829
2.98900000 135.47460453
2.98950000 135.42269699
2.99000000 135.38841729
2.99050000 135.40789706
2.99100000 135.41172238
2.99150000 135.35283185
2.99200000 135.33592652
2.99250000 135.42604763
2.99300000 135.29496997
2.99350000 135.36432711
2.99400000 135.36365817
2.99450000 135.36013458
2.99500000 135.28722928
2.99550000 135.32113587
2.99600000 135.27261740
2.99650000 135.32773312
2.99700000 135.38790807
2.99750000 135.34269061
2.99800000 135.28994414
2.99850000 135.20600894
2.99900000 135.22063706
2.99950000 135.36409126
3.00000000 135.21977038
