Frequency(GHz) s31
1.20000000 -6.27738617
1.20050000 -6.27684856
1.20100000 -6.27858424
1.20150000 -6.26491742
1.20200000 -6.26735719
1.20250000 -6.25532897
1.20300000 -6.25648854
1.20350000 -6.25193949
1.20400000 -6.24978678
1.20450000 -6.24313068
1.20500000 -6.23753480
1.20550000 -6.23332589
1.20600000 -6.22814100
1.20650000 -6.22857514
1.20700000 -6.22613072
1.20750000 -6.23289579
1.20800000 -6.23349581
1.20850000 -6.20855219
1.20900000 -6.22574619
1.20950000 -6.21141912
1.21000000 -6.21822742
1.21050000 -6.21219889
1.21100000 -6.20195436
1.21150000 -6.20729138
1.21200000 -6.20260889
1.21250000 -6.19333794
1.21300000 -6.18889827
1.21350000 -6.18385475
1.21400000 -6.18754704
1.21450000 -6.19162942
1.21500000 -6.19237573
1.21550000 -6.18154466
1.21600000 -6.19817516
1.21650000 -6.18383199
1.21700000 -6.18018651
1.21750000 -6.18633902
1.21800000 -6.18100670
1.21850000 -6.17330730
1.21900000 -6.17906874
1.21950000 -6.18111391
1.22000000 -6.17808099
1.22050000 -6.18089178
1.22100000 -6.17550249
1.22150000 -6.17191060
1.22200000 -6.18468072
1.22250000 -6.17951124
1.22300000 -6.17437515
1.22350000 -6.17345772
1.22400000 -6.17788362
1.22450000 -6.18148085
1.22500000 -6.18280594
1.22550000 -6.19332871
1.22600000 -6.18594481
1.22650000 -6.18388498
1.22700000 -6.18392369
1.22750000 -6.18482176
1.22800000 -6.18075958
1.22850000 -6.17569508
1.22900000 -6.18758436
1.22950000 -6.18025979
1.23000000 -6.18059014
1.23050000 -6.19328198
1.23100000 -6.19419385
1.23150000 -6.18222939
1.23200000 -6.19106939
1.23250000 -6.18801637
1.23300000 -6.20101370
1.23350000 -6.19638949
1.23400000 -6.19537276
1.23450000 -6.19494547
1.23500000 -6.20447998
1.23550000 -6.19996758
1.23600000 -6.21724060
1.23650000 -6.20820276
1.23700000 -6.21209864
1.23750000 -6.21114067
1.23800000 -6.20510147
1.23850000 -6.20271919
1.23900000 -6.21470722
1.23950000 -6.21988221
1.24000000 -6.22978911
1.24050000 -6.22429746
1.24100000 -6.22351291
1.24150000 -6.21558830
1.24200000 -6.21394054
1.24250000 -6.22144655
1.24300000 -6.22564714
1.24350000 -6.22819831
1.24400000 -6.23156286
1.24450000 -6.22419938
1.24500000 -6.23243092
1.24550000 -6.23056890
1.24600000 -6.22254121
1.24650000 -6.22996706
1.24700000 -6.24554895
1.24750000 -6.22715672
1.24800000 -6.23030244
1.24850000 -6.23579200
1.24900000 -6.23422452
1.24950000 -6.22914293
1.25000000 -6.21750127
1.25050000 -6.24270320
1.25100000 -6.23107340
1.25150000 -6.23862723
1.25200000 -6.23099074
1.25250000 -6.23033632
1.25300000 -6.24275989
1.25350000 -6.23527756
1.25400000 -6.23073348
1.25450000 -6.22440137
1.25500000 -6.23477996
1.25550000 -6.23806813
1.25600000 -6.23022729
1.25650000 -6.22540022
1.25700000 -6.21473977
1.25750000 -6.23661235
1.25800000 -6.23747682
1.25850000 -6.23141318
1.25900000 -6.23592153
1.25950000 -6.22551411
1.26000000 -6.23166474
1.26050000 -6.22632878
1.26100000 -6.22454990
1.26150000 -6.23479084
1.26200000 -6.23175029
1.26250000 -6.22290937
1.26300000 -6.21821080
1.26350000 -6.21970676
1.26400000 -6.21916555
1.26450000 -6.21614865
1.26500000 -6.20844063
1.26550000 -6.19682841
1.26600000 -6.20465708
1.26650000 -6.20572497
1.26700000 -6.21422691
1.26750000 -6.19612535
1.26800000 -6.20669923
1.26850000 -6.19236210
1.26900000 -6.19553787
1.26950000 -6.19377698
1.27000000 -6.18532382
1.27050000 -6.17636165
1.27100000 -6.18158358
1.27150000 -6.17550971
1.27200000 -6.18783838
1.27250000 -6.16592767
1.27300000 -6.16533378
1.27350000 -6.17266367
1.27400000 -6.16613594
1.27450000 -6.16756797
1.27500000 -6.15395215
1.27550000 -6.15344614
1.27600000 -6.14208976
1.27650000 -6.13149580
1.27700000 -6.14254333
1.27750000 -6.12481569
1.27800000 -6.12624819
1.27850000 -6.11332502
1.27900000 -6.11219393
1.27950000 -6.11424144
1.28000000 -6.10048857
1.28050000 -6.09622347
1.28100000 -6.08890740
1.28150000 -6.09412218
1.28200000 -6.08766947
1.28250000 -6.06893072
1.28300000 -6.07159714
1.28350000 -6.07131965
1.28400000 -6.05570357
1.28450000 -6.06589164
1.28500000 -6.05256306
1.28550000 -6.04679971
1.28600000 -6.04272465
1.28650000 -6.02522971
1.28700000 -6.02435448
1.28750000 -6.00790166
1.28800000 -6.03043124
1.28850000 -6.01156848
1.28900000 -6.00240485
1.28950000 -6.00326007
1.29000000 -5.98790171
1.29050000 -5.97869954
1.29100000 -5.98611276
1.29150000 -5.96208803
1.29200000 -5.95892015
1.29250000 -5.96529464
1.29300000 -5.95918880
1.29350000 -5.93465320
1.29400000 -5.93969425
1.29450000 -5.93017227
1.29500000 -5.93697161
1.29550000 -5.91671306
1.29600000 -5.91391138
1.29650000 -5.91149881
1.29700000 -5.91143288
1.29750000 -5.89630266
1.29800000 -5.88844280
1.29850000 -5.88232877
1.29900000 -5.86840888
1.29950000 -5.86655767
1.30000000 -5.85991694
1.30050000 -5.86213722
1.30100000 -5.84461595
1.30150000 -5.84176506
1.30200000 -5.83621459
1.30250000 -5.83980934
1.30300000 -5.82044934
1.30350000 -5.81370125
1.30400000 -5.80793989
1.30450000 -5.80347001
1.30500000 -5.79571082
1.30550000 -5.80196968
1.30600000 -5.80513282
1.30650000 -5.78257530
1.30700000 -5.78299109
1.30750000 -5.76851026
1.30800000 -5.75323472
1.30850000 -5.76464766
1.30900000 -5.73943092
1.30950000 -5.74052084
1.31000000 -5.73898393
1.31050000 -5.72128099
1.31100000 -5.72111051
1.31150000 -5.73857124
1.31200000 -5.71826839
1.31250000 -5.71452608
1.31300000 -5.70775698
1.31350000 -5.70014283
1.31400000 -5.68458897
1.31450000 -5.66986148
1.31500000 -5.67691688
1.31550000 -5.67779483
1.31600000 -5.67274401
1.31650000 -5.65595317
1.31700000 -5.66136707
1.31750000 -5.66458971
1.31800000 -5.65673612
1.31850000 -5.63481480
1.31900000 -5.64774656
1.31950000 -5.66057790
1.32000000 -5.62953645
1.32050000 -5.63771344
1.32100000 -5.63698508
1.32150000 -5.62504155
1.32200000 -5.61377700
1.32250000 -5.62795616
1.32300000 -5.63589400
1.32350000 -5.61645512
1.32400000 -5.62545247
1.32450000 -5.60492387
1.32500000 -5.61466251
1.32550000 -5.60145806
1.32600000 -5.59375489
1.32650000 -5.58501529
1.32700000 -5.58071695
1.32750000 -5.58336299
1.32800000 -5.57899062
1.32850000 -5.58857384
1.32900000 -5.59479166
1.32950000 -5.57543559
1.33000000 -5.58099967
1.33050000 -5.58466088
1.33100000 -5.57990650
1.33150000 -5.58310738
1.33200000 -5.57632545
1.33250000 -5.58437922
1.33300000 -5.57300993
1.33350000 -5.57212362
1.33400000 -5.57850122
1.33450000 -5.56544226
1.33500000 -5.57734378
1.33550000 -5.57452456
1.33600000 -5.56707601
1.33650000 -5.56965873
1.33700000 -5.57324139
1.33750000 -5.58410561
1.33800000 -5.57696272
1.33850000 -5.57169702
1.33900000 -5.56670414
1.33950000 -5.58086686
1.34000000 -5.57864238
1.34050000 -5.58009088
1.34100000 -5.57507387
1.34150000 -5.56363093
1.34200000 -5.57752082
1.34250000 -5.57185557
1.34300000 -5.56479169
1.34350000 -5.56940085
1.34400000 -5.57195998
1.34450000 -5.57283721
1.34500000 -5.58616961
1.34550000 -5.56717511
1.34600000 -5.57430043
1.34650000 -5.57918463
1.34700000 -5.56596180
1.34750000 -5.56406989
1.34800000 -5.57706973
1.34850000 -5.59088767
1.34900000 -5.58607455
1.34950000 -5.59849020
1.35000000 -5.59806482
1.35050000 -5.58652969
1.35100000 -5.59415734
1.35150000 -5.59168483
1.35200000 -5.58568411
1.35250000 -5.58143612
1.35300000 -5.58267579
1.35350000 -5.59517304
1.35400000 -5.59120715
1.35450000 -5.59189970
1.35500000 -5.58958460
1.35550000 -5.59909839
1.35600000 -5.59277927
1.35650000 -5.61898805
1.35700000 -5.60733379
1.35750000 -5.60832590
1.35800000 -5.59880202
1.35850000 -5.60523083
1.35900000 -5.60319247
1.35950000 -5.60705254
1.36000000 -5.60139097
1.36050000 -5.61556118
1.36100000 -5.61958034
1.36150000 -5.62094043
1.36200000 -5.62293425
1.36250000 -5.61642684
1.36300000 -5.62307460
1.36350000 -5.61241283
1.36400000 -5.62052692
1.36450000 -5.61811222
1.36500000 -5.62701006
1.36550000 -5.61975309
1.36600000 -5.61729104
1.36650000 -5.62472442
1.36700000 -5.62805049
1.36750000 -5.62481506
1.36800000 -5.62469728
1.36850000 -5.61589467
1.36900000 -5.62357598
1.36950000 -5.62693715
1.37000000 -5.62649458
1.37050000 -5.62358521
1.37100000 -5.63542363
1.37150000 -5.61357610
1.37200000 -5.62421406
1.37250000 -5.60537787
1.37300000 -5.61846299
1.37350000 -5.61856351
1.37400000 -5.62004669
1.37450000 -5.60837157
1.37500000 -5.61589350
1.37550000 -5.60515731
1.37600000 -5.60196268
1.37650000 -5.60402010
1.37700000 -5.60479951
1.37750000 -5.61417874
1.37800000 -5.60836113
1.37850000 -5.60177188
1.37900000 -5.59193943
1.37950000 -5.60345113
1.38000000 -5.60026412
1.38050000 -5.58915615
1.38100000 -5.58703110
1.38150000 -5.57899998
1.38200000 -5.58522488
1.38250000 -5.57655375
1.38300000 -5.56836981
1.38350000 -5.57642447
1.38400000 -5.57184771
1.38450000 -5.55915603
1.38500000 -5.55812606
1.38550000 -5.55752978
1.38600000 -5.54911689
1.38650000 -5.54438346
1.38700000 -5.54934508
1.38750000 -5.53850984
1.38800000 -5.54123370
1.38850000 -5.52801080
1.38900000 -5.51211698
1.38950000 -5.52068907
1.39000000 -5.52854858
1.39050000 -5.51171998
1.39100000 -5.50660885
1.39150000 -5.48692403
1.39200000 -5.49550683
1.39250000 -5.50469162
1.39300000 -5.48173975
1.39350000 -5.48313363
1.39400000 -5.47736800
1.39450000 -5.46735573
1.39500000 -5.44430855
1.39550000 -5.44041739
1.39600000 -5.44748827
1.39650000 -5.43394604
1.39700000 -5.42399614
1.39750000 -5.41198895
1.39800000 -5.41667931
1.39850000 -5.40796126
1.39900000 -5.40029393
1.39950000 -5.39209178
1.40000000 -5.38717201
1.40050000 -5.38662302
1.40100000 -5.37450607
1.40150000 -5.36259633
1.40200000 -5.36032719
1.40250000 -5.34129419
1.40300000 -5.33851581
1.40350000 -5.32816183
1.40400000 -5.33860276
1.40450000 -5.32108587
1.40500000 -5.29500013
1.40550000 -5.29917271
1.40600000 -5.29139918
1.40650000 -5.29154412
1.40700000 -5.27260291
1.40750000 -5.26400215
1.40800000 -5.24961582
1.40850000 -5.24747196
1.40900000 -5.22690075
1.40950000 -5.22036740
1.41000000 -5.23432291
1.41050000 -5.20894780
1.41100000 -5.22013547
1.41150000 -5.18913973
1.41200000 -5.17222222
1.41250000 -5.16557339
1.41300000 -5.16413725
1.41350000 -5.16304521
1.41400000 -5.14430276
1.41450000 -5.14439941
1.41500000 -5.12782069
1.41550000 -5.12655339
1.41600000 -5.11087547
1.41650000 -5.09945611
1.41700000 -5.10751380
1.41750000 -5.09844047
1.41800000 -5.08697224
1.41850000 -5.08208171
1.41900000 -5.06498249
1.41950000 -5.07275199
1.42000000 -5.05008748
1.42050000 -5.03495452
1.42100000 -5.03956862
1.42150000 -5.02308977
1.42200000 -5.02341303
1.42250000 -5.01470706
1.42300000 -5.01526217
1.42350000 -4.99552572
1.42400000 -4.99388700
1.42450000 -4.99370615
1.42500000 -4.98172552
1.42550000 -4.97783063
1.42600000 -4.97390879
1.42650000 -4.97531854
1.42700000 -4.96448035
1.42750000 -4.95940880
1.42800000 -4.94617058
1.42850000 -4.93551309
1.42900000 -4.94792291
1.42950000 -4.92507679
1.43000000 -4.91761624
1.43050000 -4.91278112
1.43100000 -4.90460200
1.43150000 -4.92618365
1.43200000 -4.90773963
1.43250000 -4.89943975
1.43300000 -4.90319159
1.43350000 -4.89599933
1.43400000 -4.88908061
1.43450000 -4.89417894
1.43500000 -4.88798703
1.43550000 -4.88762358
1.43600000 -4.87923040
1.43650000 -4.87150981
1.43700000 -4.87252426
1.43750000 -4.87930369
1.43800000 -4.86793945
1.43850000 -4.86699825
1.43900000 -4.86470336
1.43950000 -4.88093936
1.44000000 -4.85709002
1.44050000 -4.85934656
1.44100000 -4.86142333
1.44150000 -4.87994777
1.44200000 -4.85952355
1.44250000 -4.86171756
1.44300000 -4.85648549
1.44350000 -4.85862058
1.44400000 -4.86931269
1.44450000 -4.86639367
1.44500000 -4.86193826
1.44550000 -4.86616156
1.44600000 -4.86040794
1.44650000 -4.86810409
1.44700000 -4.87791274
1.44750000 -4.86035340
1.44800000 -4.87438970
1.44850000 -4.87928508
1.44900000 -4.87383623
1.44950000 -4.87768859
1.45000000 -4.87025623
1.45050000 -4.86270263
1.45100000 -4.88332698
1.45150000 -4.87197005
1.45200000 -4.88708341
1.45250000 -4.88792190
1.45300000 -4.89464532
1.45350000 -4.89126416
1.45400000 -4.88817043
1.45450000 -4.89427196
1.45500000 -4.90344144
1.45550000 -4.90791690
1.45600000 -4.90218997
1.45650000 -4.90817316
1.45700000 -4.92371675
1.45750000 -4.91944160
1.45800000 -4.91436368
1.45850000 -4.92531675
1.45900000 -4.90805708
1.45950000 -4.93672570
1.46000000 -4.93543833
1.46050000 -4.93357527
1.46100000 -4.94353644
1.46150000 -4.93898260
1.46200000 -4.94772230
1.46250000 -4.96377647
1.46300000 -4.94905788
1.46350000 -4.95942100
1.46400000 -4.96348824
1.46450000 -4.96503262
1.46500000 -4.97573465
1.46550000 -4.97098125
1.46600000 -4.98327044
1.46650000 -4.97757418
1.46700000 -4.98094223
1.46750000 -4.98611298
1.46800000 -4.99036401
1.46850000 -5.00288632
1.46900000 -5.00261133
1.46950000 -4.99644044
1.47000000 -5.00546256
1.47050000 -5.00297427
1.47100000 -5.00467046
1.47150000 -5.01156267
1.47200000 -5.00898407
1.47250000 -5.01471653
1.47300000 -5.00776824
1.47350000 -5.01501628
1.47400000 -5.02591150
1.47450000 -5.02076564
1.47500000 -5.02452590
1.47550000 -5.03511582
1.47600000 -5.02886006
1.47650000 -5.03238596
1.47700000 -5.03510564
1.47750000 -5.02225430
1.47800000 -5.03190498
1.47850000 -5.03357160
1.47900000 -5.03183666
1.47950000 -5.02900717
1.48000000 -5.03461860
1.48050000 -5.04376333
1.48100000 -5.02380081
1.48150000 -5.02598299
1.48200000 -5.03233949
1.48250000 -5.03368994
1.48300000 -5.03226076
1.48350000 -5.03197278
1.48400000 -5.04622730
1.48450000 -5.03000499
1.48500000 -5.02160250
1.48550000 -5.02717271
1.48600000 -5.03460805
1.48650000 -5.00672253
1.48700000 -5.02073210
1.48750000 -5.01187385
1.48800000 -5.01298198
1.48850000 -5.01358698
1.48900000 -5.00621107
1.48950000 -4.99859458
1.49000000 -4.99287345
1.49050000 -4.98517208
1.49100000 -4.99024557
1.49150000 -4.98475447
1.49200000 -4.97505816
1.49250000 -4.98394139
1.49300000 -4.97081401
1.49350000 -4.97168640
1.49400000 -4.96184564
1.49450000 -4.95415124
1.49500000 -4.95436698
1.49550000 -4.94962668
1.49600000 -4.94445711
1.49650000 -4.93632603
1.49700000 -4.92187335
1.49750000 -4.91113596
1.49800000 -4.89962084
1.49850000 -4.90374331
1.49900000 -4.90252532
1.49950000 -4.89624951
1.50000000 -4.86864232
1.50050000 -4.87428860
1.50100000 -4.86293675
1.50150000 -4.85320778
1.50200000 -4.84471996
1.50250000 -4.83609282
1.50300000 -4.84466714
1.50350000 -4.81163629
1.50400000 -4.79981174
1.50450000 -4.78487697
1.50500000 -4.77931811
1.50550000 -4.77964008
1.50600000 -4.76460252
1.50650000 -4.75603221
1.50700000 -4.74040891
1.50750000 -4.73116619
1.50800000 -4.72677954
1.50850000 -4.71266472
1.50900000 -4.68907281
1.50950000 -4.68702711
1.51000000 -4.66907539
1.51050000 -4.67130464
1.51100000 -4.66460878
1.51150000 -4.65896712
1.51200000 -4.63357086
1.51250000 -4.61070032
1.51300000 -4.60943929
1.51350000 -4.60067398
1.51400000 -4.57368871
1.51450000 -4.56739222
1.51500000 -4.56229681
1.51550000 -4.55168832
1.51600000 -4.53113784
1.51650000 -4.52385680
1.51700000 -4.50683181
1.51750000 -4.49700871
1.51800000 -4.47836441
1.51850000 -4.46928974
1.51900000 -4.47153369
1.51950000 -4.44820100
1.52000000 -4.44922037
1.52050000 -4.42525876
1.52100000 -4.40747398
1.52150000 -4.41335763
1.52200000 -4.39097335
1.52250000 -4.37997108
1.52300000 -4.37284442
1.52350000 -4.35558104
1.52400000 -4.34601194
1.52450000 -4.32703632
1.52500000 -4.32719338
1.52550000 -4.31662683
1.52600000 -4.29855268
1.52650000 -4.27563375
1.52700000 -4.27927278
1.52750000 -4.27392500
1.52800000 -4.26755418
1.52850000 -4.25439284
1.52900000 -4.24287222
1.52950000 -4.23551583
1.53000000 -4.22151154
1.53050000 -4.20581939
1.53100000 -4.21510079
1.53150000 -4.20164574
1.53200000 -4.19641966
1.53250000 -4.19588077
1.53300000 -4.17651236
1.53350000 -4.16946653
1.53400000 -4.15597709
1.53450000 -4.15277261
1.53500000 -4.15643698
1.53550000 -4.14662864
1.53600000 -4.12951928
1.53650000 -4.14572461
1.53700000 -4.12055997
1.53750000 -4.11771666
1.53800000 -4.11150145
1.53850000 -4.10795807
1.53900000 -4.10608155
1.53950000 -4.10984238
1.54000000 -4.10288431
1.54050000 -4.09621096
1.54100000 -4.10065718
1.54150000 -4.09905048
1.54200000 -4.09848518
1.54250000 -4.09738260
1.54300000 -4.09162020
1.54350000 -4.08137514
1.54400000 -4.09595563
1.54450000 -4.08375766
1.54500000 -4.08674381
1.54550000 -4.08189950
1.54600000 -4.08315214
1.54650000 -4.08576318
1.54700000 -4.08840182
1.54750000 -4.08569185
1.54800000 -4.09171938
1.54850000 -4.09145714
1.54900000 -4.11081699
1.54950000 -4.09098743
1.55000000 -4.08833530
1.55050000 -4.09864020
1.55100000 -4.10766997
1.55150000 -4.09213258
1.55200000 -4.10557816
1.55250000 -4.12586213
1.55300000 -4.12585258
1.55350000 -4.12709105
1.55400000 -4.12813986
1.55450000 -4.13671207
1.55500000 -4.13352012
1.55550000 -4.13952171
1.55600000 -4.13739246
1.55650000 -4.15558115
1.55700000 -4.16208033
1.55750000 -4.15556589
1.55800000 -4.15530299
1.55850000 -4.17444986
1.55900000 -4.18264787
1.55950000 -4.18366538
1.56000000 -4.19246587
1.56050000 -4.20470709
1.56100000 -4.20899174
1.56150000 -4.21314850
1.56200000 -4.21756407
1.56250000 -4.21865318
1.56300000 -4.22469535
1.56350000 -4.22933657
1.56400000 -4.23991000
1.56450000 -4.24466249
1.56500000 -4.25342924
1.56550000 -4.26089048
1.56600000 -4.25979808
1.56650000 -4.27841392
1.56700000 -4.27668481
1.56750000 -4.29153800
1.56800000 -4.28545414
1.56850000 -4.29969348
1.56900000 -4.30253296
1.56950000 -4.31751686
1.57000000 -4.32357785
1.57050000 -4.32577070
1.57100000 -4.33051447
1.57150000 -4.34040208
1.57200000 -4.34147048
1.57250000 -4.34921396
1.57300000 -4.36204141
1.57350000 -4.37203852
1.57400000 -4.35955229
1.57450000 -4.37597286
1.57500000 -4.37002112
1.57550000 -4.37631731
1.57600000 -4.37673953
1.57650000 -4.38735877
1.57700000 -4.38712420
1.57750000 -4.39134684
1.57800000 -4.40707423
1.57850000 -4.41295177
1.57900000 -4.41616810
1.57950000 -4.40844569
1.58000000 -4.42214430
1.58050000 -4.41958051
1.58100000 -4.42813020
1.58150000 -4.42841007
1.58200000 -4.43567590
1.58250000 -4.43936014
1.58300000 -4.43067150
1.58350000 -4.43273104
1.58400000 -4.43529930
1.58450000 -4.43262349
1.58500000 -4.43449143
1.58550000 -4.43347060
1.58600000 -4.44255591
1.58650000 -4.43666466
1.58700000 -4.44288516
1.58750000 -4.43101630
1.58800000 -4.42946722
1.58850000 -4.42237448
1.58900000 -4.43094032
1.58950000 -4.42601186
1.59000000 -4.42110279
1.59050000 -4.41739209
1.59100000 -4.41327036
1.59150000 -4.41877040
1.59200000 -4.42620618
1.59250000 -4.40841682
1.59300000 -4.40054121
1.59350000 -4.40375632
1.59400000 -4.40478534
1.59450000 -4.39905021
1.59500000 -4.38761524
1.59550000 -4.36868854
1.59600000 -4.36731462
1.59650000 -4.36694367
1.59700000 -4.35589275
1.59750000 -4.34978659
1.59800000 -4.33951436
1.59850000 -4.33639720
1.59900000 -4.32794477
1.59950000 -4.32225538
1.60000000 -4.31117321
1.60050000 -4.30498100
1.60100000 -4.28872989
1.60150000 -4.27767516
1.60200000 -4.28217153
1.60250000 -4.26572246
1.60300000 -4.26545585
1.60350000 -4.23580188
1.60400000 -4.22583239
1.60450000 -4.21462065
1.60500000 -4.19973050
1.60550000 -4.17990631
1.60600000 -4.16918041
1.60650000 -4.16646072
1.60700000 -4.14413723
1.60750000 -4.13406096
1.60800000 -4.11520931
1.60850000 -4.11771469
1.60900000 -4.10696205
1.60950000 -4.08368761
1.61000000 -4.07023938
1.61050000 -4.05253287
1.61100000 -4.03595518
1.61150000 -4.02765188
1.61200000 -3.99848277
1.61250000 -3.99209224
1.61300000 -3.97628788
1.61350000 -3.96178471
1.61400000 -3.93895948
1.61450000 -3.92916784
1.61500000 -3.91817880
1.61550000 -3.89502930
1.61600000 -3.87775953
1.61650000 -3.85924695
1.61700000 -3.84520056
1.61750000 -3.82808680
1.61800000 -3.80580276
1.61850000 -3.78732761
1.61900000 -3.77202991
1.61950000 -3.75810157
1.62000000 -3.73277774
1.62050000 -3.72317849
1.62100000 -3.68884502
1.62150000 -3.68798921
1.62200000 -3.65678667
1.62250000 -3.65063690
1.62300000 -3.63870062
1.62350000 -3.62860709
1.62400000 -3.59603666
1.62450000 -3.58400416
1.62500000 -3.56672930
1.62550000 -3.54766707
1.62600000 -3.54066992
1.62650000 -3.51489399
1.62700000 -3.50545204
1.62750000 -3.48786021
1.62800000 -3.47325285
1.62850000 -3.45836951
1.62900000 -3.42936959
1.62950000 -3.43255317
1.63000000 -3.41694231
1.63050000 -3.39972010
1.63100000 -3.38562604
1.63150000 -3.38501534
1.63200000 -3.35247863
1.63250000 -3.35448143
1.63300000 -3.33124687
1.63350000 -3.33135001
1.63400000 -3.30209382
1.63450000 -3.29794460
1.63500000 -3.28024675
1.63550000 -3.26312021
1.63600000 -3.26548175
1.63650000 -3.25753291
1.63700000 -3.24570874
1.63750000 -3.24539664
1.63800000 -3.21934326
1.63850000 -3.21557157
1.63900000 -3.21768874
1.63950000 -3.20762517
1.64000000 -3.18863183
1.64050000 -3.19175420
1.64100000 -3.19355236
1.64150000 -3.19436960
1.64200000 -3.17359028
1.64250000 -3.16269948
1.64300000 -3.16966705
1.64350000 -3.16904482
1.64400000 -3.17558414
1.64450000 -3.15410070
1.64500000 -3.16099318
1.64550000 -3.14591248
1.64600000 -3.15322423
1.64650000 -3.16055786
1.64700000 -3.16002604
1.64750000 -3.15464551
1.64800000 -3.16599043
1.64850000 -3.14753620
1.64900000 -3.14813721
1.64950000 -3.16857182
1.65000000 -3.16111819
1.65050000 -3.17133152
1.65100000 -3.15944539
1.65150000 -3.17253956
1.65200000 -3.16632797
1.65250000 -3.19060656
1.65300000 -3.18220115
1.65350000 -3.19581476
1.65400000 -3.18807868
1.65450000 -3.20034121
1.65500000 -3.20252948
1.65550000 -3.21660262
1.65600000 -3.21202925
1.65650000 -3.22306331
1.65700000 -3.22681289
1.65750000 -3.23681507
1.65800000 -3.23985691
1.65850000 -3.26045400
1.65900000 -3.26267421
1.65950000 -3.27835059
1.66000000 -3.28830138
1.66050000 -3.28180229
1.66100000 -3.29340304
1.66150000 -3.30569249
1.66200000 -3.31316934
1.66250000 -3.32539608
1.66300000 -3.32862652
1.66350000 -3.34363888
1.66400000 -3.34715646
1.66450000 -3.35820938
1.66500000 -3.37231225
1.66550000 -3.38130022
1.66600000 -3.38132007
1.66650000 -3.40353316
1.66700000 -3.41282426
1.66750000 -3.41374209
1.66800000 -3.43044391
1.66850000 -3.43340658
1.66900000 -3.45433548
1.66950000 -3.46013897
1.67000000 -3.46785442
1.67050000 -3.48856860
1.67100000 -3.48867069
1.67150000 -3.50208539
1.67200000 -3.50482764
1.67250000 -3.52473292
1.67300000 -3.52683345
1.67350000 -3.53565442
1.67400000 -3.54992953
1.67450000 -3.55715828
1.67500000 -3.56073055
1.67550000 -3.57277244
1.67600000 -3.57524844
1.67650000 -3.59434750
1.67700000 -3.59750704
1.67750000 -3.60881667
1.67800000 -3.60484184
1.67850000 -3.61759114
1.67900000 -3.62330371
1.67950000 -3.62951794
1.68000000 -3.63282622
1.68050000 -3.64378557
1.68100000 -3.64277284
1.68150000 -3.65623403
1.68200000 -3.65552759
1.68250000 -3.65102736
1.68300000 -3.65897327
1.68350000 -3.66179421
1.68400000 -3.65588678
1.68450000 -3.67035123
1.68500000 -3.66484048
1.68550000 -3.66947110
1.68600000 -3.66439435
1.68650000 -3.66007714
1.68700000 -3.66737047
1.68750000 -3.67482823
1.68800000 -3.66605657
1.68850000 -3.67178685
1.68900000 -3.67341265
1.68950000 -3.66658900
1.69000000 -3.66144893
1.69050000 -3.65469538
1.69100000 -3.66106345
1.69150000 -3.64830019
1.69200000 -3.64118692
1.69250000 -3.63795774
1.69300000 -3.63070948
1.69350000 -3.63639184
1.69400000 -3.62535855
1.69450000 -3.60519061
1.69500000 -3.60958707
1.69550000 -3.60151814
1.69600000 -3.59428497
1.69650000 -3.58862056
1.69700000 -3.58020348
1.69750000 -3.56536347
1.69800000 -3.55702888
1.69850000 -3.54199293
1.69900000 -3.53648746
1.69950000 -3.52482130
1.70000000 -3.51285441
1.70050000 -3.49636039
1.70100000 -3.48667806
1.70150000 -3.47628599
1.70200000 -3.47453335
1.70250000 -3.44698543
1.70300000 -3.43072560
1.70350000 -3.41639071
1.70400000 -3.39447700
1.70450000 -3.39321444
1.70500000 -3.36046155
1.70550000 -3.36205438
1.70600000 -3.32921056
1.70650000 -3.31358203
1.70700000 -3.30408042
1.70750000 -3.28226671
1.70800000 -3.26869167
1.70850000 -3.24371813
1.70900000 -3.22227798
1.70950000 -3.21055281
1.71000000 -3.19225937
1.71050000 -3.16106912
1.71100000 -3.15111872
1.71150000 -3.13142848
1.71200000 -3.10172853
1.71250000 -3.07591694
1.71300000 -3.06475404
1.71350000 -3.04109584
1.71400000 -3.01454123
1.71450000 -2.98863096
1.71500000 -2.96470561
1.71550000 -2.93869905
1.71600000 -2.92612154
1.71650000 -2.89864606
1.71700000 -2.88211370
1.71750000 -2.86225961
1.71800000 -2.83998842
1.71850000 -2.82475741
1.71900000 -2.80558886
1.71950000 -2.77009166
1.72000000 -2.75372610
1.72050000 -2.72790660
1.72100000 -2.71453906
1.72150000 -2.68438212
1.72200000 -2.67148607
1.72250000 -2.63469592
1.72300000 -2.61911934
1.72350000 -2.59121227
1.72400000 -2.58475815
1.72450000 -2.55627525
1.72500000 -2.53684105
1.72550000 -2.52776482
1.72600000 -2.49612093
1.72650000 -2.47925539
1.72700000 -2.45909334
1.72750000 -2.44396766
1.72800000 -2.43367878
1.72850000 -2.39945764
1.72900000 -2.39492490
1.72950000 -2.36517058
1.73000000 -2.34535834
1.73050000 -2.34877730
1.73100000 -2.31099649
1.73150000 -2.31762057
1.73200000 -2.29659157
1.73250000 -2.28726068
1.73300000 -2.26974358
1.73350000 -2.25904663
1.73400000 -2.23567864
1.73450000 -2.23894826
1.73500000 -2.20722742
1.73550000 -2.21802313
1.73600000 -2.20466262
1.73650000 -2.20001099
1.73700000 -2.17762519
1.73750000 -2.17379712
1.73800000 -2.17445329
1.73850000 -2.16101752
1.73900000 -2.14718488
1.73950000 -2.15183331
1.74000000 -2.14283879
1.74050000 -2.14198146
1.74100000 -2.14153977
1.74150000 -2.12867214
1.74200000 -2.13879739
1.74250000 -2.12883587
1.74300000 -2.12624461
1.74350000 -2.12161442
1.74400000 -2.13366894
1.74450000 -2.13087129
1.74500000 -2.13419654
1.74550000 -2.12581974
1.74600000 -2.14413160
1.74650000 -2.13246753
1.74700000 -2.14574164
1.74750000 -2.15654461
1.74800000 -2.15031113
1.74850000 -2.15420735
1.74900000 -2.16580137
1.74950000 -2.16412386
1.75000000 -2.16942463
1.75050000 -2.18105458
1.75100000 -2.19579779
1.75150000 -2.19917557
1.75200000 -2.21080815
1.75250000 -2.22167515
1.75300000 -2.21452141
1.75350000 -2.23403715
1.75400000 -2.25205511
1.75450000 -2.26238431
1.75500000 -2.26607547
1.75550000 -2.27476884
1.75600000 -2.28828461
1.75650000 -2.29249302
1.75700000 -2.31509270
1.75750000 -2.32673783
1.75800000 -2.34086934
1.75850000 -2.34689415
1.75900000 -2.35550956
1.75950000 -2.38317811
1.76000000 -2.39442489
1.76050000 -2.39591010
1.76100000 -2.41197114
1.76150000 -2.42639820
1.76200000 -2.44976195
1.76250000 -2.45214712
1.76300000 -2.46137874
1.76350000 -2.48118265
1.76400000 -2.49150186
1.76450000 -2.50899116
1.76500000 -2.52599617
1.76550000 -2.54310882
1.76600000 -2.55019212
1.76650000 -2.56916292
1.76700000 -2.57354819
1.76750000 -2.59277828
1.76800000 -2.59673259
1.76850000 -2.60963622
1.76900000 -2.62128308
1.76950000 -2.64089323
1.77000000 -2.65873607
1.77050000 -2.67723356
1.77100000 -2.67925983
1.77150000 -2.69645708
1.77200000 -2.70413527
1.77250000 -2.72254951
1.77300000 -2.71893889
1.77350000 -2.74702660
1.77400000 -2.76068779
1.77450000 -2.75941136
1.77500000 -2.77398870
1.77550000 -2.78902672
1.77600000 -2.79835621
1.77650000 -2.79483572
1.77700000 -2.81991581
1.77750000 -2.82619233
1.77800000 -2.83183930
1.77850000 -2.83963582
1.77900000 -2.85344702
1.77950000 -2.85866126
1.78000000 -2.86693650
1.78050000 -2.86240548
1.78100000 -2.87878485
1.78150000 -2.88727587
1.78200000 -2.89279613
1.78250000 -2.90093931
1.78300000 -2.90465339
1.78350000 -2.90750731
1.78400000 -2.91860719
1.78450000 -2.91702728
1.78500000 -2.91623279
1.78550000 -2.92107774
1.78600000 -2.93567672
1.78650000 -2.94064274
1.78700000 -2.93715610
1.78750000 -2.95594337
1.78800000 -2.94971317
1.78850000 -2.94436230
1.78900000 -2.96063593
1.78950000 -2.94609693
1.79000000 -2.93996466
1.79050000 -2.95024528
1.79100000 -2.95266716
1.79150000 -2.94852625
1.79200000 -2.95257056
1.79250000 -2.95260181
1.79300000 -2.95211718
1.79350000 -2.94457440
1.79400000 -2.93283481
1.79450000 -2.93870393
1.79500000 -2.93930632
1.79550000 -2.92882177
1.79600000 -2.92457216
1.79650000 -2.92325075
1.79700000 -2.91327086
1.79750000 -2.91235480
1.79800000 -2.90997742
1.79850000 -2.89545849
1.79900000 -2.89892752
1.79950000 -2.88824043
1.80000000 -2.88103395
1.80050000 -2.87494314
1.80100000 -2.87049485
1.80150000 -2.86041881
1.80200000 -2.85940214
1.80250000 -2.84343644
1.80300000 -2.84381099
1.80350000 -2.83111937
1.80400000 -2.82319248
1.80450000 -2.81476429
1.80500000 -2.80700211
1.80550000 -2.79935996
1.80600000 -2.78721282
1.80650000 -2.78257071
1.80700000 -2.77356453
1.80750000 -2.75990892
1.80800000 -2.75054130
1.80850000 -2.73975522
1.80900000 -2.72622964
1.80950000 -2.71678143
1.81000000 -2.70522949
1.81050000 -2.69788512
1.81100000 -2.69397815
1.81150000 -2.67819469
1.81200000 -2.68090817
1.81250000 -2.66075002
1.81300000 -2.65235417
1.81350000 -2.64004078
1.81400000 -2.63264889
1.81450000 -2.61968283
1.81500000 -2.61101551
1.81550000 -2.61267747
1.81600000 -2.60486648
1.81650000 -2.58918059
1.81700000 -2.59348361
1.81750000 -2.57799682
1.81800000 -2.55982381
1.81850000 -2.54663642
1.81900000 -2.53811227
1.81950000 -2.53454180
1.82000000 -2.52674563
1.82050000 -2.52175015
1.82100000 -2.50756491
1.82150000 -2.50348653
1.82200000 -2.49883663
1.82250000 -2.48667681
1.82300000 -2.49728687
1.82350000 -2.47708980
1.82400000 -2.47930622
1.82450000 -2.46341140
1.82500000 -2.46127751
1.82550000 -2.47406060
1.82600000 -2.45793316
1.82650000 -2.45507401
1.82700000 -2.46069978
1.82750000 -2.44927360
1.82800000 -2.42948310
1.82850000 -2.46153706
1.82900000 -2.44863485
1.82950000 -2.44254129
1.83000000 -2.43554086
1.83050000 -2.45128012
1.83100000 -2.45478410
1.83150000 -2.44175581
1.83200000 -2.44492720
1.83250000 -2.44900918
1.83300000 -2.46129368
1.83350000 -2.44927939
1.83400000 -2.45357598
1.83450000 -2.45439158
1.83500000 -2.46855941
1.83550000 -2.46613013
1.83600000 -2.47453620
1.83650000 -2.46496209
1.83700000 -2.47137921
1.83750000 -2.47445707
1.83800000 -2.49203773
1.83850000 -2.49329715
1.83900000 -2.48664070
1.83950000 -2.50412241
1.84000000 -2.51498894
1.84050000 -2.51970217
1.84100000 -2.53665238
1.84150000 -2.53174846
1.84200000 -2.55586482
1.84250000 -2.55044158
1.84300000 -2.55681741
1.84350000 -2.57074819
1.84400000 -2.56126898
1.84450000 -2.57797689
1.84500000 -2.59590901
1.84550000 -2.60488380
1.84600000 -2.61267510
1.84650000 -2.63592097
1.84700000 -2.63403346
1.84750000 -2.64774475
1.84800000 -2.64746576
1.84850000 -2.66976495
1.84900000 -2.68789858
1.84950000 -2.68814894
1.85000000 -2.70390362
1.85050000 -2.71293342
1.85100000 -2.71793469
1.85150000 -2.72851507
1.85200000 -2.73756305
1.85250000 -2.75598150
1.85300000 -2.77131104
1.85350000 -2.78424235
1.85400000 -2.80793543
1.85450000 -2.80093057
1.85500000 -2.82083401
1.85550000 -2.82745228
1.85600000 -2.83698466
1.85650000 -2.84603440
1.85700000 -2.86500798
1.85750000 -2.87818640
1.85800000 -2.88271184
1.85850000 -2.89253482
1.85900000 -2.90733018
1.85950000 -2.90474232
1.86000000 -2.93119789
1.86050000 -2.94396860
1.86100000 -2.95370978
1.86150000 -2.95721349
1.86200000 -2.96799713
1.86250000 -2.98785350
1.86300000 -3.00142149
1.86350000 -3.00708774
1.86400000 -3.01235123
1.86450000 -3.02978382
1.86500000 -3.04869730
1.86550000 -3.04755639
1.86600000 -3.06094098
1.86650000 -3.07355335
1.86700000 -3.07187278
1.86750000 -3.08157129
1.86800000 -3.09372649
1.86850000 -3.09799748
1.86900000 -3.11259878
1.86950000 -3.13211065
1.87000000 -3.12364597
1.87050000 -3.14472967
1.87100000 -3.14403103
1.87150000 -3.15970346
1.87200000 -3.16381585
1.87250000 -3.17305327
1.87300000 -3.17657532
1.87350000 -3.19742293
1.87400000 -3.19145631
1.87450000 -3.20317570
1.87500000 -3.21075514
1.87550000 -3.22210798
1.87600000 -3.22420621
1.87650000 -3.23487004
1.87700000 -3.23524102
1.87750000 -3.23651125
1.87800000 -3.25048278
1.87850000 -3.25944605
1.87900000 -3.25750770
1.87950000 -3.26169867
1.88000000 -3.27734609
1.88050000 -3.28464748
1.88100000 -3.28522433
1.88150000 -3.27298812
1.88200000 -3.28734603
1.88250000 -3.29025449
1.88300000 -3.29866678
1.88350000 -3.30369596
1.88400000 -3.29210385
1.88450000 -3.30546531
1.88500000 -3.31027122
1.88550000 -3.31395378
1.88600000 -3.30049817
1.88650000 -3.31334512
1.88700000 -3.32103163
1.88750000 -3.31695406
1.88800000 -3.32585234
1.88850000 -3.32146485
1.88900000 -3.32197208
1.88950000 -3.32827805
1.89000000 -3.34040912
1.89050000 -3.33003912
1.89100000 -3.32959444
1.89150000 -3.32839853
1.89200000 -3.33031621
1.89250000 -3.33373155
1.89300000 -3.33104111
1.89350000 -3.34379406
1.89400000 -3.33491838
1.89450000 -3.33050617
1.89500000 -3.34053750
1.89550000 -3.34103685
1.89600000 -3.33947211
1.89650000 -3.33356551
1.89700000 -3.33181620
1.89750000 -3.33631326
1.89800000 -3.33790896
1.89850000 -3.32528183
1.89900000 -3.32930888
1.89950000 -3.33309236
1.90000000 -3.32250824
1.90050000 -3.32678237
1.90100000 -3.32675287
1.90150000 -3.34132796
1.90200000 -3.32446737
1.90250000 -3.33771807
1.90300000 -3.31964739
1.90350000 -3.32627173
1.90400000 -3.32245473
1.90450000 -3.32050299
1.90500000 -3.32092005
1.90550000 -3.32200942
1.90600000 -3.31674632
1.90650000 -3.32587624
1.90700000 -3.31847027
1.90750000 -3.31926651
1.90800000 -3.31203052
1.90850000 -3.31672937
1.90900000 -3.30872411
1.90950000 -3.29790581
1.91000000 -3.29950252
1.91050000 -3.30718000
1.91100000 -3.29235862
1.91150000 -3.30892633
1.91200000 -3.29754216
1.91250000 -3.29915257
1.91300000 -3.29555147
1.91350000 -3.29942610
1.91400000 -3.29783160
1.91450000 -3.27934137
1.91500000 -3.28463869
1.91550000 -3.29510416
1.91600000 -3.27904492
1.91650000 -3.30196426
1.91700000 -3.28190561
1.91750000 -3.28525666
1.91800000 -3.29543616
1.91850000 -3.28744782
1.91900000 -3.28577343
1.91950000 -3.27518605
1.92000000 -3.27589580
1.92050000 -3.28751770
1.92100000 -3.28503743
1.92150000 -3.28428577
1.92200000 -3.29089674
1.92250000 -3.29138882
1.92300000 -3.28281867
1.92350000 -3.26716494
1.92400000 -3.28682079
1.92450000 -3.29418353
1.92500000 -3.28487253
1.92550000 -3.28783093
1.92600000 -3.29185415
1.92650000 -3.29400457
1.92700000 -3.29732329
1.92750000 -3.30439772
1.92800000 -3.29730350
1.92850000 -3.29065304
1.92900000 -3.29550467
1.92950000 -3.29776799
1.93000000 -3.30469753
1.93050000 -3.29485412
1.93100000 -3.30590708
1.93150000 -3.30333372
1.93200000 -3.30247954
1.93250000 -3.30410241
1.93300000 -3.30516128
1.93350000 -3.31267755
1.93400000 -3.31905047
1.93450000 -3.32263219
1.93500000 -3.33083540
1.93550000 -3.31693632
1.93600000 -3.32462146
1.93650000 -3.32608971
1.93700000 -3.32372997
1.93750000 -3.33624471
1.93800000 -3.33912204
1.93850000 -3.32452648
1.93900000 -3.34430733
1.93950000 -3.34902704
1.94000000 -3.34490961
1.94050000 -3.35010590
1.94100000 -3.35429830
1.94150000 -3.36224411
1.94200000 -3.37081652
1.94250000 -3.37221936
1.94300000 -3.37605690
1.94350000 -3.37738618
1.94400000 -3.37627796
1.94450000 -3.38850045
1.94500000 -3.38046489
1.94550000 -3.39607587
1.94600000 -3.39777418
1.94650000 -3.39950416
1.94700000 -3.40896186
1.94750000 -3.41373132
1.94800000 -3.42242999
1.94850000 -3.41808815
1.94900000 -3.42807728
1.94950000 -3.42647210
1.95000000 -3.43532618
1.95050000 -3.43371591
1.95100000 -3.43060442
1.95150000 -3.44485773
1.95200000 -3.44914534
1.95250000 -3.44908338
1.95300000 -3.46122863
1.95350000 -3.46097616
1.95400000 -3.46942595
1.95450000 -3.46583737
1.95500000 -3.48262153
1.95550000 -3.47844274
1.95600000 -3.48532074
1.95650000 -3.48775540
1.95700000 -3.49254814
1.95750000 -3.50036737
1.95800000 -3.48930000
1.95850000 -3.49728728
1.95900000 -3.51364518
1.95950000 -3.51642248
1.96000000 -3.51285543
1.96050000 -3.51599116
1.96100000 -3.52942009
1.96150000 -3.51651488
1.96200000 -3.52355227
1.96250000 -3.53332057
1.96300000 -3.54776779
1.96350000 -3.53490495
1.96400000 -3.54919417
1.96450000 -3.55168589
1.96500000 -3.55628588
1.96550000 -3.56586914
1.96600000 -3.56165443
1.96650000 -3.56763865
1.96700000 -3.57106039
1.96750000 -3.56991133
1.96800000 -3.56444591
1.96850000 -3.57934471
1.96900000 -3.58453874
1.96950000 -3.59453965
1.97000000 -3.58023886
1.97050000 -3.59723003
1.97100000 -3.58996943
1.97150000 -3.60353473
1.97200000 -3.60355217
1.97250000 -3.60013164
1.97300000 -3.61033674
1.97350000 -3.60607889
1.97400000 -3.60759296
1.97450000 -3.60727128
1.97500000 -3.60515801
1.97550000 -3.61711564
1.97600000 -3.62425202
1.97650000 -3.62671549
1.97700000 -3.62731566
1.97750000 -3.62451714
1.97800000 -3.63490533
1.97850000 -3.62248899
1.97900000 -3.63236757
1.97950000 -3.63612260
1.98000000 -3.64959984
1.98050000 -3.63438500
1.98100000 -3.63952066
1.98150000 -3.63968651
1.98200000 -3.64445999
1.98250000 -3.64121533
1.98300000 -3.64344230
1.98350000 -3.64710513
1.98400000 -3.65671557
1.98450000 -3.66275719
1.98500000 -3.65604011
1.98550000 -3.64974759
1.98600000 -3.65982790
1.98650000 -3.65817800
1.98700000 -3.66027176
1.98750000 -3.66566539
1.98800000 -3.65885699
1.98850000 -3.66302119
1.98900000 -3.65804808
1.98950000 -3.66417961
1.99000000 -3.65351021
1.99050000 -3.66173536
1.99100000 -3.66925241
1.99150000 -3.67173110
1.99200000 -3.66781519
1.99250000 -3.66956415
1.99300000 -3.67226815
1.99350000 -3.67778439
1.99400000 -3.67074837
1.99450000 -3.66908650
1.99500000 -3.67627661
1.99550000 -3.67178732
1.99600000 -3.66215627
1.99650000 -3.67973588
1.99700000 -3.67324532
1.99750000 -3.67871731
1.99800000 -3.68264658
1.99850000 -3.66713537
1.99900000 -3.66801333
1.99950000 -3.68004913
2.00000000 -3.66814700
2.00050000 -3.67373495
2.00100000 -3.67090569
2.00150000 -3.67564959
2.00200000 -3.66957014
2.00250000 -3.67124600
2.00300000 -3.67222648
2.00350000 -3.66994336
2.00400000 -3.67870430
2.00450000 -3.66660855
2.00500000 -3.66635110
2.00550000 -3.68056897
2.00600000 -3.66948128
2.00650000 -3.66528087
2.00700000 -3.67375591
2.00750000 -3.66733664
2.00800000 -3.67262391
2.00850000 -3.67220740
2.00900000 -3.67880575
2.00950000 -3.67184763
2.01000000 -3.66779469
2.01050000 -3.67647441
2.01100000 -3.66648996
2.01150000 -3.67273266
2.01200000 -3.67011064
2.01250000 -3.66603079
2.01300000 -3.66899154
2.01350000 -3.65839958
2.01400000 -3.67078624
2.01450000 -3.65971497
2.01500000 -3.66752696
2.01550000 -3.66034396
2.01600000 -3.66531787
2.01650000 -3.66164053
2.01700000 -3.66198559
2.01750000 -3.66639859
2.01800000 -3.66913635
2.01850000 -3.66672011
2.01900000 -3.66047361
2.01950000 -3.66501897
2.02000000 -3.66378830
2.02050000 -3.66220528
2.02100000 -3.66211266
2.02150000 -3.66083532
2.02200000 -3.64647538
2.02250000 -3.66236164
2.02300000 -3.66177645
2.02350000 -3.65582786
2.02400000 -3.65981712
2.02450000 -3.66391791
2.02500000 -3.66393118
2.02550000 -3.66228009
2.02600000 -3.65182044
2.02650000 -3.66472845
2.02700000 -3.65920042
2.02750000 -3.66071835
2.02800000 -3.65481606
2.02850000 -3.65760562
2.02900000 -3.66889533
2.02950000 -3.65746322
2.03000000 -3.66127468
2.03050000 -3.66117380
2.03100000 -3.65574485
2.03150000 -3.66726746
2.03200000 -3.66607015
2.03250000 -3.66347221
2.03300000 -3.66468800
2.03350000 -3.66471729
2.03400000 -3.66378128
2.03450000 -3.66261302
2.03500000 -3.65808719
2.03550000 -3.66402843
2.03600000 -3.66290242
2.03650000 -3.65517827
2.03700000 -3.65799311
2.03750000 -3.66713371
2.03800000 -3.66315878
2.03850000 -3.66517326
2.03900000 -3.66665286
2.03950000 -3.66517647
2.04000000 -3.67194828
2.04050000 -3.66992689
2.04100000 -3.66863944
2.04150000 -3.68231751
2.04200000 -3.66809840
2.04250000 -3.65891378
2.04300000 -3.67029134
2.04350000 -3.66997144
2.04400000 -3.67065480
2.04450000 -3.67965548
2.04500000 -3.67817544
2.04550000 -3.67960008
2.04600000 -3.67673571
2.04650000 -3.67767645
2.04700000 -3.67134650
2.04750000 -3.67600033
2.04800000 -3.68251149
2.04850000 -3.67509516
2.04900000 -3.67992267
2.04950000 -3.68410383
2.05000000 -3.67459110
2.05050000 -3.68109096
2.05100000 -3.69162387
2.05150000 -3.67841472
2.05200000 -3.68718166
2.05250000 -3.69205586
2.05300000 -3.67710353
2.05350000 -3.69187457
2.05400000 -3.69586206
2.05450000 -3.68402472
2.05500000 -3.68929680
2.05550000 -3.68084707
2.05600000 -3.69143512
2.05650000 -3.68537901
2.05700000 -3.70095290
2.05750000 -3.68880849
2.05800000 -3.69465994
2.05850000 -3.69266470
2.05900000 -3.69464261
2.05950000 -3.68673794
2.06000000 -3.69415713
2.06050000 -3.69162689
2.06100000 -3.69221165
2.06150000 -3.69535507
2.06200000 -3.69966208
2.06250000 -3.69617357
2.06300000 -3.70539402
2.06350000 -3.70802537
2.06400000 -3.69691040
2.06450000 -3.71121871
2.06500000 -3.71428165
2.06550000 -3.70749816
2.06600000 -3.70495140
2.06650000 -3.70804247
2.06700000 -3.70611214
2.06750000 -3.71031065
2.06800000 -3.71046158
2.06850000 -3.71131927
2.06900000 -3.71732702
2.06950000 -3.71037019
2.07000000 -3.71999095
2.07050000 -3.71845607
2.07100000 -3.71551239
2.07150000 -3.72406622
2.07200000 -3.71419194
2.07250000 -3.71218437
2.07300000 -3.71926834
2.07350000 -3.71618525
2.07400000 -3.72366093
2.07450000 -3.71970319
2.07500000 -3.71800070
2.07550000 -3.72373899
2.07600000 -3.72317141
2.07650000 -3.72235029
2.07700000 -3.71959216
2.07750000 -3.72274254
2.07800000 -3.72867779
2.07850000 -3.72864506
2.07900000 -3.72114020
2.07950000 -3.72610167
2.08000000 -3.73422773
2.08050000 -3.72657339
2.08100000 -3.72525500
2.08150000 -3.73707514
2.08200000 -3.73337727
2.08250000 -3.72616703
2.08300000 -3.72226542
2.08350000 -3.73559505
2.08400000 -3.73799700
2.08450000 -3.74060852
2.08500000 -3.73660659
2.08550000 -3.73535546
2.08600000 -3.72997921
2.08650000 -3.74510936
2.08700000 -3.73536366
2.08750000 -3.74175302
2.08800000 -3.74314944
2.08850000 -3.74292478
2.08900000 -3.75195327
2.08950000 -3.74231437
2.09000000 -3.75013449
2.09050000 -3.73866004
2.09100000 -3.74715405
2.09150000 -3.74303271
2.09200000 -3.75598104
2.09250000 -3.74527392
2.09300000 -3.75305353
2.09350000 -3.75230358
2.09400000 -3.74467984
2.09450000 -3.76262795
2.09500000 -3.75331402
2.09550000 -3.75289225
2.09600000 -3.76357376
2.09650000 -3.75324382
2.09700000 -3.76108806
2.09750000 -3.75839806
2.09800000 -3.75807834
2.09850000 -3.75758037
2.09900000 -3.76369769
2.09950000 -3.75781710
2.10000000 -3.76265474
2.10050000 -3.77357854
2.10100000 -3.76523823
2.10150000 -3.76318079
2.10200000 -3.76891841
2.10250000 -3.77122617
2.10300000 -3.76852768
2.10350000 -3.76547591
2.10400000 -3.76745201
2.10450000 -3.78057429
2.10500000 -3.76763288
2.10550000 -3.77244245
2.10600000 -3.76218473
2.10650000 -3.76932362
2.10700000 -3.77579338
2.10750000 -3.77889879
2.10800000 -3.77936359
2.10850000 -3.77251838
2.10900000 -3.77334962
2.10950000 -3.78485237
2.11000000 -3.77942397
2.11050000 -3.77892906
2.11100000 -3.77916150
2.11150000 -3.78571225
2.11200000 -3.77428402
2.11250000 -3.78283321
2.11300000 -3.78874750
2.11350000 -3.78625220
2.11400000 -3.78882311
2.11450000 -3.77855201
2.11500000 -3.79821530
2.11550000 -3.78919228
2.11600000 -3.78521454
2.11650000 -3.79266491
2.11700000 -3.77826072
2.11750000 -3.79093594
2.11800000 -3.79116748
2.11850000 -3.79236502
2.11900000 -3.79893692
2.11950000 -3.79144380
2.12000000 -3.79443017
2.12050000 -3.78963492
2.12100000 -3.79536154
2.12150000 -3.80078766
2.12200000 -3.79901204
2.12250000 -3.80035085
2.12300000 -3.80224133
2.12350000 -3.79448894
2.12400000 -3.79336469
2.12450000 -3.79742478
2.12500000 -3.79996608
2.12550000 -3.79433731
2.12600000 -3.80656640
2.12650000 -3.80440660
2.12700000 -3.80413459
2.12750000 -3.80847343
2.12800000 -3.80216769
2.12850000 -3.80357350
2.12900000 -3.80334515
2.12950000 -3.80465485
2.13000000 -3.80662139
2.13050000 -3.81080514
2.13100000 -3.79989590
2.13150000 -3.80181640
2.13200000 -3.80490562
2.13250000 -3.80586459
2.13300000 -3.80405119
2.13350000 -3.81597169
2.13400000 -3.80551886
2.13450000 -3.80598618
2.13500000 -3.79966807
2.13550000 -3.80400473
2.13600000 -3.81118297
2.13650000 -3.80266929
2.13700000 -3.79325027
2.13750000 -3.80020039
2.13800000 -3.80396219
2.13850000 -3.80114541
2.13900000 -3.79916032
2.13950000 -3.80304559
2.14000000 -3.80124073
2.14050000 -3.80367601
2.14100000 -3.80068543
2.14150000 -3.80682541
2.14200000 -3.80258068
2.14250000 -3.79949301
2.14300000 -3.80431866
2.14350000 -3.80005727
2.14400000 -3.81083895
2.14450000 -3.80186430
2.14500000 -3.79768110
2.14550000 -3.79678541
2.14600000 -3.79816672
2.14650000 -3.79490274
2.14700000 -3.79594542
2.14750000 -3.78644786
2.14800000 -3.79793162
2.14850000 -3.79721155
2.14900000 -3.79399939
2.14950000 -3.80233268
2.15000000 -3.79664205
2.15050000 -3.79528228
2.15100000 -3.79791030
2.15150000 -3.78717761
2.15200000 -3.78699681
2.15250000 -3.79491584
2.15300000 -3.79079367
2.15350000 -3.79005669
2.15400000 -3.78759461
2.15450000 -3.79019149
2.15500000 -3.78568723
2.15550000 -3.77754961
2.15600000 -3.78554782
2.15650000 -3.78893240
2.15700000 -3.78443903
2.15750000 -3.78688875
2.15800000 -3.78514041
2.15850000 -3.79317098
2.15900000 -3.77584933
2.15950000 -3.78025604
2.16000000 -3.78911400
2.16050000 -3.78877948
2.16100000 -3.78659292
2.16150000 -3.78633694
2.16200000 -3.78691898
2.16250000 -3.79447377
2.16300000 -3.78072399
2.16350000 -3.78914198
2.16400000 -3.77770869
2.16450000 -3.77215735
2.16500000 -3.77296584
2.16550000 -3.77583319
2.16600000 -3.77260315
2.16650000 -3.76996789
2.16700000 -3.77663551
2.16750000 -3.76806580
2.16800000 -3.77238927
2.16850000 -3.77433287
2.16900000 -3.77747162
2.16950000 -3.78196755
2.17000000 -3.76907864
2.17050000 -3.77289819
2.17100000 -3.76138616
2.17150000 -3.76783138
2.17200000 -3.77422548
2.17250000 -3.76876147
2.17300000 -3.77513654
2.17350000 -3.77340545
2.17400000 -3.76379191
2.17450000 -3.76330930
2.17500000 -3.76230641
2.17550000 -3.75273566
2.17600000 -3.76235179
2.17650000 -3.77009842
2.17700000 -3.77599658
2.17750000 -3.77103770
2.17800000 -3.77134019
2.17850000 -3.76675235
2.17900000 -3.77222629
2.17950000 -3.75274301
2.18000000 -3.77758620
2.18050000 -3.76682566
2.18100000 -3.76553278
2.18150000 -3.77638462
2.18200000 -3.76636064
2.18250000 -3.76326964
2.18300000 -3.77315968
2.18350000 -3.77845021
2.18400000 -3.77172598
2.18450000 -3.76841891
2.18500000 -3.77044662
2.18550000 -3.77448708
2.18600000 -3.78243972
2.18650000 -3.77314808
2.18700000 -3.76842640
2.18750000 -3.77784299
2.18800000 -3.77631161
2.18850000 -3.78190915
2.18900000 -3.77152312
2.18950000 -3.78837867
2.19000000 -3.76838042
2.19050000 -3.78430993
2.19100000 -3.77376695
2.19150000 -3.77156223
2.19200000 -3.78194558
2.19250000 -3.77789046
2.19300000 -3.78696277
2.19350000 -3.77735188
2.19400000 -3.78509704
2.19450000 -3.78356770
2.19500000 -3.79618086
2.19550000 -3.79806036
2.19600000 -3.80331711
2.19650000 -3.79407008
2.19700000 -3.79704588
2.19750000 -3.78970232
2.19800000 -3.79747837
2.19850000 -3.80205365
2.19900000 -3.80414554
2.19950000 -3.80331813
2.20000000 -3.79673033
2.20050000 -3.80470041
2.20100000 -3.80870235
2.20150000 -3.80822267
2.20200000 -3.81120394
2.20250000 -3.80642638
2.20300000 -3.81854037
2.20350000 -3.80666746
2.20400000 -3.80961881
2.20450000 -3.81709219
2.20500000 -3.81909372
2.20550000 -3.82557134
2.20600000 -3.82119103
2.20650000 -3.82092389
2.20700000 -3.81843047
2.20750000 -3.83002860
2.20800000 -3.82134208
2.20850000 -3.82616534
2.20900000 -3.82628144
2.20950000 -3.83541303
2.21000000 -3.83363642
2.21050000 -3.83359824
2.21100000 -3.84317446
2.21150000 -3.83877790
2.21200000 -3.84470725
2.21250000 -3.84537629
2.21300000 -3.83439517
2.21350000 -3.84158209
2.21400000 -3.84303893
2.21450000 -3.84866352
2.21500000 -3.86285775
2.21550000 -3.86099026
2.21600000 -3.85235731
2.21650000 -3.86098332
2.21700000 -3.86989708
2.21750000 -3.85606497
2.21800000 -3.86716601
2.21850000 -3.86528708
2.21900000 -3.86524836
2.21950000 -3.87314401
2.22000000 -3.86856930
2.22050000 -3.86869263
2.22100000 -3.87399904
2.22150000 -3.87155325
2.22200000 -3.88082632
2.22250000 -3.86948873
2.22300000 -3.86383732
2.22350000 -3.88869429
2.22400000 -3.87992740
2.22450000 -3.89401914
2.22500000 -3.88764013
2.22550000 -3.88398823
2.22600000 -3.88660942
2.22650000 -3.88672674
2.22700000 -3.89675799
2.22750000 -3.88951423
2.22800000 -3.89086028
2.22850000 -3.90600092
2.22900000 -3.90071562
2.22950000 -3.89486923
2.23000000 -3.88896741
2.23050000 -3.89616761
2.23100000 -3.89895212
2.23150000 -3.90160555
2.23200000 -3.89692773
2.23250000 -3.90239303
2.23300000 -3.90729547
2.23350000 -3.90041937
2.23400000 -3.91034328
2.23450000 -3.89550429
2.23500000 -3.90533251
2.23550000 -3.90354236
2.23600000 -3.91056061
2.23650000 -3.90577331
2.23700000 -3.90640343
2.23750000 -3.90118456
2.23800000 -3.90748832
2.23850000 -3.91924747
2.23900000 -3.90488474
2.23950000 -3.91531534
2.24000000 -3.90435219
2.24050000 -3.91919950
2.24100000 -3.91171400
2.24150000 -3.91314231
2.24200000 -3.91929176
2.24250000 -3.91803709
2.24300000 -3.90646689
2.24350000 -3.91889428
2.24400000 -3.91030408
2.24450000 -3.89754695
2.24500000 -3.91180889
2.24550000 -3.92296132
2.24600000 -3.90548873
2.24650000 -3.90664273
2.24700000 -3.92035722
2.24750000 -3.91150651
2.24800000 -3.91042417
2.24850000 -3.90738772
2.24900000 -3.91117465
2.24950000 -3.90724169
2.25000000 -3.90984955
2.25050000 -3.91549939
2.25100000 -3.90045959
2.25150000 -3.90939533
2.25200000 -3.90782953
2.25250000 -3.90720576
2.25300000 -3.90567714
2.25350000 -3.91716342
2.25400000 -3.91008483
2.25450000 -3.90532709
2.25500000 -3.91467152
2.25550000 -3.91586434
2.25600000 -3.89934114
2.25650000 -3.91121609
2.25700000 -3.90059589
2.25750000 -3.90462875
2.25800000 -3.90040280
2.25850000 -3.90432594
2.25900000 -3.90360865
2.25950000 -3.90691614
2.26000000 -3.90017919
2.26050000 -3.89860703
2.26100000 -3.89420735
2.26150000 -3.90300405
2.26200000 -3.89550329
2.26250000 -3.90174864
2.26300000 -3.89941374
2.26350000 -3.89385381
2.26400000 -3.90102727
2.26450000 -3.88813528
2.26500000 -3.89216534
2.26550000 -3.89031620
2.26600000 -3.88228346
2.26650000 -3.89368699
2.26700000 -3.88201973
2.26750000 -3.88724934
2.26800000 -3.88596869
2.26850000 -3.88454111
2.26900000 -3.88444926
2.26950000 -3.88873093
2.27000000 -3.88746748
2.27050000 -3.88625359
2.27100000 -3.87939112
2.27150000 -3.88295169
2.27200000 -3.88754793
2.27250000 -3.88932155
2.27300000 -3.87625776
2.27350000 -3.88248581
2.27400000 -3.88007110
2.27450000 -3.88113610
2.27500000 -3.87518080
2.27550000 -3.88568612
2.27600000 -3.87424426
2.27650000 -3.87351853
2.27700000 -3.87770853
2.27750000 -3.87438350
2.27800000 -3.87807717
2.27850000 -3.86922661
2.27900000 -3.86280313
2.27950000 -3.86891943
2.28000000 -3.86821970
2.28050000 -3.86570376
2.28100000 -3.86917904
2.28150000 -3.86515762
2.28200000 -3.86221882
2.28250000 -3.87690887
2.28300000 -3.87737850
2.28350000 -3.86612228
2.28400000 -3.87401879
2.28450000 -3.87364615
2.28500000 -3.87427902
2.28550000 -3.87060484
2.28600000 -3.88071589
2.28650000 -3.87586837
2.28700000 -3.86894565
2.28750000 -3.87185279
2.28800000 -3.87544703
2.28850000 -3.87041154
2.28900000 -3.87274302
2.28950000 -3.86949936
2.29000000 -3.87439152
2.29050000 -3.87164814
2.29100000 -3.87780137
2.29150000 -3.87319365
2.29200000 -3.87435735
2.29250000 -3.88283179
2.29300000 -3.87360162
2.29350000 -3.88262677
2.29400000 -3.88707776
2.29450000 -3.88717113
2.29500000 -3.88544581
2.29550000 -3.87758197
2.29600000 -3.89479817
2.29650000 -3.87781070
2.29700000 -3.88936588
2.29750000 -3.89323348
2.29800000 -3.88707043
2.29850000 -3.89740172
2.29900000 -3.90310196
2.29950000 -3.89391555
2.30000000 -3.89262288
2.30050000 -3.89689232
2.30100000 -3.90216199
2.30150000 -3.89755142
2.30200000 -3.89186785
2.30250000 -3.90371072
2.30300000 -3.90780268
2.30350000 -3.89797692
2.30400000 -3.91385598
2.30450000 -3.91488643
2.30500000 -3.90822368
2.30550000 -3.91415600
2.30600000 -3.92660673
2.30650000 -3.90237293
2.30700000 -3.91115819
2.30750000 -3.91896544
2.30800000 -3.91794133
2.30850000 -3.93173563
2.30900000 -3.92230444
2.30950000 -3.93339094
2.31000000 -3.93298183
2.31050000 -3.93413315
2.31100000 -3.91867149
2.31150000 -3.93951116
2.31200000 -3.93992712
2.31250000 -3.94161625
2.31300000 -3.94296771
2.31350000 -3.94970282
2.31400000 -3.94065005
2.31450000 -3.94425276
2.31500000 -3.94496384
2.31550000 -3.94738108
2.31600000 -3.95810701
2.31650000 -3.95346230
2.31700000 -3.97878045
2.31750000 -3.94687596
2.31800000 -3.96980403
2.31850000 -3.97248185
2.31900000 -3.97129165
2.31950000 -3.97047523
2.32000000 -3.97655067
2.32050000 -3.97793661
2.32100000 -3.98283030
2.32150000 -3.98302345
2.32200000 -3.98916336
2.32250000 -3.98923895
2.32300000 -3.99508435
2.32350000 -3.99629698
2.32400000 -3.99687510
2.32450000 -3.99718015
2.32500000 -4.00221480
2.32550000 -4.00114168
2.32600000 -4.00604929
2.32650000 -4.00346112
2.32700000 -4.01843370
2.32750000 -4.00573825
2.32800000 -4.00199521
2.32850000 -4.01217866
2.32900000 -4.01805542
2.32950000 -4.01024012
2.33000000 -4.01092874
2.33050000 -4.01408448
2.33100000 -4.01901788
2.33150000 -4.01873545
2.33200000 -4.02122030
2.33250000 -4.02623709
2.33300000 -4.03415660
2.33350000 -4.03552561
2.33400000 -4.03983435
2.33450000 -4.03544666
2.33500000 -4.04372706
2.33550000 -4.04704730
2.33600000 -4.03696410
2.33650000 -4.04705030
2.33700000 -4.05122166
2.33750000 -4.04581444
2.33800000 -4.03221695
2.33850000 -4.05993575
2.33900000 -4.05802934
2.33950000 -4.04750527
2.34000000 -4.05427453
2.34050000 -4.06989786
2.34100000 -4.05421051
2.34150000 -4.06634276
2.34200000 -4.05561916
2.34250000 -4.05313488
2.34300000 -4.06168431
2.34350000 -4.07188481
2.34400000 -4.05720063
2.34450000 -4.06303661
2.34500000 -4.06786651
2.34550000 -4.06858745
2.34600000 -4.07707165
2.34650000 -4.06684003
2.34700000 -4.06643113
2.34750000 -4.06979896
2.34800000 -4.06529933
2.34850000 -4.07297277
2.34900000 -4.07689470
2.34950000 -4.07575835
2.35000000 -4.07469659
2.35050000 -4.08712041
2.35100000 -4.08373319
2.35150000 -4.08121367
2.35200000 -4.07121637
2.35250000 -4.07130636
2.35300000 -4.07515744
2.35350000 -4.07784831
2.35400000 -4.08301672
2.35450000 -4.08273355
2.35500000 -4.07619342
2.35550000 -4.07802156
2.35600000 -4.08632169
2.35650000 -4.09562147
2.35700000 -4.07918100
2.35750000 -4.08419359
2.35800000 -4.08894475
2.35850000 -4.09247165
2.35900000 -4.07214540
2.35950000 -4.09002465
2.36000000 -4.08424652
2.36050000 -4.07998835
2.36100000 -4.09060688
2.36150000 -4.08098822
2.36200000 -4.08191111
2.36250000 -4.08488389
2.36300000 -4.07893745
2.36350000 -4.08800578
2.36400000 -4.08297522
2.36450000 -4.08340865
2.36500000 -4.08566203
2.36550000 -4.10000521
2.36600000 -4.09408096
2.36650000 -4.09372085
2.36700000 -4.08627878
2.36750000 -4.09029706
2.36800000 -4.09140694
2.36850000 -4.08384757
2.36900000 -4.08561693
2.36950000 -4.08222832
2.37000000 -4.08160123
2.37050000 -4.08212690
2.37100000 -4.07229827
2.37150000 -4.08411258
2.37200000 -4.07348370
2.37250000 -4.07721332
2.37300000 -4.08371530
2.37350000 -4.08735145
2.37400000 -4.08227335
2.37450000 -4.08363938
2.37500000 -4.08424274
2.37550000 -4.07657648
2.37600000 -4.08905372
2.37650000 -4.08024279
2.37700000 -4.08932083
2.37750000 -4.07354385
2.37800000 -4.08123906
2.37850000 -4.07179596
2.37900000 -4.07609775
2.37950000 -4.07048785
2.38000000 -4.07249644
2.38050000 -4.07130381
2.38100000 -4.07482144
2.38150000 -4.07242262
2.38200000 -4.07388014
2.38250000 -4.06666825
2.38300000 -4.07647337
2.38350000 -4.07972558
2.38400000 -4.06717598
2.38450000 -4.07016227
2.38500000 -4.07274443
2.38550000 -4.06888159
2.38600000 -4.06598676
2.38650000 -4.07429215
2.38700000 -4.06795488
2.38750000 -4.06654869
2.38800000 -4.07435148
2.38850000 -4.06232751
2.38900000 -4.06552349
2.38950000 -4.06818922
2.39000000 -4.06669162
2.39050000 -4.06921784
2.39100000 -4.07866889
2.39150000 -4.06603759
2.39200000 -4.07557759
2.39250000 -4.08040268
2.39300000 -4.07732608
2.39350000 -4.07168233
2.39400000 -4.07166677
2.39450000 -4.07033495
2.39500000 -4.07506250
2.39550000 -4.07375665
2.39600000 -4.07809921
2.39650000 -4.08023400
2.39700000 -4.07755246
2.39750000 -4.07264970
2.39800000 -4.07861786
2.39850000 -4.08403026
2.39900000 -4.07867090
2.39950000 -4.08745725
2.40000000 -4.07600258
2.40050000 -4.07995088
2.40100000 -4.07933279
2.40150000 -4.09047547
2.40200000 -4.07497384
2.40250000 -4.08619991
2.40300000 -4.09452375
2.40350000 -4.08181810
2.40400000 -4.08853224
2.40450000 -4.10176352
2.40500000 -4.09092764
2.40550000 -4.09477785
2.40600000 -4.09481146
2.40650000 -4.10331683
2.40700000 -4.09796534
2.40750000 -4.09124246
2.40800000 -4.10398506
2.40850000 -4.09974369
2.40900000 -4.10128339
2.40950000 -4.10737375
2.41000000 -4.11277076
2.41050000 -4.10307334
2.41100000 -4.10384441
2.41150000 -4.11758241
2.41200000 -4.11641452
2.41250000 -4.11816867
2.41300000 -4.11649405
2.41350000 -4.12166545
2.41400000 -4.12175401
2.41450000 -4.12408738
2.41500000 -4.12986169
2.41550000 -4.13701496
2.41600000 -4.13794749
2.41650000 -4.13216071
2.41700000 -4.13634663
2.41750000 -4.13860150
2.41800000 -4.14415589
2.41850000 -4.15234571
2.41900000 -4.15174939
2.41950000 -4.15276810
2.42000000 -4.15631098
2.42050000 -4.14884939
2.42100000 -4.16178534
2.42150000 -4.15764869
2.42200000 -4.15993254
2.42250000 -4.16014602
2.42300000 -4.16262430
2.42350000 -4.17147487
2.42400000 -4.17004540
2.42450000 -4.17435670
2.42500000 -4.17923273
2.42550000 -4.18304850
2.42600000 -4.18008572
2.42650000 -4.18121563
2.42700000 -4.18587749
2.42750000 -4.19273211
2.42800000 -4.20128968
2.42850000 -4.19002177
2.42900000 -4.19796218
2.42950000 -4.19549817
2.43000000 -4.18711217
2.43050000 -4.19870857
2.43100000 -4.19441294
2.43150000 -4.20722986
2.43200000 -4.20646451
2.43250000 -4.22508233
2.43300000 -4.22132540
2.43350000 -4.21391703
2.43400000 -4.22291755
2.43450000 -4.22162185
2.43500000 -4.23084071
2.43550000 -4.22436790
2.43600000 -4.23721432
2.43650000 -4.22554044
2.43700000 -4.23486172
2.43750000 -4.23767684
2.43800000 -4.24384046
2.43850000 -4.24400265
2.43900000 -4.23796698
2.43950000 -4.24519559
2.44000000 -4.24682742
2.44050000 -4.25201574
2.44100000 -4.25927729
2.44150000 -4.25837032
2.44200000 -4.26100501
2.44250000 -4.26061393
2.44300000 -4.26293138
2.44350000 -4.27642999
2.44400000 -4.26601585
2.44450000 -4.26726238
2.44500000 -4.26954294
2.44550000 -4.26614418
2.44600000 -4.27242045
2.44650000 -4.27923237
2.44700000 -4.27930705
2.44750000 -4.28569122
2.44800000 -4.28864088
2.44850000 -4.28091225
2.44900000 -4.28942952
2.44950000 -4.29546567
2.45000000 -4.28584903
2.45050000 -4.29291968
2.45100000 -4.29738827
2.45150000 -4.30757423
2.45200000 -4.28937419
2.45250000 -4.30049955
2.45300000 -4.31000439
2.45350000 -4.30953030
2.45400000 -4.29904630
2.45450000 -4.30882535
2.45500000 -4.30710829
2.45550000 -4.30953052
2.45600000 -4.30732545
2.45650000 -4.30890561
2.45700000 -4.32675703
2.45750000 -4.31823133
2.45800000 -4.32566035
2.45850000 -4.32855406
2.45900000 -4.32957865
2.45950000 -4.32794722
2.46000000 -4.33599434
2.46050000 -4.32836779
2.46100000 -4.34006751
2.46150000 -4.33750120
2.46200000 -4.33130211
2.46250000 -4.33469032
2.46300000 -4.34112448
2.46350000 -4.33380014
2.46400000 -4.33604068
2.46450000 -4.34302941
2.46500000 -4.34740254
2.46550000 -4.33564891
2.46600000 -4.33476627
2.46650000 -4.34056214
2.46700000 -4.34634663
2.46750000 -4.35009233
2.46800000 -4.35642542
2.46850000 -4.33958896
2.46900000 -4.35138899
2.46950000 -4.34738227
2.47000000 -4.35392844
2.47050000 -4.35837226
2.47100000 -4.35154028
2.47150000 -4.35841874
2.47200000 -4.34760788
2.47250000 -4.35200985
2.47300000 -4.35733846
2.47350000 -4.35307749
2.47400000 -4.34603954
2.47450000 -4.34920919
2.47500000 -4.34770168
2.47550000 -4.35345466
2.47600000 -4.34814229
2.47650000 -4.35751061
2.47700000 -4.36021264
2.47750000 -4.36239307
2.47800000 -4.35502240
2.47850000 -4.36055172
2.47900000 -4.35362627
2.47950000 -4.35350524
2.48000000 -4.35542916
2.48050000 -4.35714007
2.48100000 -4.34360282
2.48150000 -4.35332083
2.48200000 -4.36352907
2.48250000 -4.34313625
2.48300000 -4.35396918
2.48350000 -4.34501910
2.48400000 -4.35482201
2.48450000 -4.35108406
2.48500000 -4.34543877
2.48550000 -4.35514827
2.48600000 -4.34756162
2.48650000 -4.35037457
2.48700000 -4.34289390
2.48750000 -4.35125279
2.48800000 -4.35114604
2.48850000 -4.35649832
2.48900000 -4.35965833
2.48950000 -4.35055988
2.49000000 -4.34489178
2.49050000 -4.33758928
2.49100000 -4.35098525
2.49150000 -4.35138268
2.49200000 -4.35577304
2.49250000 -4.35123914
2.49300000 -4.34260095
2.49350000 -4.35536055
2.49400000 -4.33637165
2.49450000 -4.34669139
2.49500000 -4.34622867
2.49550000 -4.34749181
2.49600000 -4.34015757
2.49650000 -4.34636286
2.49700000 -4.35428112
2.49750000 -4.35479667
2.49800000 -4.34439633
2.49850000 -4.34317254
2.49900000 -4.34205524
2.49950000 -4.33874284
2.50000000 -4.34385145
2.50050000 -4.34276633
2.50100000 -4.33842769
2.50150000 -4.32703834
2.50200000 -4.34600080
2.50250000 -4.36460992
2.50300000 -4.34139069
2.50350000 -4.34203652
2.50400000 -4.34131123
2.50450000 -4.34321056
2.50500000 -4.34456519
2.50550000 -4.33859773
2.50600000 -4.35107654
2.50650000 -4.35497153
2.50700000 -4.35423716
2.50750000 -4.33739008
2.50800000 -4.35993317
2.50850000 -4.36577634
2.50900000 -4.35192086
2.50950000 -4.36424184
2.51000000 -4.37245665
2.51050000 -4.36315549
2.51100000 -4.36800735
2.51150000 -4.35697507
2.51200000 -4.36756560
2.51250000 -4.36873756
2.51300000 -4.36918105
2.51350000 -4.36908103
2.51400000 -4.36612463
2.51450000 -4.37465791
2.51500000 -4.37305659
2.51550000 -4.38130675
2.51600000 -4.39624532
2.51650000 -4.37854116
2.51700000 -4.39671720
2.51750000 -4.38602159
2.51800000 -4.38036197
2.51850000 -4.38990785
2.51900000 -4.37816152
2.51950000 -4.40252997
2.52000000 -4.41096693
2.52050000 -4.38841117
2.52100000 -4.40219282
2.52150000 -4.39938795
2.52200000 -4.40281730
2.52250000 -4.41283242
2.52300000 -4.40389418
2.52350000 -4.40304931
2.52400000 -4.41759031
2.52450000 -4.41337997
2.52500000 -4.41126648
2.52550000 -4.42015558
2.52600000 -4.41184103
2.52650000 -4.42947771
2.52700000 -4.42878253
2.52750000 -4.41972367
2.52800000 -4.43015861
2.52850000 -4.44556570
2.52900000 -4.43624206
2.52950000 -4.43651007
2.53000000 -4.44875803
2.53050000 -4.44326274
2.53100000 -4.44381046
2.53150000 -4.45131242
2.53200000 -4.46137733
2.53250000 -4.45173057
2.53300000 -4.45404222
2.53350000 -4.46167183
2.53400000 -4.44669679
2.53450000 -4.46780515
2.53500000 -4.46381158
2.53550000 -4.45210866
2.53600000 -4.48180142
2.53650000 -4.48693670
2.53700000 -4.47982755
2.53750000 -4.49613247
2.53800000 -4.47939012
2.53850000 -4.48570823
2.53900000 -4.48708646
2.53950000 -4.49027161
2.54000000 -4.49730630
2.54050000 -4.48103892
2.54100000 -4.49643226
2.54150000 -4.49966724
2.54200000 -4.51412289
2.54250000 -4.51547863
2.54300000 -4.50966312
2.54350000 -4.52379093
2.54400000 -4.52085552
2.54450000 -4.52654672
2.54500000 -4.52520043
2.54550000 -4.51740994
2.54600000 -4.52668086
2.54650000 -4.52407993
2.54700000 -4.53233736
2.54750000 -4.54619863
2.54800000 -4.54853663
2.54850000 -4.54400307
2.54900000 -4.55178409
2.54950000 -4.54962148
2.55000000 -4.57319578
2.55050000 -4.55881665
2.55100000 -4.56168007
2.55150000 -4.56630214
2.55200000 -4.58132384
2.55250000 -4.56514015
2.55300000 -4.58171388
2.55350000 -4.58302242
2.55400000 -4.58131903
2.55450000 -4.59630705
2.55500000 -4.59588705
2.55550000 -4.60385969
2.55600000 -4.58059648
2.55650000 -4.59771888
2.55700000 -4.59428929
2.55750000 -4.60620697
2.55800000 -4.60626604
2.55850000 -4.62281817
2.55900000 -4.63240200
2.55950000 -4.60643559
2.56000000 -4.61782002
2.56050000 -4.62831392
2.56100000 -4.63910687
2.56150000 -4.61458896
2.56200000 -4.61753363
2.56250000 -4.63135329
2.56300000 -4.63386373
2.56350000 -4.63895329
2.56400000 -4.63507025
2.56450000 -4.63431457
2.56500000 -4.65173740
2.56550000 -4.65050582
2.56600000 -4.63816784
2.56650000 -4.66024104
2.56700000 -4.64352588
2.56750000 -4.64748173
2.56800000 -4.65116078
2.56850000 -4.66102006
2.56900000 -4.66698731
2.56950000 -4.66711311
2.57000000 -4.65868927
2.57050000 -4.65959137
2.57100000 -4.65746269
2.57150000 -4.67344464
2.57200000 -4.66833371
2.57250000 -4.67083903
2.57300000 -4.67376453
2.57350000 -4.67673949
2.57400000 -4.67583455
2.57450000 -4.68165467
2.57500000 -4.67485390
2.57550000 -4.68326143
2.57600000 -4.67594848
2.57650000 -4.66428537
2.57700000 -4.67526929
2.57750000 -4.67669047
2.57800000 -4.67774647
2.57850000 -4.67607634
2.57900000 -4.68131517
2.57950000 -4.68973651
2.58000000 -4.67945727
2.58050000 -4.67647272
2.58100000 -4.68775538
2.58150000 -4.67927840
2.58200000 -4.66623996
2.58250000 -4.67723843
2.58300000 -4.68942815
2.58350000 -4.68914388
2.58400000 -4.68747533
2.58450000 -4.69517741
2.58500000 -4.68824499
2.58550000 -4.69617601
2.58600000 -4.67248310
2.58650000 -4.68252144
2.58700000 -4.66994917
2.58750000 -4.66488091
2.58800000 -4.67914500
2.58850000 -4.68878161
2.58900000 -4.66846299
2.58950000 -4.67901559
2.59000000 -4.68093492
2.59050000 -4.66424921
2.59100000 -4.67985718
2.59150000 -4.67638168
2.59200000 -4.67202586
2.59250000 -4.66689398
2.59300000 -4.67215249
2.59350000 -4.68952009
2.59400000 -4.67205706
2.59450000 -4.65785907
2.59500000 -4.65277345
2.59550000 -4.67559925
2.59600000 -4.65670909
2.59650000 -4.65347158
2.59700000 -4.65309362
2.59750000 -4.66868894
2.59800000 -4.66057632
2.59850000 -4.65617578
2.59900000 -4.66692761
2.59950000 -4.66842653
2.60000000 -4.65354040
2.60050000 -4.65499866
2.60100000 -4.65535536
2.60150000 -4.66772287
2.60200000 -4.66965045
2.60250000 -4.65495117
2.60300000 -4.64964759
2.60350000 -4.65975060
2.60400000 -4.66094940
2.60450000 -4.66438274
2.60500000 -4.67607087
2.60550000 -4.65745891
2.60600000 -4.64950654
2.60650000 -4.66699091
2.60700000 -4.64979796
2.60750000 -4.64198230
2.60800000 -4.65787652
2.60850000 -4.65100865
2.60900000 -4.65482512
2.60950000 -4.66204503
2.61000000 -4.65735696
2.61050000 -4.65733373
2.61100000 -4.65455172
2.61150000 -4.65796554
2.61200000 -4.65824870
2.61250000 -4.65355329
2.61300000 -4.65865229
2.61350000 -4.64863438
2.61400000 -4.66096717
2.61450000 -4.65100072
2.61500000 -4.65984566
2.61550000 -4.66120256
2.61600000 -4.67093121
2.61650000 -4.65444836
2.61700000 -4.65447846
2.61750000 -4.65559006
2.61800000 -4.66793908
2.61850000 -4.67057856
2.61900000 -4.66785579
2.61950000 -4.67480585
2.62000000 -4.67585533
2.62050000 -4.67551601
2.62100000 -4.67361265
2.62150000 -4.68554003
2.62200000 -4.66265982
2.62250000 -4.68542399
2.62300000 -4.69528085
2.62350000 -4.68800638
2.62400000 -4.70396724
2.62450000 -4.69073692
2.62500000 -4.67733431
2.62550000 -4.70403343
2.62600000 -4.69965202
2.62650000 -4.71556030
2.62700000 -4.69647009
2.62750000 -4.70812913
2.62800000 -4.69708087
2.62850000 -4.71912726
2.62900000 -4.72249282
2.62950000 -4.71351108
2.63000000 -4.70649962
2.63050000 -4.71534772
2.63100000 -4.71806723
2.63150000 -4.73311050
2.63200000 -4.71932731
2.63250000 -4.72863687
2.63300000 -4.73644304
2.63350000 -4.74391789
2.63400000 -4.75067577
2.63450000 -4.75711817
2.63500000 -4.75298199
2.63550000 -4.74039176
2.63600000 -4.76406874
2.63650000 -4.76028688
2.63700000 -4.74951686
2.63750000 -4.76012814
2.63800000 -4.76629910
2.63850000 -4.75546845
2.63900000 -4.77266930
2.63950000 -4.78259134
2.64000000 -4.77927862
2.64050000 -4.77010641
2.64100000 -4.79404149
2.64150000 -4.80190777
2.64200000 -4.79915670
2.64250000 -4.80433936
2.64300000 -4.81373805
2.64350000 -4.78668823
2.64400000 -4.80051898
2.64450000 -4.79944613
2.64500000 -4.80853303
2.64550000 -4.83081425
2.64600000 -4.80354700
2.64650000 -4.80839934
2.64700000 -4.83627509
2.64750000 -4.82804672
2.64800000 -4.82952236
2.64850000 -4.86479812
2.64900000 -4.84654233
2.64950000 -4.84947678
2.65000000 -4.85729573
2.65050000 -4.85225383
2.65100000 -4.87604251
2.65150000 -4.88388873
2.65200000 -4.86589533
2.65250000 -4.88183705
2.65300000 -4.87988319
2.65350000 -4.88266038
2.65400000 -4.90382745
2.65450000 -4.90280338
2.65500000 -4.91175819
2.65550000 -4.88052817
2.65600000 -4.90655296
2.65650000 -4.91695962
2.65700000 -4.91103783
2.65750000 -4.90806210
2.65800000 -4.92013923
2.65850000 -4.93617837
2.65900000 -4.90906109
2.65950000 -4.94235340
2.66000000 -4.93953977
2.66050000 -4.93548609
2.66100000 -4.95063021
2.66150000 -4.95243157
2.66200000 -4.94322290
2.66250000 -4.95535534
2.66300000 -4.94938111
2.66350000 -4.97446645
2.66400000 -4.96284865
2.66450000 -4.97087264
2.66500000 -4.97293249
2.66550000 -4.97853126
2.66600000 -4.98789103
2.66650000 -4.99499292
2.66700000 -4.97678183
2.66750000 -4.99567474
2.66800000 -4.98728291
2.66850000 -5.00377231
2.66900000 -4.99931434
2.66950000 -5.00971664
2.67000000 -5.00530561
2.67050000 -5.00130371
2.67100000 -5.00812303
2.67150000 -5.01392490
2.67200000 -5.01878119
2.67250000 -5.02577943
2.67300000 -5.01000566
2.67350000 -5.01685466
2.67400000 -5.02710493
2.67450000 -5.02183788
2.67500000 -5.03188813
2.67550000 -5.02615154
2.67600000 -5.02574624
2.67650000 -5.01949790
2.67700000 -5.01998725
2.67750000 -5.04542829
2.67800000 -5.03442871
2.67850000 -5.03546512
2.67900000 -5.02904695
2.67950000 -5.03395193
2.68000000 -5.03189684
2.68050000 -5.04802383
2.68100000 -5.03326495
2.68150000 -5.04048880
2.68200000 -5.03450415
2.68250000 -5.03249361
2.68300000 -5.03803422
2.68350000 -5.04138688
2.68400000 -5.03862212
2.68450000 -5.03967206
2.68500000 -5.04354372
2.68550000 -5.03084488
2.68600000 -5.03823829
2.68650000 -5.02961262
2.68700000 -5.04472719
2.68750000 -5.02622377
2.68800000 -5.04743423
2.68850000 -5.03007468
2.68900000 -5.05413920
2.68950000 -5.02763822
2.69000000 -5.03461890
2.69050000 -5.02416070
2.69100000 -5.03474937
2.69150000 -5.01929354
2.69200000 -5.02695251
2.69250000 -5.02423512
2.69300000 -5.03095578
2.69350000 -5.04041312
2.69400000 -5.03701645
2.69450000 -5.02237628
2.69500000 -5.03384680
2.69550000 -5.04219670
2.69600000 -5.01249149
2.69650000 -5.00902214
2.69700000 -5.02392645
2.69750000 -5.02475683
2.69800000 -5.01785116
2.69850000 -5.00344909
2.69900000 -5.00835868
2.69950000 -5.00987321
2.70000000 -5.01309553
2.70050000 -5.00102395
2.70100000 -5.01129374
2.70150000 -5.01009985
2.70200000 -4.99273811
2.70250000 -5.00993357
2.70300000 -5.01333138
2.70350000 -4.99312268
2.70400000 -5.01052156
2.70450000 -5.00276524
2.70500000 -4.99274016
2.70550000 -4.98809473
2.70600000 -4.99695068
2.70650000 -4.98418921
2.70700000 -4.99515517
2.70750000 -4.99981133
2.70800000 -4.98879220
2.70850000 -4.98266880
2.70900000 -4.97787717
2.70950000 -4.99041166
2.71000000 -4.98707392
2.71050000 -4.99755823
2.71100000 -4.98739563
2.71150000 -4.97950737
2.71200000 -4.98940448
2.71250000 -4.99617580
2.71300000 -4.98599347
2.71350000 -4.97879201
2.71400000 -4.98502902
2.71450000 -4.99179197
2.71500000 -4.99158779
2.71550000 -5.00280187
2.71600000 -4.99443836
2.71650000 -4.97546357
2.71700000 -5.00068519
2.71750000 -4.98266266
2.71800000 -4.98745658
2.71850000 -4.99528404
2.71900000 -4.98408697
2.71950000 -4.98715636
2.72000000 -4.99702225
2.72050000 -4.99672044
2.72100000 -5.00353857
2.72150000 -4.99894862
2.72200000 -4.98764159
2.72250000 -4.99880420
2.72300000 -4.99393290
2.72350000 -4.99248226
2.72400000 -5.01571181
2.72450000 -4.99260464
2.72500000 -5.00175196
2.72550000 -4.99222469
2.72600000 -5.02067235
2.72650000 -5.00423888
2.72700000 -4.99650115
2.72750000 -5.01314674
2.72800000 -5.01230604
2.72850000 -5.02976563
2.72900000 -5.01827790
2.72950000 -5.02752612
2.73000000 -5.02520138
2.73050000 -5.02957295
2.73100000 -5.02490857
2.73150000 -5.03704701
2.73200000 -5.03001485
2.73250000 -5.04729011
2.73300000 -5.04962325
2.73350000 -5.04039405
2.73400000 -5.04278227
2.73450000 -5.05199145
2.73500000 -5.06154106
2.73550000 -5.04943593
2.73600000 -5.06133404
2.73650000 -5.07450350
2.73700000 -5.04926825
2.73750000 -5.04798041
2.73800000 -5.08252113
2.73850000 -5.07901925
2.73900000 -5.07915927
2.73950000 -5.07450637
2.74000000 -5.09327033
2.74050000 -5.09903128
2.74100000 -5.08668670
2.74150000 -5.09165774
2.74200000 -5.09569222
2.74250000 -5.10771713
2.74300000 -5.11340753
2.74350000 -5.11940728
2.74400000 -5.11583268
2.74450000 -5.13498652
2.74500000 -5.11854507
2.74550000 -5.14120725
2.74600000 -5.13587379
2.74650000 -5.15018271
2.74700000 -5.16644200
2.74750000 -5.15840442
2.74800000 -5.15219978
2.74850000 -5.16675642
2.74900000 -5.16000021
2.74950000 -5.18822710
2.75000000 -5.17554499
2.75050000 -5.17608988
2.75100000 -5.19473705
2.75150000 -5.20244366
2.75200000 -5.20815008
2.75250000 -5.20769970
2.75300000 -5.21015604
2.75350000 -5.19829753
2.75400000 -5.21818115
2.75450000 -5.22184749
2.75500000 -5.21385398
2.75550000 -5.24388905
2.75600000 -5.22728183
2.75650000 -5.23331236
2.75700000 -5.23906358
2.75750000 -5.24961706
2.75800000 -5.25788770
2.75850000 -5.27156147
2.75900000 -5.27076799
2.75950000 -5.26952124
2.76000000 -5.27724953
2.76050000 -5.28655232
2.76100000 -5.28714460
2.76150000 -5.28821151
2.76200000 -5.28128231
2.76250000 -5.29752820
2.76300000 -5.30233157
2.76350000 -5.31585437
2.76400000 -5.30873666
2.76450000 -5.31514383
2.76500000 -5.31432199
2.76550000 -5.32991277
2.76600000 -5.33756581
2.76650000 -5.32420672
2.76700000 -5.34031772
2.76750000 -5.33991028
2.76800000 -5.33617169
2.76850000 -5.34263783
2.76900000 -5.34998959
2.76950000 -5.34049779
2.77000000 -5.34973706
2.77050000 -5.36743759
2.77100000 -5.35952322
2.77150000 -5.37424153
2.77200000 -5.38080097
2.77250000 -5.38022210
2.77300000 -5.38030435
2.77350000 -5.36471966
2.77400000 -5.38274176
2.77450000 -5.37983917
2.77500000 -5.39126258
2.77550000 -5.39112548
2.77600000 -5.40580764
2.77650000 -5.39042055
2.77700000 -5.39239540
2.77750000 -5.38232856
2.77800000 -5.40774808
2.77850000 -5.39170558
2.77900000 -5.40475585
2.77950000 -5.38458616
2.78000000 -5.39612452
2.78050000 -5.40810907
2.78100000 -5.39886652
2.78150000 -5.39653124
2.78200000 -5.40443046
2.78250000 -5.40726948
2.78300000 -5.41459865
2.78350000 -5.39873770
2.78400000 -5.38604128
2.78450000 -5.39835665
2.78500000 -5.41039736
2.78550000 -5.38405928
2.78600000 -5.40531696
2.78650000 -5.40457906
2.78700000 -5.39550806
2.78750000 -5.40065157
2.78800000 -5.40930732
2.78850000 -5.42599731
2.78900000 -5.41814941
2.78950000 -5.41287291
2.79000000 -5.41089600
2.79050000 -5.40898953
2.79100000 -5.38913821
2.79150000 -5.41481340
2.79200000 -5.40642299
2.79250000 -5.42259785
2.79300000 -5.41852825
2.79350000 -5.40698379
2.79400000 -5.40481981
2.79450000 -5.36840094
2.79500000 -5.41790440
2.79550000 -5.41742699
2.79600000 -5.40628068
2.79650000 -5.39919332
2.79700000 -5.43349676
2.79750000 -5.39125461
2.79800000 -5.38622416
2.79850000 -5.39361089
2.79900000 -5.40128629
2.79950000 -5.40233530
2.80000000 -5.38962644
2.80050000 -5.38858368
2.80100000 -5.37918959
2.80150000 -5.39797140
2.80200000 -5.38867419
2.80250000 -5.37929274
2.80300000 -5.37271490
2.80350000 -5.37817551
2.80400000 -5.37468272
2.80450000 -5.37746963
2.80500000 -5.37768817
2.80550000 -5.35199678
2.80600000 -5.36701044
2.80650000 -5.38579819
2.80700000 -5.34471599
2.80750000 -5.35140075
2.80800000 -5.35142472
2.80850000 -5.37325978
2.80900000 -5.35861422
2.80950000 -5.35703172
2.81000000 -5.36838352
2.81050000 -5.36246772
2.81100000 -5.35077611
2.81150000 -5.35295463
2.81200000 -5.34831263
2.81250000 -5.34936749
2.81300000 -5.35121350
2.81350000 -5.35624197
2.81400000 -5.33560854
2.81450000 -5.32833061
2.81500000 -5.34042741
2.81550000 -5.35156826
2.81600000 -5.34546634
2.81650000 -5.34010770
2.81700000 -5.33476548
2.81750000 -5.33179682
2.81800000 -5.32550944
2.81850000 -5.33976724
2.81900000 -5.34500689
2.81950000 -5.34563646
2.82000000 -5.33420568
2.82050000 -5.33052776
2.82100000 -5.34554040
2.82150000 -5.32981595
2.82200000 -5.34169561
2.82250000 -5.33726161
2.82300000 -5.34236504
2.82350000 -5.35549609
2.82400000 -5.33848295
2.82450000 -5.35089852
2.82500000 -5.33453425
2.82550000 -5.34641358
2.82600000 -5.35060197
2.82650000 -5.34862911
2.82700000 -5.34965604
2.82750000 -5.35682392
2.82800000 -5.34859358
2.82850000 -5.35250823
2.82900000 -5.34843041
2.82950000 -5.34554649
2.83000000 -5.35301251
2.83050000 -5.36349571
2.83100000 -5.36042089
2.83150000 -5.34539879
2.83200000 -5.37451381
2.83250000 -5.37266165
2.83300000 -5.37754034
2.83350000 -5.36199651
2.83400000 -5.38454604
2.83450000 -5.39520876
2.83500000 -5.38308076
2.83550000 -5.38289264
2.83600000 -5.37561100
2.83650000 -5.38530485
2.83700000 -5.39119479
2.83750000 -5.38263151
2.83800000 -5.39609423
2.83850000 -5.39874556
2.83900000 -5.40907788
2.83950000 -5.41814180
2.84000000 -5.41934281
2.84050000 -5.40452949
2.84100000 -5.43705148
2.84150000 -5.44005311
2.84200000 -5.43285460
2.84250000 -5.42966818
2.84300000 -5.44263806
2.84350000 -5.43507119
2.84400000 -5.45564250
2.84450000 -5.45994096
2.84500000 -5.47079660
2.84550000 -5.47771946
2.84600000 -5.46065975
2.84650000 -5.46854505
2.84700000 -5.49411467
2.84750000 -5.47688088
2.84800000 -5.47203702
2.84850000 -5.49217742
2.84900000 -5.49949428
2.84950000 -5.50777829
2.85000000 -5.49634909
2.85050000 -5.52011035
2.85100000 -5.51600355
2.85150000 -5.52505838
2.85200000 -5.52417502
2.85250000 -5.52042568
2.85300000 -5.51368391
2.85350000 -5.54095504
2.85400000 -5.53584790
2.85450000 -5.54687999
2.85500000 -5.56990458
2.85550000 -5.57859959
2.85600000 -5.55703364
2.85650000 -5.57520749
2.85700000 -5.57863105
2.85750000 -5.57585397
2.85800000 -5.58680366
2.85850000 -5.60679422
2.85900000 -5.60169262
2.85950000 -5.60466464
2.86000000 -5.61030175
2.86050000 -5.61927908
2.86100000 -5.61526552
2.86150000 -5.62610455
2.86200000 -5.62219593
2.86250000 -5.63365541
2.86300000 -5.63608796
2.86350000 -5.64475347
2.86400000 -5.65544486
2.86450000 -5.66025698
2.86500000 -5.65500437
2.86550000 -5.66170483
2.86600000 -5.67921920
2.86650000 -5.65936572
2.86700000 -5.67949952
2.86750000 -5.69267685
2.86800000 -5.68591823
2.86850000 -5.69265887
2.86900000 -5.69548958
2.86950000 -5.70154403
2.87000000 -5.68299638
2.87050000 -5.70482054
2.87100000 -5.70199212
2.87150000 -5.71557607
2.87200000 -5.71977445
2.87250000 -5.72421630
2.87300000 -5.72943798
2.87350000 -5.70276388
2.87400000 -5.72165434
2.87450000 -5.73186593
2.87500000 -5.72963218
2.87550000 -5.72126053
2.87600000 -5.74199004
2.87650000 -5.73498968
2.87700000 -5.74180884
2.87750000 -5.74120242
2.87800000 -5.73884184
2.87850000 -5.76334196
2.87900000 -5.76096259
2.87950000 -5.74691648
2.88000000 -5.76701797
2.88050000 -5.75190334
2.88100000 -5.74587083
2.88150000 -5.77768363
2.88200000 -5.77424990
2.88250000 -5.77027608
2.88300000 -5.76130043
2.88350000 -5.76501469
2.88400000 -5.76647240
2.88450000 -5.79192926
2.88500000 -5.77396262
2.88550000 -5.77400639
2.88600000 -5.78326618
2.88650000 -5.77984187
2.88700000 -5.77332365
2.88750000 -5.79136438
2.88800000 -5.79356329
2.88850000 -5.77168273
2.88900000 -5.76646713
2.88950000 -5.77320686
2.89000000 -5.76997626
2.89050000 -5.77726521
2.89100000 -5.78175631
2.89150000 -5.78881037
2.89200000 -5.78591451
2.89250000 -5.78040626
2.89300000 -5.77732206
2.89350000 -5.78922590
2.89400000 -5.77064542
2.89450000 -5.76521455
2.89500000 -5.77779012
2.89550000 -5.74741768
2.89600000 -5.76258627
2.89650000 -5.77563988
2.89700000 -5.76664955
2.89750000 -5.76539184
2.89800000 -5.76730148
2.89850000 -5.78217528
2.89900000 -5.77115166
2.89950000 -5.76967372
2.90000000 -5.77706822
2.90050000 -5.75999291
2.90100000 -5.77647366
2.90150000 -5.77376876
2.90200000 -5.75675378
2.90250000 -5.76106962
2.90300000 -5.76074715
2.90350000 -5.75340755
2.90400000 -5.74696114
2.90450000 -5.75109539
2.90500000 -5.74864683
2.90550000 -5.75471962
2.90600000 -5.75379011
2.90650000 -5.74523400
2.90700000 -5.74835763
2.90750000 -5.75132266
2.90800000 -5.75202218
2.90850000 -5.73095058
2.90900000 -5.72734639
2.90950000 -5.73646767
2.91000000 -5.73401701
2.91050000 -5.72403108
2.91100000 -5.73513676
2.91150000 -5.75187919
2.91200000 -5.73172523
2.91250000 -5.72473892
2.91300000 -5.72928619
2.91350000 -5.72673026
2.91400000 -5.71730598
2.91450000 -5.71730889
2.91500000 -5.72274128
2.91550000 -5.73187126
2.91600000 -5.70605583
2.91650000 -5.71507067
2.91700000 -5.70914084
2.91750000 -5.71074022
2.91800000 -5.70400759
2.91850000 -5.72679906
2.91900000 -5.69550491
2.91950000 -5.70194142
2.92000000 -5.71263978
2.92050000 -5.70326439
2.92100000 -5.70526948
2.92150000 -5.68632978
2.92200000 -5.71395761
2.92250000 -5.71139310
2.92300000 -5.71007917
2.92350000 -5.70762486
2.92400000 -5.72071546
2.92450000 -5.71622573
2.92500000 -5.70462997
2.92550000 -5.70027230
2.92600000 -5.69233797
2.92650000 -5.72284040
2.92700000 -5.70830622
2.92750000 -5.70515705
2.92800000 -5.70174882
2.92850000 -5.69351206
2.92900000 -5.72814443
2.92950000 -5.71191359
2.93000000 -5.72755709
2.93050000 -5.69103432
2.93100000 -5.72260037
2.93150000 -5.71835068
2.93200000 -5.71652135
2.93250000 -5.72434384
2.93300000 -5.71639847
2.93350000 -5.71821782
2.93400000 -5.71072725
2.93450000 -5.71342909
2.93500000 -5.73009781
2.93550000 -5.73693573
2.93600000 -5.73525364
2.93650000 -5.74918821
2.93700000 -5.73177311
2.93750000 -5.73618127
2.93800000 -5.73103933
2.93850000 -5.73457565
2.93900000 -5.73378100
2.93950000 -5.76414045
2.94000000 -5.75045212
2.94050000 -5.76806140
2.94100000 -5.75563403
2.94150000 -5.77523051
2.94200000 -5.76586942
2.94250000 -5.76716682
2.94300000 -5.77198311
2.94350000 -5.79095901
2.94400000 -5.78123256
2.94450000 -5.78817553
2.94500000 -5.79787708
2.94550000 -5.80227774
2.94600000 -5.78217417
2.94650000 -5.81086209
2.94700000 -5.80903634
2.94750000 -5.81241684
2.94800000 -5.80789569
2.94850000 -5.81879215
2.94900000 -5.81658541
2.94950000 -5.83614767
2.95000000 -5.84617324
2.95050000 -5.84307267
2.95100000 -5.84774734
2.95150000 -5.84828495
2.95200000 -5.85623775
2.95250000 -5.85697473
2.95300000 -5.85714303
2.95350000 -5.87255712
2.95400000 -5.87122705
2.95450000 -5.87809776
2.95500000 -5.89168480
2.95550000 -5.88972588
2.95600000 -5.90123650
2.95650000 -5.89894075
2.95700000 -5.90729163
2.95750000 -5.91409363
2.95800000 -5.91300383
2.95850000 -5.93804395
2.95900000 -5.91387980
2.95950000 -5.94419360
2.96000000 -5.92866145
2.96050000 -5.94962358
2.96100000 -5.93268891
2.96150000 -5.95485827
2.96200000 -5.95301529
2.96250000 -5.96580434
2.96300000 -5.97015813
2.96350000 -5.97123274
2.96400000 -6.00059511
2.96450000 -5.98549509
2.96500000 -5.98352255
2.96550000 -5.99447726
2.96600000 -5.98526465
2.96650000 -6.00920272
2.96700000 -6.00066077
2.96750000 -6.01724972
2.96800000 -6.01873840
2.96850000 -6.02744396
2.96900000 -6.01818773
2.96950000 -6.03368054
2.97000000 -6.03182418
2.97050000 -6.06171117
2.97100000 -6.04283327
2.97150000 -6.04340275
2.97200000 -6.04741387
2.97250000 -6.05132300
2.97300000 -6.03041079
2.97350000 -6.04593551
2.97400000 -6.07098344
2.97450000 -6.06370095
2.97500000 -6.08439823
2.97550000 -6.10272196
2.97600000 -6.06593232
2.97650000 -6.07513978
2.97700000 -6.08415514
2.97750000 -6.08189000
2.97800000 -6.09082163
2.97850000 -6.08787959
2.97900000 -6.09222229
2.97950000 -6.10478808
2.98000000 -6.10934227
2.98050000 -6.09906804
2.98100000 -6.10269028
2.98150000 -6.11213882
2.98200000 -6.10411432
2.98250000 -6.09509405
2.98300000 -6.11118830
2.98350000 -6.12168658
2.98400000 -6.13055971
2.98450000 -6.12772560
2.98500000 -6.15094713
2.98550000 -6.13318904
2.98600000 -6.12561376
2.98650000 -6.13331854
2.98700000 -6.13880358
2.98750000 -6.13729671
2.98800000 -6.13572299
2.98850000 -6.13754140
2.98900000 -6.15125449
2.98950000 -6.15816783
2.99000000 -6.13802727
2.99050000 -6.13263935
2.99100000 -6.15339766
2.99150000 -6.14891821
2.99200000 -6.15064284
2.99250000 -6.15229372
2.99300000 -6.15540186
2.99350000 -6.14352191
2.99400000 -6.13055410
2.99450000 -6.15272279
2.99500000 -6.13659654
2.99550000 -6.13919503
2.99600000 -6.14270827
2.99650000 -6.14877440
2.99700000 -6.15080302
2.99750000 -6.15760553
2.99800000 -6.16001019
2.99850000 -6.14655402
2.99900000 -6.15460936
2.99950000 -6.14247326
3.00000000 -6.13518087
