Frequency(GHz) s31_phase
1.20000000 -120.09770711
1.20050000 -120.18339757
1.20100000 -120.26810527
1.20150000 -120.25964589
1.20200000 -120.41514015
1.20250000 -120.43187488
1.20300000 -120.58675603
1.20350000 -120.64575257
1.20400000 -120.68580595
1.20450000 -120.73749875
1.20500000 -120.81465361
1.20550000 -120.95821932
1.20600000 -120.99386142
1.20650000 -121.11258238
1.20700000 -121.20527299
1.20750000 -121.18060924
1.20800000 -121.33207982
1.20850000 -121.33849458
1.20900000 -121.41637278
1.20950000 -121.49677047
1.21000000 -121.58415774
1.21050000 -121.60758054
1.21100000 -121.67358334
1.21150000 -121.78123245
1.21200000 -121.91325158
1.21250000 -121.98979947
1.21300000 -121.98933568
1.21350000 -122.09188784
1.21400000 -122.21784191
1.21450000 -122.28404541
1.21500000 -122.35827884
1.21550000 -122.36712899
1.21600000 -122.44353393
1.21650000 -122.53052836
1.21700000 -122.61715061
1.21750000 -122.65618079
1.21800000 -122.74624607
1.21850000 -122.81019700
1.21900000 -122.84717712
1.21950000 -122.94314707
1.22000000 -122.94101132
1.22050000 -123.10418578
1.22100000 -123.11244903
1.22150000 -123.21609675
1.22200000 -123.33474913
1.22250000 -123.36697143
1.22300000 -123.47558063
1.22350000 -123.46741126
1.22400000 -123.59251927
1.22450000 -123.60528564
1.22500000 -123.59903544
1.22550000 -123.78116945
1.22600000 -123.86171432
1.22650000 -123.90465800
1.22700000 -124.04616747
1.22750000 -124.03302643
1.22800000 -124.08161547
1.22850000 -124.21312799
1.22900000 -124.19015376
1.22950000 -124.28300530
1.23000000 -124.38975542
1.23050000 -124.40884960
1.23100000 -124.40943822
1.23150000 -124.53155538
1.23200000 -124.49049052
1.23250000 -124.55022568
1.23300000 -124.71160073
1.23350000 -124.79134436
1.23400000 -124.79218030
1.23450000 -124.78463724
1.23500000 -124.88732762
1.23550000 -124.88660968
1.23600000 -124.91653362
1.23650000 -125.03923849
1.23700000 -125.05952964
1.23750000 -125.11103086
1.23800000 -125.12167984
1.23850000 -125.18711169
1.23900000 -125.33086976
1.23950000 -125.39707658
1.24000000 -125.37359769
1.24050000 -125.38600872
1.24100000 -125.47595044
1.24150000 -125.45178792
1.24200000 -125.47585767
1.24250000 -125.55995538
1.24300000 -125.66076431
1.24350000 -125.69126777
1.24400000 -125.72466229
1.24450000 -125.72683985
1.24500000 -125.77666836
1.24550000 -125.85694121
1.24600000 -125.89117970
1.24650000 -125.91034158
1.24700000 -125.93964116
1.24750000 -125.93636337
1.24800000 -125.88629221
1.24850000 -126.01593353
1.24900000 -126.03390681
1.24950000 -126.08996293
1.25000000 -126.07572451
1.25050000 -126.13202656
1.25100000 -126.25129996
1.25150000 -126.21782487
1.25200000 -126.26649820
1.25250000 -126.32857391
1.25300000 -126.29252157
1.25350000 -126.38801709
1.25400000 -126.38395697
1.25450000 -126.31840736
1.25500000 -126.44145926
1.25550000 -126.46937678
1.25600000 -126.47030165
1.25650000 -126.51878885
1.25700000 -126.50175151
1.25750000 -126.51089336
1.25800000 -126.62787443
1.25850000 -126.62651482
1.25900000 -126.68098970
1.25950000 -126.63866227
1.26000000 -126.69101123
1.26050000 -126.74143625
1.26100000 -126.64467158
1.26150000 -126.76842693
1.26200000 -126.78294680
1.26250000 -126.81042413
1.26300000 -126.81068732
1.26350000 -126.86526631
1.26400000 -126.87244169
1.26450000 -126.88162899
1.26500000 -126.95353729
1.26550000 -126.91601505
1.26600000 -126.97437250
1.26650000 -126.98729662
1.26700000 -126.94974163
1.26750000 -126.99822512
1.26800000 -127.06095421
1.26850000 -127.10694401
1.26900000 -127.06181756
1.26950000 -127.12751554
1.27000000 -127.17151047
1.27050000 -127.18764870
1.27100000 -127.19943041
1.27150000 -127.17411438
1.27200000 -127.29516155
1.27250000 -127.24535753
1.27300000 -127.28908419
1.27350000 -127.28681904
1.27400000 -127.28959293
1.27450000 -127.39049505
1.27500000 -127.34594138
1.27550000 -127.44785952
1.27600000 -127.44858733
1.27650000 -127.46511844
1.27700000 -127.43259462
1.27750000 -127.56825018
1.27800000 -127.64449928
1.27850000 -127.59929017
1.27900000 -127.70965425
1.27950000 -127.67652054
1.28000000 -127.71630551
1.28050000 -127.72815567
1.28100000 -127.78050195
1.28150000 -127.83015323
1.28200000 -127.87338511
1.28250000 -127.91112276
1.28300000 -127.95709473
1.28350000 -127.99307649
1.28400000 -127.95336352
1.28450000 -128.04921576
1.28500000 -127.99839636
1.28550000 -128.11797971
1.28600000 -128.16514868
1.28650000 -128.17258021
1.28700000 -128.17081909
1.28750000 -128.31125477
1.28800000 -128.33637564
1.28850000 -128.31151060
1.28900000 -128.40639781
1.28950000 -128.40945137
1.29000000 -128.42531907
1.29050000 -128.50567521
1.29100000 -128.45851960
1.29150000 -128.63439735
1.29200000 -128.67321332
1.29250000 -128.60501782
1.29300000 -128.67151220
1.29350000 -128.81188249
1.29400000 -128.80915380
1.29450000 -128.90897225
1.29500000 -128.91342197
1.29550000 -128.98588554
1.29600000 -128.94974561
1.29650000 -129.13385642
1.29700000 -129.21074078
1.29750000 -129.16464128
1.29800000 -129.33245883
1.29850000 -129.30592927
1.29900000 -129.45157171
1.29950000 -129.41944610
1.30000000 -129.57897310
1.30050000 -129.50692417
1.30100000 -129.58187851
1.30150000 -129.63013419
1.30200000 -129.68315041
1.30250000 -129.69572241
1.30300000 -129.78456755
1.30350000 -129.84613206
1.30400000 -129.90743753
1.30450000 -130.04006200
1.30500000 -130.08623201
1.30550000 -130.11231198
1.30600000 -130.26278097
1.30650000 -130.27504938
1.30700000 -130.32297423
1.30750000 -130.35975853
1.30800000 -130.46273911
1.30850000 -130.54299011
1.30900000 -130.57647784
1.30950000 -130.64271517
1.31000000 -130.75728696
1.31050000 -130.75375598
1.31100000 -130.83877552
1.31150000 -131.01305253
1.31200000 -130.98281433
1.31250000 -131.06025357
1.31300000 -131.19583527
1.31350000 -131.22695218
1.31400000 -131.21788165
1.31450000 -131.46426081
1.31500000 -131.49379396
1.31550000 -131.49368436
1.31600000 -131.60754222
1.31650000 -131.68593949
1.31700000 -131.73397877
1.31750000 -131.88255472
1.31800000 -131.95584042
1.31850000 -131.97215212
1.31900000 -132.01848504
1.31950000 -132.16049682
1.32000000 -132.20865116
1.32050000 -132.31388808
1.32100000 -132.30450374
1.32150000 -132.37134860
1.32200000 -132.52648659
1.32250000 -132.62648220
1.32300000 -132.70145722
1.32350000 -132.75620371
1.32400000 -132.89525907
1.32450000 -132.94118225
1.32500000 -133.08928641
1.32550000 -133.14637199
1.32600000 -133.22313022
1.32650000 -133.30164530
1.32700000 -133.39051095
1.32750000 -133.49059979
1.32800000 -133.60002020
1.32850000 -133.67156854
1.32900000 -133.79570757
1.32950000 -133.78435009
1.33000000 -133.86926823
1.33050000 -133.93892346
1.33100000 -134.07216668
1.33150000 -134.15766486
1.33200000 -134.21013643
1.33250000 -134.31423757
1.33300000 -134.36605757
1.33350000 -134.46058542
1.33400000 -134.55346556
1.33450000 -134.55940525
1.33500000 -134.62304102
1.33550000 -134.71250654
1.33600000 -134.81117005
1.33650000 -134.98997977
1.33700000 -134.92171014
1.33750000 -135.10862693
1.33800000 -135.15279097
1.33850000 -135.26693915
1.33900000 -135.26655748
1.33950000 -135.37504618
1.34000000 -135.48845118
1.34050000 -135.54290003
1.34100000 -135.59308135
1.34150000 -135.65795512
1.34200000 -135.80441250
1.34250000 -135.85755149
1.34300000 -135.89317696
1.34350000 -135.90619625
1.34400000 -135.98680868
1.34450000 -136.10941591
1.34500000 -136.15645023
1.34550000 -136.22351014
1.34600000 -136.26863749
1.34650000 -136.31350629
1.34700000 -136.43212893
1.34750000 -136.55044139
1.34800000 -136.51217728
1.34850000 -136.57442114
1.34900000 -136.62862662
1.34950000 -136.63418720
1.35000000 -136.84773182
1.35050000 -136.74812879
1.35100000 -136.81682227
1.35150000 -136.88586721
1.35200000 -136.96523523
1.35250000 -137.05738060
1.35300000 -137.08983493
1.35350000 -137.08547883
1.35400000 -137.13496882
1.35450000 -137.30762490
1.35500000 -137.30575483
1.35550000 -137.35246493
1.35600000 -137.36108926
1.35650000 -137.43868924
1.35700000 -137.41454715
1.35750000 -137.45102946
1.35800000 -137.50349830
1.35850000 -137.55440508
1.35900000 -137.62495636
1.35950000 -137.60179863
1.36000000 -137.71519397
1.36050000 -137.75350331
1.36100000 -137.76200947
1.36150000 -137.81135549
1.36200000 -137.84630525
1.36250000 -137.86248178
1.36300000 -137.90282847
1.36350000 -137.98221991
1.36400000 -137.98051133
1.36450000 -137.97692829
1.36500000 -138.04205018
1.36550000 -138.01626305
1.36600000 -138.13901029
1.36650000 -138.07548109
1.36700000 -138.17123635
1.36750000 -138.17109110
1.36800000 -138.20018678
1.36850000 -138.19426987
1.36900000 -138.24774844
1.36950000 -138.33783099
1.37000000 -138.34638897
1.37050000 -138.36543046
1.37100000 -138.36521894
1.37150000 -138.39692792
1.37200000 -138.43871857
1.37250000 -138.48072930
1.37300000 -138.46781137
1.37350000 -138.55716873
1.37400000 -138.56385980
1.37450000 -138.50924977
1.37500000 -138.58014455
1.37550000 -138.62470464
1.37600000 -138.65300262
1.37650000 -138.64301044
1.37700000 -138.64450924
1.37750000 -138.67973223
1.37800000 -138.71930722
1.37850000 -138.72964682
1.37900000 -138.75025135
1.37950000 -138.77049474
1.38000000 -138.77424883
1.38050000 -138.87107350
1.38100000 -138.83644789
1.38150000 -138.87233108
1.38200000 -138.89004665
1.38250000 -138.89177658
1.38300000 -138.97254956
1.38350000 -138.92318101
1.38400000 -138.94073170
1.38450000 -138.97482987
1.38500000 -139.03401959
1.38550000 -139.02811462
1.38600000 -139.10566815
1.38650000 -139.08132867
1.38700000 -139.11595613
1.38750000 -139.11981102
1.38800000 -139.19552314
1.38850000 -139.13594123
1.38900000 -139.29295347
1.38950000 -139.22172111
1.39000000 -139.28613505
1.39050000 -139.19829572
1.39100000 -139.33328959
1.39150000 -139.33127174
1.39200000 -139.43091240
1.39250000 -139.43934337
1.39300000 -139.45101292
1.39350000 -139.44199226
1.39400000 -139.45628590
1.39450000 -139.47709061
1.39500000 -139.51723773
1.39550000 -139.56746069
1.39600000 -139.62901452
1.39650000 -139.66285722
1.39700000 -139.61967170
1.39750000 -139.72246406
1.39800000 -139.74033115
1.39850000 -139.76800829
1.39900000 -139.80883593
1.39950000 -139.82506639
1.40000000 -139.89259896
1.40050000 -139.82916813
1.40100000 -139.99258476
1.40150000 -139.91911010
1.40200000 -139.99106422
1.40250000 -140.10463888
1.40300000 -140.15110651
1.40350000 -140.10133802
1.40400000 -140.18244024
1.40450000 -140.26639891
1.40500000 -140.29823158
1.40550000 -140.35879086
1.40600000 -140.42976365
1.40650000 -140.42092076
1.40700000 -140.41640691
1.40750000 -140.44830892
1.40800000 -140.57540003
1.40850000 -140.54682757
1.40900000 -140.68770891
1.40950000 -140.70394326
1.41000000 -140.84333299
1.41050000 -140.87783442
1.41100000 -140.98274323
1.41150000 -141.08042757
1.41200000 -141.06165455
1.41250000 -141.16926912
1.41300000 -141.24359046
1.41350000 -141.34027221
1.41400000 -141.35625059
1.41450000 -141.42850765
1.41500000 -141.42794632
1.41550000 -141.58315187
1.41600000 -141.54467525
1.41650000 -141.71290692
1.41700000 -141.77233759
1.41750000 -141.87387667
1.41800000 -141.90374712
1.41850000 -142.02565129
1.41900000 -142.15470526
1.41950000 -142.17679681
1.42000000 -142.23101988
1.42050000 -142.29332632
1.42100000 -142.37321875
1.42150000 -142.58096221
1.42200000 -142.60039039
1.42250000 -142.65798747
1.42300000 -142.77245527
1.42350000 -142.90278799
1.42400000 -142.99979955
1.42450000 -143.11450666
1.42500000 -143.24002999
1.42550000 -143.30469564
1.42600000 -143.38273105
1.42650000 -143.45460383
1.42700000 -143.57446809
1.42750000 -143.62451529
1.42800000 -143.74934318
1.42850000 -143.86645322
1.42900000 -143.90005571
1.42950000 -144.12212850
1.43000000 -144.02191248
1.43050000 -144.17911054
1.43100000 -144.38673693
1.43150000 -144.39605631
1.43200000 -144.48167463
1.43250000 -144.64662471
1.43300000 -144.73311697
1.43350000 -144.85356518
1.43400000 -144.94732090
1.43450000 -145.04698443
1.43500000 -145.16063467
1.43550000 -145.30437709
1.43600000 -145.31480430
1.43650000 -145.46505859
1.43700000 -145.57664120
1.43750000 -145.69577023
1.43800000 -145.79076427
1.43850000 -145.90761254
1.43900000 -145.92407806
1.43950000 -146.03631022
1.44000000 -146.21577817
1.44050000 -146.27121767
1.44100000 -146.39892303
1.44150000 -146.49519721
1.44200000 -146.51566168
1.44250000 -146.69869912
1.44300000 -146.78704366
1.44350000 -146.90956613
1.44400000 -146.96423048
1.44450000 -147.02739062
1.44500000 -147.10925726
1.44550000 -147.21311745
1.44600000 -147.35921122
1.44650000 -147.48834218
1.44700000 -147.43868533
1.44750000 -147.59448744
1.44800000 -147.73615068
1.44850000 -147.79003842
1.44900000 -147.95241680
1.44950000 -147.97311929
1.45000000 -148.09575878
1.45050000 -148.25168208
1.45100000 -148.24246293
1.45150000 -148.34709908
1.45200000 -148.43192201
1.45250000 -148.47741710
1.45300000 -148.53629730
1.45350000 -148.68212759
1.45400000 -148.70969843
1.45450000 -148.77863653
1.45500000 -148.91622366
1.45550000 -148.96398747
1.45600000 -148.98511883
1.45650000 -149.13390546
1.45700000 -149.18251279
1.45750000 -149.29530587
1.45800000 -149.27153730
1.45850000 -149.40196422
1.45900000 -149.41701939
1.45950000 -149.49170094
1.46000000 -149.53533764
1.46050000 -149.68260145
1.46100000 -149.71379416
1.46150000 -149.74998226
1.46200000 -149.77819151
1.46250000 -149.88738989
1.46300000 -149.93313261
1.46350000 -149.97934497
1.46400000 -149.99942516
1.46450000 -150.02163168
1.46500000 -150.06239419
1.46550000 -150.18175155
1.46600000 -150.25553298
1.46650000 -150.20494239
1.46700000 -150.25600279
1.46750000 -150.30478989
1.46800000 -150.38462933
1.46850000 -150.36965277
1.46900000 -150.40163467
1.46950000 -150.48916457
1.47000000 -150.52118433
1.47050000 -150.59624769
1.47100000 -150.59212399
1.47150000 -150.63529048
1.47200000 -150.65398256
1.47250000 -150.63926401
1.47300000 -150.63884138
1.47350000 -150.78186746
1.47400000 -150.73538162
1.47450000 -150.75572041
1.47500000 -150.75490684
1.47550000 -150.80047527
1.47600000 -150.91607549
1.47650000 -150.84210154
1.47700000 -150.89564208
1.47750000 -150.89638287
1.47800000 -150.92674539
1.47850000 -150.93001263
1.47900000 -150.98555366
1.47950000 -150.95905042
1.48000000 -150.95355879
1.48050000 -151.05567397
1.48100000 -151.06390301
1.48150000 -150.99072425
1.48200000 -151.08683461
1.48250000 -151.04923856
1.48300000 -151.04822168
1.48350000 -151.05126134
1.48400000 -151.05724279
1.48450000 -151.10923842
1.48500000 -151.05669039
1.48550000 -151.11024675
1.48600000 -151.14717071
1.48650000 -151.14375217
1.48700000 -151.13403424
1.48750000 -151.09756676
1.48800000 -151.13954608
1.48850000 -151.14781060
1.48900000 -151.15669383
1.48950000 -151.12837447
1.49000000 -151.16399435
1.49050000 -151.14010135
1.49100000 -151.16169785
1.49150000 -151.14909930
1.49200000 -151.15821542
1.49250000 -151.18631745
1.49300000 -151.27323647
1.49350000 -151.19781961
1.49400000 -151.18418336
1.49450000 -151.22439444
1.49500000 -151.22456473
1.49550000 -151.19648281
1.49600000 -151.27863057
1.49650000 -151.28714423
1.49700000 -151.17143103
1.49750000 -151.26329343
1.49800000 -151.31713102
1.49850000 -151.32126849
1.49900000 -151.34550836
1.49950000 -151.29952859
1.50000000 -151.32799433
1.50050000 -151.36212847
1.50100000 -151.38186316
1.50150000 -151.42955095
1.50200000 -151.36360069
1.50250000 -151.47878132
1.50300000 -151.45647004
1.50350000 -151.48340389
1.50400000 -151.54070635
1.50450000 -151.52463523
1.50500000 -151.54711415
1.50550000 -151.64473557
1.50600000 -151.68568750
1.50650000 -151.66966677
1.50700000 -151.68860776
1.50750000 -151.76422902
1.50800000 -151.78005549
1.50850000 -151.73936924
1.50900000 -151.77867256
1.50950000 -151.94713044
1.51000000 -151.97253709
1.51050000 -151.92789389
1.51100000 -151.94110639
1.51150000 -151.96002218
1.51200000 -152.10212397
1.51250000 -152.19843849
1.51300000 -152.21789216
1.51350000 -152.18731644
1.51400000 -152.34176295
1.51450000 -152.33714801
1.51500000 -152.48330318
1.51550000 -152.52037718
1.51600000 -152.55225019
1.51650000 -152.67120427
1.51700000 -152.76287157
1.51750000 -152.82310676
1.51800000 -152.88102794
1.51850000 -152.98281941
1.51900000 -153.00366035
1.51950000 -153.10384266
1.52000000 -153.18115605
1.52050000 -153.27826839
1.52100000 -153.30386300
1.52150000 -153.46939243
1.52200000 -153.54173008
1.52250000 -153.62578810
1.52300000 -153.66464608
1.52350000 -153.81265024
1.52400000 -153.85806886
1.52450000 -154.00180226
1.52500000 -154.12658762
1.52550000 -154.26900862
1.52600000 -154.32535064
1.52650000 -154.38531086
1.52700000 -154.42942049
1.52750000 -154.61565738
1.52800000 -154.71257008
1.52850000 -154.78370453
1.52900000 -154.89553332
1.52950000 -155.03066290
1.53000000 -155.19002112
1.53050000 -155.24348031
1.53100000 -155.40620751
1.53150000 -155.54630204
1.53200000 -155.54513453
1.53250000 -155.74655522
1.53300000 -155.83439164
1.53350000 -155.88281814
1.53400000 -156.11220107
1.53450000 -156.15848098
1.53500000 -156.25618439
1.53550000 -156.41018784
1.53600000 -156.59949523
1.53650000 -156.74560593
1.53700000 -156.87495788
1.53750000 -156.99199987
1.53800000 -157.08940419
1.53850000 -157.18093782
1.53900000 -157.34717757
1.53950000 -157.49191717
1.54000000 -157.63353859
1.54050000 -157.75769061
1.54100000 -157.89032288
1.54150000 -157.93299657
1.54200000 -158.12621712
1.54250000 -158.24734196
1.54300000 -158.32390626
1.54350000 -158.44341027
1.54400000 -158.60803530
1.54450000 -158.69858749
1.54500000 -158.81797853
1.54550000 -158.93528839
1.54600000 -159.04265721
1.54650000 -159.21790786
1.54700000 -159.31672312
1.54750000 -159.46754080
1.54800000 -159.56279976
1.54850000 -159.60810034
1.54900000 -159.82883142
1.54950000 -159.94144795
1.55000000 -160.04238157
1.55050000 -160.28312706
1.55100000 -160.30890771
1.55150000 -160.37839241
1.55200000 -160.46962623
1.55250000 -160.58306844
1.55300000 -160.70162005
1.55350000 -160.84708239
1.55400000 -160.96623059
1.55450000 -161.00439347
1.55500000 -161.16485733
1.55550000 -161.17416783
1.55600000 -161.37604909
1.55650000 -161.37937285
1.55700000 -161.56545029
1.55750000 -161.62429574
1.55800000 -161.64556457
1.55850000 -161.82942999
1.55900000 -161.85649159
1.55950000 -162.02981458
1.56000000 -162.07450147
1.56050000 -162.16326790
1.56100000 -162.28578663
1.56150000 -162.34538643
1.56200000 -162.45399708
1.56250000 -162.43799367
1.56300000 -162.56353605
1.56350000 -162.61741918
1.56400000 -162.69989292
1.56450000 -162.73858511
1.56500000 -162.84043874
1.56550000 -162.90353854
1.56600000 -162.97120775
1.56650000 -163.05885682
1.56700000 -163.08242870
1.56750000 -163.15709910
1.56800000 -163.22437225
1.56850000 -163.26065646
1.56900000 -163.30431700
1.56950000 -163.31855510
1.57000000 -163.40252360
1.57050000 -163.38809741
1.57100000 -163.50723679
1.57150000 -163.54821955
1.57200000 -163.55762786
1.57250000 -163.61974479
1.57300000 -163.61143577
1.57350000 -163.64692471
1.57400000 -163.70286592
1.57450000 -163.73554468
1.57500000 -163.74073840
1.57550000 -163.79984524
1.57600000 -163.82923464
1.57650000 -163.85906258
1.57700000 -163.82765461
1.57750000 -163.88159788
1.57800000 -163.84547549
1.57850000 -163.93496730
1.57900000 -163.96732462
1.57950000 -163.89915581
1.58000000 -163.88573335
1.58050000 -163.89578088
1.58100000 -163.95158845
1.58150000 -163.92780615
1.58200000 -163.92930523
1.58250000 -163.91394916
1.58300000 -163.88592628
1.58350000 -163.99485283
1.58400000 -163.97359396
1.58450000 -163.98796821
1.58500000 -164.00141798
1.58550000 -163.97629377
1.58600000 -163.98085292
1.58650000 -163.99808790
1.58700000 -163.92259225
1.58750000 -163.97896549
1.58800000 -163.95812701
1.58850000 -163.97971339
1.58900000 -163.91383682
1.58950000 -163.96088989
1.59000000 -163.84339360
1.59050000 -163.86502834
1.59100000 -163.83369779
1.59150000 -163.91943635
1.59200000 -163.88274253
1.59250000 -163.87606959
1.59300000 -163.87580090
1.59350000 -163.84938497
1.59400000 -163.81984148
1.59450000 -163.83303505
1.59500000 -163.84521429
1.59550000 -163.82568312
1.59600000 -163.82046067
1.59650000 -163.74304380
1.59700000 -163.74346291
1.59750000 -163.73674286
1.59800000 -163.78493050
1.59850000 -163.78106636
1.59900000 -163.74719711
1.59950000 -163.76633929
1.60000000 -163.79143272
1.60050000 -163.74357169
1.60100000 -163.72925957
1.60150000 -163.73853844
1.60200000 -163.77697618
1.60250000 -163.76603983
1.60300000 -163.73671222
1.60350000 -163.74826633
1.60400000 -163.72456128
1.60450000 -163.76142089
1.60500000 -163.73538770
1.60550000 -163.80043139
1.60600000 -163.77608843
1.60650000 -163.74038953
1.60700000 -163.81774027
1.60750000 -163.80599963
1.60800000 -163.83613063
1.60850000 -163.81192137
1.60900000 -163.95662691
1.60950000 -163.91090945
1.61000000 -163.91937419
1.61050000 -163.98897711
1.61100000 -164.00351457
1.61150000 -164.01077271
1.61200000 -164.12690949
1.61250000 -164.15202311
1.61300000 -164.07351109
1.61350000 -164.15626676
1.61400000 -164.31458082
1.61450000 -164.33776975
1.61500000 -164.34253381
1.61550000 -164.41879439
1.61600000 -164.56720109
1.61650000 -164.53493248
1.61700000 -164.54724635
1.61750000 -164.65011007
1.61800000 -164.69332758
1.61850000 -164.82235480
1.61900000 -164.90826942
1.61950000 -164.91652234
1.62000000 -165.04362912
1.62050000 -165.11801968
1.62100000 -165.31110486
1.62150000 -165.36871850
1.62200000 -165.41705981
1.62250000 -165.45646366
1.62300000 -165.51618194
1.62350000 -165.63272045
1.62400000 -165.79927562
1.62450000 -165.85656871
1.62500000 -165.94447077
1.62550000 -166.07457527
1.62600000 -166.17898240
1.62650000 -166.34725042
1.62700000 -166.45525159
1.62750000 -166.58344614
1.62800000 -166.71406454
1.62850000 -166.80438810
1.62900000 -166.95771077
1.62950000 -167.09183954
1.63000000 -167.16006632
1.63050000 -167.29984960
1.63100000 -167.45567318
1.63150000 -167.54602917
1.63200000 -167.70575467
1.63250000 -167.84255371
1.63300000 -168.00039491
1.63350000 -168.20242259
1.63400000 -168.34539206
1.63450000 -168.43103463
1.63500000 -168.57997758
1.63550000 -168.70521380
1.63600000 -168.93232144
1.63650000 -169.07191615
1.63700000 -169.21784113
1.63750000 -169.26582339
1.63800000 -169.46191636
1.63850000 -169.65083853
1.63900000 -169.85121776
1.63950000 -170.03554708
1.64000000 -170.10959932
1.64050000 -170.23934969
1.64100000 -170.41193239
1.64150000 -170.56377964
1.64200000 -170.71959331
1.64250000 -170.90212683
1.64300000 -171.03016663
1.64350000 -171.20808834
1.64400000 -171.30327604
1.64450000 -171.50143646
1.64500000 -171.67090966
1.64550000 -171.83467241
1.64600000 -171.98645267
1.64650000 -172.12708119
1.64700000 -172.26550740
1.64750000 -172.47157572
1.64800000 -172.58501857
1.64850000 -172.74102573
1.64900000 -172.85999325
1.64950000 -173.05424322
1.65000000 -173.08128299
1.65050000 -173.35066858
1.65100000 -173.46389285
1.65150000 -173.59096860
1.65200000 -173.77954843
1.65250000 -173.84657170
1.65300000 -174.00457732
1.65350000 -174.14497909
1.65400000 -174.23755259
1.65450000 -174.41013011
1.65500000 -174.48795125
1.65550000 -174.72553251
1.65600000 -174.77156978
1.65650000 -174.93872194
1.65700000 -175.00046815
1.65750000 -175.18467490
1.65800000 -175.22808568
1.65850000 -175.38098616
1.65900000 -175.51430342
1.65950000 -175.64890182
1.66000000 -175.70222760
1.66050000 -175.75869303
1.66100000 -175.95276513
1.66150000 -175.97481394
1.66200000 -176.07799956
1.66250000 -176.21181657
1.66300000 -176.33321487
1.66350000 -176.39813897
1.66400000 -176.51472528
1.66450000 -176.56171847
1.66500000 -176.72719978
1.66550000 -176.79696803
1.66600000 -176.87022533
1.66650000 -176.88752994
1.66700000 -177.01205142
1.66750000 -177.03593690
1.66800000 -177.08837793
1.66850000 -177.17665362
1.66900000 -177.22160233
1.66950000 -177.25063461
1.67000000 -177.28535355
1.67050000 -177.43188358
1.67100000 -177.43498928
1.67150000 -177.50224556
1.67200000 -177.48013997
1.67250000 -177.64303020
1.67300000 -177.59048080
1.67350000 -177.65680225
1.67400000 -177.74696760
1.67450000 -177.74442924
1.67500000 -177.79894722
1.67550000 -177.75080676
1.67600000 -177.80336371
1.67650000 -177.85226189
1.67700000 -177.85717447
1.67750000 -177.90032103
1.67800000 -177.91435085
1.67850000 -177.94822249
1.67900000 -177.98763161
1.67950000 -177.94344989
1.68000000 -177.95841283
1.68050000 -177.97929892
1.68100000 -177.99595853
1.68150000 -178.02246192
1.68200000 -178.02122572
1.68250000 -177.97500266
1.68300000 -178.03053879
1.68350000 -178.04311809
1.68400000 -178.01267617
1.68450000 -178.02260124
1.68500000 -178.01815381
1.68550000 -177.97261770
1.68600000 -178.02139349
1.68650000 -178.02289513
1.68700000 -177.98915916
1.68750000 -177.93586886
1.68800000 -177.97343271
1.68850000 -178.01334133
1.68900000 -177.99769894
1.68950000 -177.86963217
1.69000000 -177.93747335
1.69050000 -177.94085999
1.69100000 -177.92661590
1.69150000 -177.90994998
1.69200000 -177.89480030
1.69250000 -177.84730967
1.69300000 -177.91840861
1.69350000 -177.76791326
1.69400000 -177.79974660
1.69450000 -177.76611125
1.69500000 -177.77393585
1.69550000 -177.79097050
1.69600000 -177.80665751
1.69650000 -177.82169642
1.69700000 -177.72203248
1.69750000 -177.84733676
1.69800000 -177.77977350
1.69850000 -177.75239190
1.69900000 -177.77767034
1.69950000 -177.73991084
1.70000000 -177.73529937
1.70050000 -177.77273139
1.70100000 -177.78907267
1.70150000 -177.77669981
1.70200000 -177.78368699
1.70250000 -177.76493167
1.70300000 -177.79745402
1.70350000 -177.80164859
1.70400000 -177.83125289
1.70450000 -177.83406044
1.70500000 -177.80899139
1.70550000 -177.95982294
1.70600000 -177.85541843
1.70650000 -177.87101892
1.70700000 -177.99525917
1.70750000 -178.01295519
1.70800000 -178.07543573
1.70850000 -178.10311540
1.70900000 -178.13250471
1.70950000 -178.11742832
1.71000000 -178.21183492
1.71050000 -178.30989320
1.71100000 -178.31180898
1.71150000 -178.32713295
1.71200000 -178.41363163
1.71250000 -178.42205328
1.71300000 -178.61922588
1.71350000 -178.57347429
1.71400000 -178.75500306
1.71450000 -178.77483002
1.71500000 -178.82208976
1.71550000 -178.87663495
1.71600000 -179.05974110
1.71650000 -179.06904440
1.71700000 -179.19476037
1.71750000 -179.29678576
1.71800000 -179.41876898
1.71850000 -179.50656505
1.71900000 -179.65252382
1.71950000 -179.64532948
1.72000000 -179.90234895
1.72050000 -179.98297029
1.72100000 179.82612938
1.72150000 179.77063255
1.72200000 179.62428972
1.72250000 179.58495774
1.72300000 179.34356307
1.72350000 179.15118690
1.72400000 179.12399884
1.72450000 178.94547640
1.72500000 178.74475218
1.72550000 178.57430151
1.72600000 178.48811491
1.72650000 178.26792595
1.72700000 178.10307124
1.72750000 178.00887525
1.72800000 177.75311435
1.72850000 177.59751633
1.72900000 177.44141788
1.72950000 177.16703734
1.73000000 177.05644654
1.73050000 176.74479686
1.73100000 176.63444317
1.73150000 176.43571420
1.73200000 176.28241720
1.73250000 175.98763913
1.73300000 175.81127422
1.73350000 175.69917379
1.73400000 175.37566019
1.73450000 175.22398757
1.73500000 174.96940884
1.73550000 174.74400706
1.73600000 174.54224998
1.73650000 174.30405216
1.73700000 174.09885003
1.73750000 173.91169365
1.73800000 173.77148789
1.73850000 173.54583519
1.73900000 173.29295307
1.73950000 173.02267426
1.74000000 172.84560867
1.74050000 172.67639485
1.74100000 172.40112314
1.74150000 172.21633454
1.74200000 172.05863262
1.74250000 171.78327670
1.74300000 171.63452202
1.74350000 171.34697482
1.74400000 171.19804636
1.74450000 171.04314742
1.74500000 170.59191145
1.74550000 170.53521485
1.74600000 170.33236804
1.74650000 170.18025650
1.74700000 169.91757378
1.74750000 169.70288989
1.74800000 169.51346751
1.74850000 169.28196937
1.74900000 169.16373695
1.74950000 168.94083630
1.75000000 168.71015920
1.75050000 168.57466349
1.75100000 168.39783085
1.75150000 168.20168180
1.75200000 168.06023439
1.75250000 167.87654688
1.75300000 167.75818234
1.75350000 167.51573735
1.75400000 167.36279336
1.75450000 167.27594875
1.75500000 167.04923433
1.75550000 166.89761975
1.75600000 166.72723851
1.75650000 166.56094498
1.75700000 166.47123247
1.75750000 166.30029993
1.75800000 166.23140815
1.75850000 166.03453490
1.75900000 165.90412007
1.75950000 165.82077966
1.76000000 165.71832429
1.76050000 165.55941556
1.76100000 165.49929731
1.76150000 165.32368826
1.76200000 165.21589468
1.76250000 165.14389667
1.76300000 164.98920850
1.76350000 164.95064698
1.76400000 164.83613407
1.76450000 164.76676931
1.76500000 164.62455579
1.76550000 164.57473168
1.76600000 164.51572457
1.76650000 164.44228053
1.76700000 164.33880391
1.76750000 164.33456817
1.76800000 164.18365692
1.76850000 164.12557956
1.76900000 164.15908816
1.76950000 163.99803158
1.77000000 163.99715076
1.77050000 163.94987652
1.77100000 163.86016178
1.77150000 163.88804828
1.77200000 163.80702665
1.77250000 163.70006823
1.77300000 163.73642184
1.77350000 163.73987061
1.77400000 163.72540628
1.77450000 163.63183071
1.77500000 163.59166991
1.77550000 163.59890319
1.77600000 163.60780455
1.77650000 163.50618652
1.77700000 163.52237346
1.77750000 163.52756460
1.77800000 163.49404934
1.77850000 163.47126747
1.77900000 163.49166103
1.77950000 163.50039199
1.78000000 163.40403087
1.78050000 163.44390277
1.78100000 163.41563714
1.78150000 163.42531809
1.78200000 163.45162439
1.78250000 163.46597937
1.78300000 163.32876176
1.78350000 163.37378185
1.78400000 163.41535392
1.78450000 163.37282549
1.78500000 163.36604205
1.78550000 163.36317945
1.78600000 163.37317959
1.78650000 163.47587713
1.78700000 163.31120787
1.78750000 163.34383486
1.78800000 163.31812455
1.78850000 163.36104345
1.78900000 163.21780215
1.78950000 163.32406557
1.79000000 163.35785457
1.79050000 163.28225191
1.79100000 163.30358087
1.79150000 163.27898821
1.79200000 163.33575516
1.79250000 163.19132355
1.79300000 163.19464115
1.79350000 163.22741077
1.79400000 163.15497792
1.79450000 163.13779883
1.79500000 163.11585257
1.79550000 163.05102276
1.79600000 163.04131074
1.79650000 162.99978179
1.79700000 162.96120374
1.79750000 162.93823447
1.79800000 162.91446486
1.79850000 162.90799227
1.79900000 162.82058692
1.79950000 162.85265606
1.80000000 162.80474192
1.80050000 162.71533395
1.80100000 162.64997375
1.80150000 162.54683976
1.80200000 162.59141597
1.80250000 162.48276164
1.80300000 162.43254895
1.80350000 162.36616779
1.80400000 162.27026621
1.80450000 162.18927086
1.80500000 162.13155998
1.80550000 162.02097069
1.80600000 161.92945029
1.80650000 161.91385716
1.80700000 161.73589980
1.80750000 161.64151639
1.80800000 161.54678302
1.80850000 161.42348057
1.80900000 161.31442399
1.80950000 161.21901860
1.81000000 161.15533997
1.81050000 161.01782669
1.81100000 160.92866918
1.81150000 160.79002740
1.81200000 160.68321196
1.81250000 160.53791844
1.81300000 160.45629221
1.81350000 160.31600227
1.81400000 160.15121889
1.81450000 160.00225846
1.81500000 159.94440040
1.81550000 159.75093581
1.81600000 159.61429544
1.81650000 159.42995476
1.81700000 159.30682219
1.81750000 159.19754268
1.81800000 159.03449924
1.81850000 158.83959237
1.81900000 158.67449244
1.81950000 158.51224089
1.82000000 158.38270755
1.82050000 158.20405723
1.82100000 158.05876609
1.82150000 157.84723126
1.82200000 157.71831301
1.82250000 157.54648267
1.82300000 157.35982550
1.82350000 157.18527045
1.82400000 157.00079321
1.82450000 156.79233669
1.82500000 156.70233241
1.82550000 156.42572110
1.82600000 156.25484649
1.82650000 156.10097826
1.82700000 155.90520602
1.82750000 155.71064358
1.82800000 155.58660196
1.82850000 155.40417520
1.82900000 155.21675534
1.82950000 155.02839873
1.83000000 154.86208995
1.83050000 154.64513521
1.83100000 154.54851831
1.83150000 154.31749321
1.83200000 154.07874842
1.83250000 153.93701217
1.83300000 153.72076728
1.83350000 153.56611437
1.83400000 153.39348443
1.83450000 153.19208504
1.83500000 153.00959181
1.83550000 152.75305031
1.83600000 152.73597046
1.83650000 152.51634157
1.83700000 152.35140372
1.83750000 152.19889242
1.83800000 151.91873429
1.83850000 151.81329187
1.83900000 151.66054985
1.83950000 151.47989476
1.84000000 151.35505548
1.84050000 151.18531216
1.84100000 151.01433137
1.84150000 150.87441450
1.84200000 150.63455172
1.84250000 150.59048735
1.84300000 150.36226322
1.84350000 150.24460308
1.84400000 150.08673126
1.84450000 149.93306564
1.84500000 149.86032581
1.84550000 149.63610882
1.84600000 149.56545375
1.84650000 149.39238427
1.84700000 149.21903312
1.84750000 149.13693982
1.84800000 149.01234858
1.84850000 148.82075127
1.84900000 148.73387221
1.84950000 148.70685084
1.85000000 148.46107126
1.85050000 148.41026811
1.85100000 148.26849212
1.85150000 148.19175782
1.85200000 148.10100175
1.85250000 147.91205819
1.85300000 147.85564078
1.85350000 147.76751893
1.85400000 147.59017232
1.85450000 147.54512299
1.85500000 147.44941656
1.85550000 147.32793558
1.85600000 147.25533817
1.85650000 147.18047384
1.85700000 147.12526863
1.85750000 146.99157280
1.85800000 146.94739279
1.85850000 146.81606517
1.85900000 146.73434385
1.85950000 146.68846812
1.86000000 146.65543410
1.86050000 146.59278651
1.86100000 146.47302013
1.86150000 146.41334270
1.86200000 146.38640387
1.86250000 146.24072843
1.86300000 146.20413430
1.86350000 146.14036674
1.86400000 146.12915967
1.86450000 146.18701233
1.86500000 146.09595803
1.86550000 146.07039346
1.86600000 145.93179818
1.86650000 145.93198398
1.86700000 145.86754634
1.86750000 145.86507641
1.86800000 145.77746522
1.86850000 145.75604720
1.86900000 145.66105547
1.86950000 145.69088111
1.87000000 145.68668234
1.87050000 145.62065961
1.87100000 145.50920611
1.87150000 145.59443663
1.87200000 145.57496316
1.87250000 145.53060979
1.87300000 145.51087936
1.87350000 145.54543388
1.87400000 145.46432597
1.87450000 145.48973035
1.87500000 145.43141982
1.87550000 145.34210237
1.87600000 145.40451538
1.87650000 145.36291330
1.87700000 145.33741639
1.87750000 145.31315800
1.87800000 145.36230820
1.87850000 145.26974061
1.87900000 145.24037837
1.87950000 145.25327624
1.88000000 145.32738073
1.88050000 145.25427568
1.88100000 145.24706182
1.88150000 145.25188274
1.88200000 145.24041935
1.88250000 145.25103777
1.88300000 145.20557123
1.88350000 145.15240929
1.88400000 145.25678903
1.88450000 145.24202708
1.88500000 145.22083955
1.88550000 145.16412237
1.88600000 145.24092075
1.88650000 145.18746130
1.88700000 145.17560381
1.88750000 145.18279804
1.88800000 145.17548369
1.88850000 145.08827584
1.88900000 145.17137822
1.88950000 145.14017064
1.89000000 145.07271860
1.89050000 145.11543658
1.89100000 145.04566904
1.89150000 145.07608506
1.89200000 144.98745397
1.89250000 145.04033250
1.89300000 144.98772839
1.89350000 144.98796058
1.89400000 144.94019155
1.89450000 145.00337702
1.89500000 144.98888505
1.89550000 144.91006955
1.89600000 144.89083002
1.89650000 144.85955672
1.89700000 144.86526325
1.89750000 144.83235953
1.89800000 144.86698015
1.89850000 144.82385308
1.89900000 144.64063736
1.89950000 144.67461640
1.90000000 144.69211186
1.90050000 144.67624553
1.90100000 144.59274257
1.90150000 144.60056722
1.90200000 144.57121448
1.90250000 144.50686204
1.90300000 144.47806656
1.90350000 144.41123319
1.90400000 144.35773862
1.90450000 144.29741586
1.90500000 144.26196190
1.90550000 144.21699621
1.90600000 144.20454645
1.90650000 144.11916226
1.90700000 144.09546689
1.90750000 144.03259856
1.90800000 143.93899378
1.90850000 143.91752644
1.90900000 143.83940639
1.90950000 143.78205662
1.91000000 143.75022793
1.91050000 143.69540987
1.91100000 143.60272769
1.91150000 143.56075322
1.91200000 143.47688451
1.91250000 143.39684441
1.91300000 143.30587315
1.91350000 143.25834339
1.91400000 143.19017777
1.91450000 143.10209330
1.91500000 143.02126358
1.91550000 142.91062921
1.91600000 142.90830115
1.91650000 142.83619012
1.91700000 142.75129700
1.91750000 142.59481643
1.91800000 142.57910063
1.91850000 142.45689633
1.91900000 142.43653993
1.91950000 142.29617783
1.92000000 142.17976542
1.92050000 142.13114068
1.92100000 142.04565562
1.92150000 142.02122041
1.92200000 141.89028762
1.92250000 141.71757349
1.92300000 141.68976462
1.92350000 141.64106401
1.92400000 141.51063041
1.92450000 141.39476327
1.92500000 141.30523334
1.92550000 141.19196573
1.92600000 141.14405739
1.92650000 141.03956089
1.92700000 140.91593582
1.92750000 140.86413828
1.92800000 140.71549878
1.92850000 140.67104939
1.92900000 140.57290057
1.92950000 140.46537722
1.93000000 140.40236992
1.93050000 140.21426432
1.93100000 140.12750409
1.93150000 140.05983497
1.93200000 139.98061697
1.93250000 139.90281096
1.93300000 139.81126868
1.93350000 139.65281198
1.93400000 139.57032807
1.93450000 139.47662117
1.93500000 139.34387387
1.93550000 139.26128851
1.93600000 139.18018583
1.93650000 139.06197647
1.93700000 138.95961565
1.93750000 138.86886388
1.93800000 138.77013635
1.93850000 138.63912890
1.93900000 138.56388744
1.93950000 138.49110463
1.94000000 138.42010132
1.94050000 138.27577104
1.94100000 138.15735877
1.94150000 138.14562313
1.94200000 137.98654323
1.94250000 137.91683173
1.94300000 137.83952440
1.94350000 137.79664563
1.94400000 137.62730035
1.94450000 137.48662034
1.94500000 137.40076827
1.94550000 137.34196255
1.94600000 137.19058558
1.94650000 137.11306110
1.94700000 137.04645653
1.94750000 136.94381837
1.94800000 136.83220178
1.94850000 136.83532900
1.94900000 136.70007400
1.94950000 136.61410632
1.95000000 136.53170103
1.95050000 136.39810081
1.95100000 136.32598036
1.95150000 136.21144665
1.95200000 136.17031667
1.95250000 136.04785832
1.95300000 136.02125837
1.95350000 135.89692301
1.95400000 135.75764355
1.95450000 135.77426180
1.95500000 135.67810118
1.95550000 135.62928707
1.95600000 135.51394016
1.95650000 135.43654869
1.95700000 135.33524461
1.95750000 135.27973523
1.95800000 135.14563878
1.95850000 135.14503342
1.95900000 135.02211409
1.95950000 134.95608253
1.96000000 134.88201323
1.96050000 134.84878294
1.96100000 134.72254907
1.96150000 134.69599189
1.96200000 134.62187867
1.96250000 134.52550354
1.96300000 134.50555044
1.96350000 134.45219213
1.96400000 134.34235036
1.96450000 134.31515443
1.96500000 134.22355250
1.96550000 134.15766399
1.96600000 134.04681356
1.96650000 134.06702484
1.96700000 133.99295984
1.96750000 133.95501282
1.96800000 133.83873406
1.96850000 133.87169058
1.96900000 133.73391088
1.96950000 133.67867982
1.97000000 133.60166459
1.97050000 133.61048661
1.97100000 133.53134680
1.97150000 133.46566537
1.97200000 133.41327037
1.97250000 133.37051584
1.97300000 133.34524099
1.97350000 133.26324077
1.97400000 133.19929744
1.97450000 133.17781493
1.97500000 133.15377190
1.97550000 133.09152219
1.97600000 133.07295249
1.97650000 133.03870295
1.97700000 132.94712506
1.97750000 132.96535982
1.97800000 132.83777678
1.97850000 132.85572552
1.97900000 132.78611482
1.97950000 132.80587415
1.98000000 132.67054728
1.98050000 132.65231238
1.98100000 132.62165975
1.98150000 132.54910348
1.98200000 132.56109430
1.98250000 132.57600431
1.98300000 132.47531377
1.98350000 132.40511263
1.98400000 132.34531805
1.98450000 132.36462386
1.98500000 132.30822287
1.98550000 132.30385086
1.98600000 132.24602477
1.98650000 132.25523492
1.98700000 132.15405945
1.98750000 132.15747492
1.98800000 132.12187842
1.98850000 132.11253350
1.98900000 132.05330092
1.98950000 131.97045670
1.99000000 131.95534598
1.99050000 131.92571944
1.99100000 131.86541365
1.99150000 131.90461244
1.99200000 131.78557023
1.99250000 131.76787253
1.99300000 131.67757172
1.99350000 131.67939677
1.99400000 131.65663322
1.99450000 131.64613509
1.99500000 131.63474039
1.99550000 131.57998167
1.99600000 131.53751063
1.99650000 131.49874443
1.99700000 131.44976926
1.99750000 131.44000531
1.99800000 131.38409516
1.99850000 131.36726697
1.99900000 131.24558612
1.99950000 131.19627824
2.00000000 131.24532076
2.00050000 131.17758543
2.00100000 131.11676580
2.00150000 131.12665492
2.00200000 131.04971698
2.00250000 130.98361497
2.00300000 130.96053748
2.00350000 130.96130451
2.00400000 130.89217752
2.00450000 130.83018084
2.00500000 130.82025544
2.00550000 130.72237349
2.00600000 130.72176361
2.00650000 130.69997806
2.00700000 130.60575143
2.00750000 130.62876106
2.00800000 130.54052543
2.00850000 130.51741443
2.00900000 130.47435900
2.00950000 130.37391168
2.01000000 130.35806207
2.01050000 130.32855092
2.01100000 130.30090221
2.01150000 130.19647318
2.01200000 130.21403554
2.01250000 130.11484236
2.01300000 130.06770329
2.01350000 130.03596205
2.01400000 129.99151454
2.01450000 129.92103957
2.01500000 129.85073160
2.01550000 129.78296394
2.01600000 129.76573745
2.01650000 129.69473297
2.01700000 129.60822612
2.01750000 129.60785097
2.01800000 129.53978233
2.01850000 129.48204868
2.01900000 129.46764944
2.01950000 129.38577760
2.02000000 129.32872019
2.02050000 129.24919690
2.02100000 129.20090328
2.02150000 129.18037857
2.02200000 129.10696270
2.02250000 129.08831637
2.02300000 129.00105575
2.02350000 128.93623432
2.02400000 128.96037003
2.02450000 128.85383905
2.02500000 128.75979762
2.02550000 128.76605939
2.02600000 128.62991478
2.02650000 128.56412245
2.02700000 128.52159327
2.02750000 128.49189063
2.02800000 128.40459811
2.02850000 128.32707654
2.02900000 128.23963331
2.02950000 128.22039761
2.03000000 128.13651830
2.03050000 128.08298635
2.03100000 128.01691505
2.03150000 128.00818389
2.03200000 127.89907191
2.03250000 127.77968658
2.03300000 127.76693081
2.03350000 127.70727139
2.03400000 127.61955197
2.03450000 127.55190644
2.03500000 127.49113155
2.03550000 127.38934125
2.03600000 127.26759396
2.03650000 127.29040604
2.03700000 127.24569243
2.03750000 127.19315692
2.03800000 127.08333872
2.03850000 127.00173696
2.03900000 126.92362707
2.03950000 126.82263835
2.04000000 126.79484375
2.04050000 126.80149171
2.04100000 126.64699938
2.04150000 126.57536195
2.04200000 126.58804488
2.04250000 126.38722694
2.04300000 126.33906257
2.04350000 126.30602712
2.04400000 126.24293806
2.04450000 126.24027556
2.04500000 126.07469905
2.04550000 125.99135404
2.04600000 125.97211889
2.04650000 125.83939929
2.04700000 125.79396640
2.04750000 125.69426418
2.04800000 125.63871174
2.04850000 125.52436008
2.04900000 125.50921514
2.04950000 125.40752864
2.05000000 125.30164377
2.05050000 125.28878478
2.05100000 125.15820051
2.05150000 125.08591194
2.05200000 124.97815722
2.05250000 124.88091418
2.05300000 124.83682736
2.05350000 124.77467215
2.05400000 124.74469144
2.05450000 124.61344199
2.05500000 124.55090822
2.05550000 124.54875394
2.05600000 124.42231171
2.05650000 124.36492257
2.05700000 124.29686112
2.05750000 124.12128183
2.05800000 124.05163711
2.05850000 124.04887439
2.05900000 123.95827000
2.05950000 123.85991217
2.06000000 123.77513397
2.06050000 123.68000577
2.06100000 123.57947610
2.06150000 123.59263268
2.06200000 123.49440576
2.06250000 123.41253891
2.06300000 123.35705722
2.06350000 123.30631859
2.06400000 123.20164469
2.06450000 123.12152917
2.06500000 123.00401561
2.06550000 122.94251344
2.06600000 122.85322770
2.06650000 122.76815828
2.06700000 122.65284778
2.06750000 122.62210043
2.06800000 122.54607659
2.06850000 122.45006191
2.06900000 122.39672756
2.06950000 122.32858731
2.07000000 122.21460919
2.07050000 122.18098579
2.07100000 122.09448728
2.07150000 122.08607720
2.07200000 121.93340126
2.07250000 121.90433849
2.07300000 121.81732569
2.07350000 121.78297554
2.07400000 121.64615503
2.07450000 121.59180373
2.07500000 121.52678692
2.07550000 121.45697967
2.07600000 121.40437429
2.07650000 121.33235550
2.07700000 121.19619752
2.07750000 121.16476453
2.07800000 121.10719225
2.07850000 121.00882648
2.07900000 120.90610791
2.07950000 120.86427898
2.08000000 120.78085957
2.08050000 120.73748172
2.08100000 120.64958474
2.08150000 120.57537656
2.08200000 120.53085281
2.08250000 120.44248274
2.08300000 120.41832190
2.08350000 120.28486471
2.08400000 120.26608541
2.08450000 120.19005253
2.08500000 120.13294540
2.08550000 120.08151865
2.08600000 119.95179876
2.08650000 119.88096161
2.08700000 119.83200710
2.08750000 119.72270095
2.08800000 119.74588100
2.08850000 119.65450532
2.08900000 119.61485274
2.08950000 119.54735709
2.09000000 119.42984918
2.09050000 119.35276407
2.09100000 119.30143333
2.09150000 119.32807548
2.09200000 119.21593046
2.09250000 119.14720165
2.09300000 119.16318751
2.09350000 119.02215343
2.09400000 118.88115958
2.09450000 118.91966008
2.09500000 118.80858710
2.09550000 118.78417218
2.09600000 118.68874489
2.09650000 118.66422636
2.09700000 118.55850579
2.09750000 118.51213270
2.09800000 118.42944972
2.09850000 118.38768597
2.09900000 118.31028582
2.09950000 118.27061161
2.10000000 118.24887334
2.10050000 118.17115176
2.10100000 118.15652999
2.10150000 118.13993407
2.10200000 118.00958887
2.10250000 117.91422959
2.10300000 117.89216750
2.10350000 117.84136575
2.10400000 117.80234026
2.10450000 117.74801971
2.10500000 117.65919219
2.10550000 117.65423072
2.10600000 117.58583661
2.10650000 117.51145708
2.10700000 117.43647129
2.10750000 117.42892649
2.10800000 117.40820121
2.10850000 117.27331869
2.10900000 117.26147635
2.10950000 117.20513390
2.11000000 117.18529108
2.11050000 117.05241030
2.11100000 116.99708637
2.11150000 116.99832428
2.11200000 116.91295078
2.11250000 116.93115006
2.11300000 116.83788756
2.11350000 116.80386872
2.11400000 116.71419431
2.11450000 116.69676845
2.11500000 116.68612560
2.11550000 116.66486155
2.11600000 116.55304467
2.11650000 116.52895627
2.11700000 116.43366318
2.11750000 116.42574261
2.11800000 116.34940089
2.11850000 116.29037233
2.11900000 116.25007841
2.11950000 116.22323975
2.12000000 116.16410266
2.12050000 116.09054290
2.12100000 116.11636631
2.12150000 116.01788112
2.12200000 115.93133840
2.12250000 115.90747893
2.12300000 115.87404128
2.12350000 115.86203263
2.12400000 115.77431105
2.12450000 115.78931638
2.12500000 115.66629767
2.12550000 115.65189640
2.12600000 115.54531683
2.12650000 115.54011887
2.12700000 115.49403313
2.12750000 115.39567045
2.12800000 115.37555254
2.12850000 115.31712616
2.12900000 115.36721493
2.12950000 115.23796086
2.13000000 115.25332846
2.13050000 115.19288664
2.13100000 115.08743807
2.13150000 115.09465588
2.13200000 115.07751696
2.13250000 114.99978417
2.13300000 114.84432096
2.13350000 114.84206815
2.13400000 114.81754383
2.13450000 114.83087077
2.13500000 114.71188689
2.13550000 114.60967584
2.13600000 114.61976308
2.13650000 114.54407056
2.13700000 114.51550247
2.13750000 114.43472969
2.13800000 114.40287862
2.13850000 114.34119168
2.13900000 114.28989261
2.13950000 114.22411838
2.14000000 114.19318122
2.14050000 114.15467648
2.14100000 114.07590742
2.14150000 114.05138122
2.14200000 113.96478123
2.14250000 113.88971550
2.14300000 113.85029369
2.14350000 113.75783323
2.14400000 113.74435515
2.14450000 113.70393625
2.14500000 113.65682201
2.14550000 113.62705626
2.14600000 113.56008083
2.14650000 113.43937257
2.14700000 113.37110437
2.14750000 113.35062305
2.14800000 113.24679701
2.14850000 113.19416356
2.14900000 113.13163501
2.14950000 113.05659124
2.15000000 112.98492300
2.15050000 112.97347542
2.15100000 112.89117368
2.15150000 112.85203982
2.15200000 112.81109678
2.15250000 112.67566773
2.15300000 112.66133213
2.15350000 112.58772317
2.15400000 112.51007841
2.15450000 112.40489034
2.15500000 112.38806177
2.15550000 112.28028224
2.15600000 112.26001171
2.15650000 112.12366336
2.15700000 112.02783833
2.15750000 112.04713457
2.15800000 111.98191495
2.15850000 111.85127263
2.15900000 111.85417451
2.15950000 111.80525923
2.16000000 111.66008816
2.16050000 111.58450918
2.16100000 111.48596528
2.16150000 111.51233978
2.16200000 111.37223887
2.16250000 111.36770358
2.16300000 111.22114583
2.16350000 111.13875274
2.16400000 111.04475368
2.16450000 111.00995711
2.16500000 110.88961050
2.16550000 110.83558315
2.16600000 110.78719790
2.16650000 110.70791005
2.16700000 110.65851026
2.16750000 110.56707117
2.16800000 110.43316101
2.16850000 110.38523361
2.16900000 110.26265964
2.16950000 110.17080073
2.17000000 110.13460217
2.17050000 110.08084462
2.17100000 109.92230610
2.17150000 109.88526528
2.17200000 109.79254662
2.17250000 109.76299457
2.17300000 109.66388178
2.17350000 109.53139971
2.17400000 109.42458640
2.17450000 109.35182412
2.17500000 109.33992151
2.17550000 109.18651938
2.17600000 109.09116328
2.17650000 109.01732505
2.17700000 108.96273931
2.17750000 108.92595116
2.17800000 108.77218800
2.17850000 108.66114330
2.17900000 108.62513571
2.17950000 108.52225694
2.18000000 108.41449109
2.18050000 108.39838545
2.18100000 108.24676619
2.18150000 108.20292948
2.18200000 108.09141436
2.18250000 108.00772505
2.18300000 107.92329015
2.18350000 107.84195158
2.18400000 107.74482580
2.18450000 107.67637200
2.18500000 107.57795777
2.18550000 107.45990796
2.18600000 107.35140368
2.18650000 107.33436946
2.18700000 107.20826671
2.18750000 107.15463613
2.18800000 107.01404546
2.18850000 106.96788625
2.18900000 106.82489419
2.18950000 106.72811331
2.19000000 106.67632733
2.19050000 106.64723219
2.19100000 106.52066425
2.19150000 106.42176754
2.19200000 106.41198919
2.19250000 106.23405072
2.19300000 106.14641368
2.19350000 106.06051257
2.19400000 106.00646719
2.19450000 105.92636726
2.19500000 105.82622925
2.19550000 105.78425842
2.19600000 105.65647648
2.19650000 105.60384178
2.19700000 105.53061003
2.19750000 105.52109770
2.19800000 105.34110619
2.19850000 105.26117688
2.19900000 105.20399498
2.19950000 105.22473190
2.20000000 105.05111918
2.20050000 105.00701572
2.20100000 104.89112926
2.20150000 104.80082323
2.20200000 104.73937704
2.20250000 104.64669192
2.20300000 104.57394221
2.20350000 104.54935469
2.20400000 104.41066884
2.20450000 104.36287401
2.20500000 104.34300684
2.20550000 104.22873757
2.20600000 104.18011715
2.20650000 104.04277673
2.20700000 104.05589515
2.20750000 103.97986014
2.20800000 103.98604012
2.20850000 103.86440125
2.20900000 103.72142033
2.20950000 103.68764624
2.21000000 103.64568033
2.21050000 103.62146465
2.21100000 103.50436043
2.21150000 103.42812448
2.21200000 103.38859584
2.21250000 103.35999599
2.21300000 103.27390240
2.21350000 103.22314483
2.21400000 103.09063375
2.21450000 103.08561579
2.21500000 103.04331767
2.21550000 103.00375197
2.21600000 102.87217518
2.21650000 102.88146672
2.21700000 102.86771941
2.21750000 102.70626490
2.21800000 102.67401796
2.21850000 102.61763837
2.21900000 102.60695306
2.21950000 102.56803244
2.22000000 102.44539036
2.22050000 102.47256812
2.22100000 102.37162659
2.22150000 102.34800128
2.22200000 102.32258793
2.22250000 102.22595851
2.22300000 102.19477070
2.22350000 102.16473322
2.22400000 102.14298490
2.22450000 101.99927129
2.22500000 102.01955881
2.22550000 101.94726625
2.22600000 101.92890946
2.22650000 101.85143607
2.22700000 101.76003917
2.22750000 101.75282088
2.22800000 101.69357800
2.22850000 101.67275544
2.22900000 101.54595434
2.22950000 101.54674364
2.23000000 101.55471460
2.23050000 101.42495937
2.23100000 101.43531871
2.23150000 101.42605327
2.23200000 101.39216405
2.23250000 101.26682803
2.23300000 101.23855692
2.23350000 101.25206847
2.23400000 101.21828770
2.23450000 101.21491404
2.23500000 101.08174725
2.23550000 101.03439186
2.23600000 101.02219276
2.23650000 100.92014711
2.23700000 100.92733838
2.23750000 100.88451551
2.23800000 100.77236909
2.23850000 100.81429362
2.23900000 100.73982230
2.23950000 100.74067348
2.24000000 100.62736294
2.24050000 100.59099009
2.24100000 100.53271168
2.24150000 100.53359523
2.24200000 100.42524019
2.24250000 100.41824006
2.24300000 100.31542503
2.24350000 100.28659393
2.24400000 100.22085348
2.24450000 100.22297345
2.24500000 100.16279907
2.24550000 100.18915749
2.24600000 100.06404043
2.24650000 100.07521432
2.24700000 99.98705581
2.24750000 99.94710138
2.24800000 99.89534750
2.24850000 99.89121222
2.24900000 99.79645164
2.24950000 99.77018137
2.25000000 99.69841287
2.25050000 99.65137418
2.25100000 99.67134342
2.25150000 99.49639510
2.25200000 99.46014637
2.25250000 99.43413366
2.25300000 99.40374429
2.25350000 99.29963645
2.25400000 99.26463074
2.25450000 99.19275902
2.25500000 99.15284709
2.25550000 99.12081147
2.25600000 99.05796428
2.25650000 99.03541185
2.25700000 98.95206914
2.25750000 98.83407017
2.25800000 98.81172836
2.25850000 98.80585952
2.25900000 98.70485798
2.25950000 98.61102265
2.26000000 98.57273322
2.26050000 98.54322542
2.26100000 98.44374379
2.26150000 98.42216726
2.26200000 98.29211486
2.26250000 98.24047314
2.26300000 98.28811921
2.26350000 98.15605133
2.26400000 98.10058162
2.26450000 98.00986901
2.26500000 97.90153502
2.26550000 97.86048822
2.26600000 97.79648267
2.26650000 97.77912049
2.26700000 97.66214049
2.26750000 97.59061597
2.26800000 97.53940338
2.26850000 97.44194317
2.26900000 97.40705153
2.26950000 97.31166614
2.27000000 97.24471122
2.27050000 97.11697809
2.27100000 97.14953504
2.27150000 97.05034622
2.27200000 96.91847022
2.27250000 96.83230987
2.27300000 96.74671137
2.27350000 96.66225960
2.27400000 96.61653964
2.27450000 96.49274050
2.27500000 96.43216953
2.27550000 96.34303539
2.27600000 96.27322915
2.27650000 96.16013611
2.27700000 96.08475378
2.27750000 96.01701345
2.27800000 95.87537598
2.27850000 95.79647705
2.27900000 95.71751555
2.27950000 95.61245325
2.28000000 95.56252993
2.28050000 95.41604011
2.28100000 95.37866675
2.28150000 95.26317458
2.28200000 95.16277185
2.28250000 95.05849645
2.28300000 95.01901629
2.28350000 94.93423772
2.28400000 94.84995762
2.28450000 94.70558837
2.28500000 94.65868211
2.28550000 94.54031738
2.28600000 94.36794648
2.28650000 94.30271602
2.28700000 94.23438314
2.28750000 94.19369299
2.28800000 94.08553124
2.28850000 93.91471990
2.28900000 93.84488423
2.28950000 93.74751967
2.29000000 93.64897207
2.29050000 93.59272635
2.29100000 93.42628408
2.29150000 93.39375201
2.29200000 93.24883515
2.29250000 93.18897786
2.29300000 93.04414584
2.29350000 92.93016967
2.29400000 92.83397226
2.29450000 92.76038580
2.29500000 92.73285656
2.29550000 92.57146078
2.29600000 92.53969900
2.29650000 92.40168120
2.29700000 92.32925461
2.29750000 92.15381444
2.29800000 92.10259696
2.29850000 92.04055841
2.29900000 91.92486328
2.29950000 91.86916265
2.30000000 91.71098709
2.30050000 91.63835867
2.30100000 91.62176901
2.30150000 91.45306074
2.30200000 91.40642733
2.30250000 91.28131506
2.30300000 91.24044103
2.30350000 91.11726695
2.30400000 90.94130513
2.30450000 90.93593746
2.30500000 90.88908040
2.30550000 90.77569750
2.30600000 90.65444272
2.30650000 90.62116340
2.30700000 90.54912934
2.30750000 90.40646292
2.30800000 90.30412135
2.30850000 90.28506094
2.30900000 90.23311496
2.30950000 90.15599468
2.31000000 90.05046006
2.31050000 89.96731449
2.31100000 89.94773450
2.31150000 89.88739197
2.31200000 89.75242353
2.31250000 89.64742829
2.31300000 89.59171719
2.31350000 89.51369575
2.31400000 89.48012966
2.31450000 89.37652140
2.31500000 89.28405965
2.31550000 89.17629592
2.31600000 89.14921966
2.31650000 89.02975050
2.31700000 88.95983320
2.31750000 88.92567843
2.31800000 88.95422072
2.31850000 88.80511279
2.31900000 88.76219370
2.31950000 88.76189866
2.32000000 88.66212533
2.32050000 88.58599129
2.32100000 88.51193319
2.32150000 88.49644792
2.32200000 88.37628510
2.32250000 88.27187987
2.32300000 88.27488843
2.32350000 88.20257742
2.32400000 88.11012890
2.32450000 88.16986242
2.32500000 88.05558732
2.32550000 87.89152265
2.32600000 87.96240880
2.32650000 87.88273738
2.32700000 87.78482090
2.32750000 87.80198224
2.32800000 87.69927583
2.32850000 87.66640314
2.32900000 87.65200323
2.32950000 87.55521552
2.33000000 87.50061980
2.33050000 87.51696047
2.33100000 87.54905457
2.33150000 87.43237905
2.33200000 87.38075688
2.33250000 87.32159951
2.33300000 87.23445748
2.33350000 87.22821729
2.33400000 87.17415379
2.33450000 87.04576741
2.33500000 87.11733141
2.33550000 87.05912711
2.33600000 87.00141659
2.33650000 86.90609531
2.33700000 86.87450845
2.33750000 86.88395076
2.33800000 86.82650033
2.33850000 86.80831048
2.33900000 86.75123132
2.33950000 86.69584810
2.34000000 86.64493068
2.34050000 86.64645772
2.34100000 86.52853359
2.34150000 86.49758982
2.34200000 86.46392537
2.34250000 86.51744333
2.34300000 86.41974949
2.34350000 86.36998887
2.34400000 86.31025919
2.34450000 86.26722104
2.34500000 86.31172782
2.34550000 86.27018249
2.34600000 86.11604971
2.34650000 86.15622337
2.34700000 86.10625571
2.34750000 86.07490329
2.34800000 85.96717016
2.34850000 85.97456625
2.34900000 86.00145389
2.34950000 85.87949322
2.35000000 85.83033506
2.35050000 85.83012059
2.35100000 85.81750805
2.35150000 85.74657250
2.35200000 85.69685385
2.35250000 85.61571250
2.35300000 85.62743924
2.35350000 85.63147227
2.35400000 85.60291856
2.35450000 85.52237585
2.35500000 85.44355187
2.35550000 85.46240089
2.35600000 85.39476555
2.35650000 85.34750992
2.35700000 85.32400022
2.35750000 85.26918602
2.35800000 85.20085182
2.35850000 85.15691534
2.35900000 84.99782197
2.35950000 85.04967530
2.36000000 84.97677971
2.36050000 84.94813948
2.36100000 84.91935998
2.36150000 84.86788078
2.36200000 84.79397075
2.36250000 84.78874811
2.36300000 84.71379243
2.36350000 84.70682994
2.36400000 84.60926005
2.36450000 84.58062922
2.36500000 84.49367434
2.36550000 84.43077807
2.36600000 84.40358939
2.36650000 84.32926957
2.36700000 84.28582575
2.36750000 84.19719320
2.36800000 84.16636406
2.36850000 84.10646508
2.36900000 84.00383474
2.36950000 83.97178099
2.37000000 83.94532501
2.37050000 83.86356164
2.37100000 83.79112161
2.37150000 83.75275891
2.37200000 83.60941234
2.37250000 83.54301199
2.37300000 83.54449118
2.37350000 83.49280862
2.37400000 83.42437652
2.37450000 83.28837119
2.37500000 83.16419297
2.37550000 83.06068612
2.37600000 83.02162396
2.37650000 83.01973667
2.37700000 82.93123071
2.37750000 82.85499967
2.37800000 82.81207878
2.37850000 82.70135559
2.37900000 82.64153210
2.37950000 82.56236966
2.38000000 82.43755302
2.38050000 82.36575533
2.38100000 82.30717503
2.38150000 82.21339061
2.38200000 82.01678105
2.38250000 82.01946783
2.38300000 81.93941149
2.38350000 81.83151647
2.38400000 81.74251492
2.38450000 81.69916803
2.38500000 81.58901676
2.38550000 81.48866463
2.38600000 81.41483420
2.38650000 81.32000922
2.38700000 81.17520545
2.38750000 81.15216417
2.38800000 81.02067348
2.38850000 80.93026622
2.38900000 80.75472170
2.38950000 80.67711459
2.39000000 80.63410438
2.39050000 80.60093452
2.39100000 80.44577520
2.39150000 80.40425657
2.39200000 80.26883186
2.39250000 80.20562875
2.39300000 80.02563784
2.39350000 80.00127245
2.39400000 79.85325090
2.39450000 79.78180869
2.39500000 79.70238687
2.39550000 79.58140584
2.39600000 79.51328485
2.39650000 79.40118729
2.39700000 79.30752828
2.39750000 79.16145067
2.39800000 79.09788969
2.39850000 79.01475172
2.39900000 78.87399529
2.39950000 78.77044638
2.40000000 78.72700237
2.40050000 78.63914800
2.40100000 78.56553223
2.40150000 78.44070856
2.40200000 78.23199155
2.40250000 78.19711382
2.40300000 78.05565332
2.40350000 77.99068953
2.40400000 77.91810691
2.40450000 77.79693630
2.40500000 77.74624858
2.40550000 77.64675180
2.40600000 77.56299118
2.40650000 77.45063641
2.40700000 77.38189540
2.40750000 77.28532233
2.40800000 77.18331911
2.40850000 77.14800816
2.40900000 77.06299396
2.40950000 76.87994047
2.41000000 76.83072826
2.41050000 76.69502945
2.41100000 76.70991708
2.41150000 76.51967357
2.41200000 76.41801683
2.41250000 76.35077816
2.41300000 76.28405645
2.41350000 76.23466128
2.41400000 76.09728225
2.41450000 75.95810389
2.41500000 75.90424314
2.41550000 75.83704486
2.41600000 75.71272661
2.41650000 75.65958811
2.41700000 75.64760033
2.41750000 75.51213261
2.41800000 75.46730876
2.41850000 75.38337906
2.41900000 75.26737109
2.41950000 75.24211317
2.42000000 75.12308619
2.42050000 75.12469568
2.42100000 74.95272551
2.42150000 74.94066116
2.42200000 74.87974324
2.42250000 74.79284412
2.42300000 74.69030420
2.42350000 74.61795639
2.42400000 74.59990506
2.42450000 74.55252892
2.42500000 74.43364967
2.42550000 74.35688797
2.42600000 74.30862213
2.42650000 74.22260423
2.42700000 74.20948024
2.42750000 74.05238128
2.42800000 74.00422522
2.42850000 73.99976824
2.42900000 73.85970977
2.42950000 73.84501063
2.43000000 73.70949103
2.43050000 73.77752873
2.43100000 73.62576097
2.43150000 73.59818380
2.43200000 73.55313537
2.43250000 73.43439080
2.43300000 73.44811856
2.43350000 73.44415101
2.43400000 73.38453161
2.43450000 73.28286014
2.43500000 73.20241861
2.43550000 73.13880551
2.43600000 73.17136833
2.43650000 73.08095728
2.43700000 73.04325136
2.43750000 72.96936685
2.43800000 72.95792145
2.43850000 72.88319532
2.43900000 72.78998564
2.43950000 72.75889632
2.44000000 72.69327785
2.44050000 72.68503905
2.44100000 72.67117360
2.44150000 72.66144589
2.44200000 72.59212143
2.44250000 72.55113254
2.44300000 72.47317156
2.44350000 72.43513288
2.44400000 72.41268563
2.44450000 72.30936208
2.44500000 72.30837588
2.44550000 72.34905565
2.44600000 72.22408082
2.44650000 72.23096339
2.44700000 72.18173333
2.44750000 72.16373840
2.44800000 72.16445861
2.44850000 72.13657763
2.44900000 72.06320903
2.44950000 71.95221036
2.45000000 71.97725278
2.45050000 71.96114780
2.45100000 71.88693277
2.45150000 71.87541083
2.45200000 71.84035143
2.45250000 71.89574892
2.45300000 71.75843569
2.45350000 71.72622071
2.45400000 71.72228774
2.45450000 71.72627475
2.45500000 71.60949459
2.45550000 71.60479220
2.45600000 71.58829743
2.45650000 71.50187370
2.45700000 71.44928535
2.45750000 71.49581316
2.45800000 71.47169064
2.45850000 71.42240367
2.45900000 71.39783913
2.45950000 71.39865459
2.46000000 71.23243075
2.46050000 71.22075335
2.46100000 71.22546290
2.46150000 71.16553818
2.46200000 71.17208487
2.46250000 71.19762577
2.46300000 71.15973067
2.46350000 71.08500445
2.46400000 71.04600310
2.46450000 71.00369763
2.46500000 70.92926055
2.46550000 70.89138089
2.46600000 70.87782712
2.46650000 70.78183949
2.46700000 70.75628803
2.46750000 70.68718899
2.46800000 70.64006256
2.46850000 70.64717396
2.46900000 70.59913953
2.46950000 70.54173459
2.47000000 70.51768522
2.47050000 70.45774197
2.47100000 70.41704497
2.47150000 70.35723227
2.47200000 70.30285960
2.47250000 70.19423231
2.47300000 70.12767417
2.47350000 70.09647334
2.47400000 70.06558152
2.47450000 70.03437180
2.47500000 70.02149163
2.47550000 69.92824759
2.47600000 69.86352766
2.47650000 69.75630194
2.47700000 69.66594381
2.47750000 69.61894219
2.47800000 69.59386231
2.47850000 69.51709211
2.47900000 69.41783172
2.47950000 69.47601022
2.48000000 69.40458247
2.48050000 69.30810381
2.48100000 69.16852364
2.48150000 69.19021739
2.48200000 69.09164825
2.48250000 69.06348887
2.48300000 68.87758293
2.48350000 68.84361444
2.48400000 68.81311828
2.48450000 68.72204620
2.48500000 68.70669928
2.48550000 68.56606969
2.48600000 68.52147364
2.48650000 68.38793994
2.48700000 68.33374550
2.48750000 68.24466918
2.48800000 68.20715960
2.48850000 68.13766829
2.48900000 68.06455974
2.48950000 67.94828604
2.49000000 67.86137718
2.49050000 67.85044508
2.49100000 67.60271931
2.49150000 67.65541309
2.49200000 67.55317791
2.49250000 67.42071417
2.49300000 67.34429230
2.49350000 67.26641864
2.49400000 67.19867626
2.49450000 67.08341206
2.49500000 67.00905378
2.49550000 66.92811424
2.49600000 66.81867021
2.49650000 66.78089917
2.49700000 66.71264122
2.49750000 66.60954087
2.49800000 66.46242629
2.49850000 66.37048228
2.49900000 66.28187063
2.49950000 66.13081551
2.50000000 66.10255532
2.50050000 65.97887778
2.50100000 65.91879834
2.50150000 65.83606055
2.50200000 65.78830277
2.50250000 65.68870131
2.50300000 65.55158095
2.50350000 65.46576243
2.50400000 65.38963548
2.50450000 65.25400642
2.50500000 65.18022516
2.50550000 65.11618765
2.50600000 64.97844626
2.50650000 64.80668499
2.50700000 64.74137366
2.50750000 64.64350611
2.50800000 64.58498124
2.50850000 64.42956441
2.50900000 64.38822372
2.50950000 64.26591788
2.51000000 64.16495354
2.51050000 63.99034837
2.51100000 64.07293092
2.51150000 63.94533583
2.51200000 63.75007870
2.51250000 63.67925856
2.51300000 63.59999325
2.51350000 63.45153668
2.51400000 63.46875097
2.51450000 63.31374529
2.51500000 63.21030096
2.51550000 63.20040553
2.51600000 63.08343574
2.51650000 62.97406350
2.51700000 62.84601630
2.51750000 62.75300856
2.51800000 62.64409272
2.51850000 62.54927620
2.51900000 62.44396965
2.51950000 62.33985897
2.52000000 62.25859303
2.52050000 62.28276674
2.52100000 62.14589803
2.52150000 62.02875315
2.52200000 61.88432722
2.52250000 61.83202296
2.52300000 61.75637760
2.52350000 61.60791549
2.52400000 61.50206425
2.52450000 61.53964837
2.52500000 61.50059233
2.52550000 61.30855130
2.52600000 61.24610291
2.52650000 61.23429152
2.52700000 61.09792221
2.52750000 61.00868390
2.52800000 60.90723727
2.52850000 60.83138525
2.52900000 60.73079687
2.52950000 60.68104954
2.53000000 60.57474262
2.53050000 60.56531171
2.53100000 60.61785851
2.53150000 60.38985933
2.53200000 60.36711235
2.53250000 60.29390361
2.53300000 60.17337313
2.53350000 60.17645244
2.53400000 60.08368952
2.53450000 59.96810204
2.53500000 59.97549523
2.53550000 59.86124770
2.53600000 59.78409368
2.53650000 59.72320423
2.53700000 59.71258226
2.53750000 59.55160352
2.53800000 59.59694503
2.53850000 59.51354468
2.53900000 59.50237170
2.53950000 59.33100844
2.54000000 59.28236171
2.54050000 59.26627470
2.54100000 59.27743282
2.54150000 59.27404698
2.54200000 59.11737987
2.54250000 59.04403227
2.54300000 59.00932951
2.54350000 58.96472360
2.54400000 58.95204569
2.54450000 58.82978842
2.54500000 58.86724385
2.54550000 58.84299426
2.54600000 58.74423812
2.54650000 58.69013915
2.54700000 58.72180159
2.54750000 58.64554182
2.54800000 58.56077202
2.54850000 58.47795778
2.54900000 58.53769653
2.54950000 58.49572096
2.55000000 58.44541957
2.55050000 58.40584062
2.55100000 58.39166443
2.55150000 58.34557089
2.55200000 58.21954294
2.55250000 58.24610244
2.55300000 58.20850753
2.55350000 58.20498332
2.55400000 58.20901188
2.55450000 58.07884677
2.55500000 58.07376411
2.55550000 58.09252233
2.55600000 57.92444536
2.55650000 58.00156360
2.55700000 58.02929012
2.55750000 57.82617704
2.55800000 57.89014832
2.55850000 57.80587027
2.55900000 57.80677047
2.55950000 57.73296017
2.56000000 57.69498263
2.56050000 57.69108059
2.56100000 57.69718866
2.56150000 57.68165662
2.56200000 57.62142040
2.56250000 57.57282399
2.56300000 57.55773456
2.56350000 57.46117416
2.56400000 57.52279662
2.56450000 57.50143362
2.56500000 57.39941053
2.56550000 57.41487361
2.56600000 57.38028655
2.56650000 57.30506341
2.56700000 57.27667588
2.56750000 57.31112888
2.56800000 57.18452737
2.56850000 57.09716269
2.56900000 57.18992877
2.56950000 57.12183919
2.57000000 57.05644530
2.57050000 57.08895486
2.57100000 57.00905337
2.57150000 56.95481240
2.57200000 56.96680168
2.57250000 56.84552241
2.57300000 56.83610644
2.57350000 56.82911162
2.57400000 56.86603178
2.57450000 56.76077755
2.57500000 56.77469170
2.57550000 56.71793316
2.57600000 56.65659579
2.57650000 56.60066197
2.57700000 56.59609830
2.57750000 56.51235970
2.57800000 56.43064597
2.57850000 56.36340069
2.57900000 56.46421659
2.57950000 56.32165059
2.58000000 56.31512493
2.58050000 56.29593511
2.58100000 56.32030165
2.58150000 56.14346540
2.58200000 56.10059269
2.58250000 56.05641385
2.58300000 56.03169525
2.58350000 55.99351003
2.58400000 55.91821761
2.58450000 55.83061079
2.58500000 55.77393491
2.58550000 55.79031814
2.58600000 55.67371055
2.58650000 55.65871410
2.58700000 55.61160100
2.58750000 55.45101839
2.58800000 55.47131252
2.58850000 55.38556546
2.58900000 55.35434844
2.58950000 55.27771093
2.59000000 55.19330652
2.59050000 55.15474684
2.59100000 55.14746749
2.59150000 55.01460187
2.59200000 55.00284515
2.59250000 54.93707847
2.59300000 54.76443946
2.59350000 54.65955932
2.59400000 54.72591998
2.59450000 54.60139514
2.59500000 54.53702131
2.59550000 54.48375450
2.59600000 54.37219323
2.59650000 54.25147750
2.59700000 54.29884024
2.59750000 54.12320628
2.59800000 54.02892739
2.59850000 53.98780927
2.59900000 54.01823722
2.59950000 53.81663119
2.60000000 53.70817292
2.60050000 53.74372811
2.60100000 53.66242073
2.60150000 53.53525246
2.60200000 53.38584925
2.60250000 53.36647857
2.60300000 53.25618984
2.60350000 53.17950509
2.60400000 53.21112445
2.60450000 52.91585422
2.60500000 52.94181865
2.60550000 52.91731569
2.60600000 52.73402484
2.60650000 52.72928198
2.60700000 52.52307062
2.60750000 52.50584338
2.60800000 52.41313089
2.60850000 52.28433567
2.60900000 52.22206245
2.60950000 52.20192227
2.61000000 52.09586587
2.61050000 51.89280588
2.61100000 51.77829997
2.61150000 51.73700330
2.61200000 51.64511132
2.61250000 51.56161916
2.61300000 51.50869801
2.61350000 51.38678306
2.61400000 51.33431503
2.61450000 51.16102278
2.61500000 51.07101664
2.61550000 50.98814668
2.61600000 50.84435724
2.61650000 50.84345517
2.61700000 50.70280314
2.61750000 50.57678860
2.61800000 50.50743172
2.61850000 50.45150356
2.61900000 50.34974338
2.61950000 50.26671291
2.62000000 50.15145878
2.62050000 50.02595973
2.62100000 49.91200653
2.62150000 49.80979074
2.62200000 49.68746868
2.62250000 49.57405895
2.62300000 49.58183536
2.62350000 49.48264448
2.62400000 49.38531695
2.62450000 49.28712980
2.62500000 49.11708597
2.62550000 49.08743723
2.62600000 49.00862044
2.62650000 48.88534898
2.62700000 48.79614981
2.62750000 48.62830965
2.62800000 48.67434858
2.62850000 48.50809166
2.62900000 48.40264160
2.62950000 48.29953035
2.63000000 48.23791071
2.63050000 48.02669633
2.63100000 48.09003341
2.63150000 47.97815926
2.63200000 47.77867755
2.63250000 47.88601367
2.63300000 47.67984831
2.63350000 47.60432444
2.63400000 47.47789190
2.63450000 47.40597097
2.63500000 47.38983904
2.63550000 47.31558025
2.63600000 47.33686782
2.63650000 47.09944989
2.63700000 47.00432082
2.63750000 46.95615298
2.63800000 46.90315908
2.63850000 46.79643344
2.63900000 46.76547136
2.63950000 46.59872737
2.64000000 46.60012381
2.64050000 46.61465939
2.64100000 46.53269092
2.64150000 46.46119342
2.64200000 46.21193437
2.64250000 46.29639027
2.64300000 46.14087764
2.64350000 46.15220294
2.64400000 46.00065018
2.64450000 46.01634323
2.64500000 45.91908261
2.64550000 45.88296756
2.64600000 45.76545485
2.64650000 45.80819658
2.64700000 45.78003187
2.64750000 45.58145949
2.64800000 45.50042431
2.64850000 45.56127165
2.64900000 45.51944331
2.64950000 45.52311615
2.65000000 45.34859676
2.65050000 45.24264488
2.65100000 45.40381316
2.65150000 45.24921617
2.65200000 45.15016909
2.65250000 45.08636669
2.65300000 45.08538535
2.65350000 45.05137380
2.65400000 44.99101559
2.65450000 44.96415306
2.65500000 44.97091399
2.65550000 44.83957931
2.65600000 44.79646800
2.65650000 44.85118918
2.65700000 44.74739300
2.65750000 44.71281388
2.65800000 44.71272334
2.65850000 44.56460503
2.65900000 44.57799842
2.65950000 44.52783733
2.66000000 44.52138462
2.66050000 44.50680854
2.66100000 44.43877531
2.66150000 44.42590561
2.66200000 44.38039666
2.66250000 44.30058014
2.66300000 44.29237747
2.66350000 44.21756123
2.66400000 44.30268060
2.66450000 44.15111374
2.66500000 44.25620543
2.66550000 44.20507036
2.66600000 44.13128142
2.66650000 44.06939567
2.66700000 44.04774333
2.66750000 44.04514061
2.66800000 43.90446177
2.66850000 43.89178933
2.66900000 43.96620468
2.66950000 43.90674021
2.67000000 43.87838230
2.67050000 43.78417618
2.67100000 43.78578033
2.67150000 43.70581628
2.67200000 43.62496223
2.67250000 43.65643966
2.67300000 43.73055419
2.67350000 43.65949716
2.67400000 43.54738657
2.67450000 43.55875510
2.67500000 43.57622696
2.67550000 43.52199494
2.67600000 43.50767881
2.67650000 43.49360373
2.67700000 43.49938939
2.67750000 43.45917119
2.67800000 43.46895651
2.67850000 43.33242378
2.67900000 43.26694459
2.67950000 43.27865074
2.68000000 43.25519734
2.68050000 43.24714429
2.68100000 43.11816746
2.68150000 43.16834546
2.68200000 43.03597785
2.68250000 43.14293863
2.68300000 42.96811995
2.68350000 43.08767704
2.68400000 42.93725575
2.68450000 42.86094763
2.68500000 42.88324352
2.68550000 42.83199557
2.68600000 42.86189549
2.68650000 42.81326109
2.68700000 42.75531588
2.68750000 42.80834663
2.68800000 42.65062215
2.68850000 42.79040682
2.68900000 42.62214760
2.68950000 42.51077726
2.69000000 42.52032037
2.69050000 42.42651178
2.69100000 42.36687548
2.69150000 42.40687812
2.69200000 42.30450112
2.69250000 42.20676980
2.69300000 42.23805401
2.69350000 42.20093587
2.69400000 42.13004174
2.69450000 42.13152866
2.69500000 42.06725951
2.69550000 41.99518001
2.69600000 41.96148609
2.69650000 41.79479003
2.69700000 41.78430736
2.69750000 41.71694784
2.69800000 41.75098544
2.69850000 41.62514853
2.69900000 41.54121774
2.69950000 41.50591056
2.70000000 41.40533948
2.70050000 41.42902044
2.70100000 41.41456213
2.70150000 41.20285107
2.70200000 41.38120334
2.70250000 41.09000808
2.70300000 41.08606696
2.70350000 41.07266936
2.70400000 40.93287116
2.70450000 40.88711230
2.70500000 40.78897501
2.70550000 40.78149472
2.70600000 40.68324561
2.70650000 40.56671231
2.70700000 40.43977765
2.70750000 40.47967407
2.70800000 40.45267587
2.70850000 40.31769004
2.70900000 40.29948211
2.70950000 40.07198841
2.71000000 40.12075840
2.71050000 39.97430114
2.71100000 39.92329232
2.71150000 39.82312529
2.71200000 39.72983154
2.71250000 39.60256128
2.71300000 39.60407199
2.71350000 39.45595928
2.71400000 39.37438855
2.71450000 39.34334069
2.71500000 39.20462234
2.71550000 39.05400315
2.71600000 39.06068130
2.71650000 38.96673983
2.71700000 38.83026146
2.71750000 38.76480596
2.71800000 38.72632228
2.71850000 38.51143626
2.71900000 38.49242538
2.71950000 38.51030374
2.72000000 38.37257500
2.72050000 38.18525967
2.72100000 38.17222071
2.72150000 38.10336033
2.72200000 37.87594948
2.72250000 37.84918474
2.72300000 37.84978908
2.72350000 37.67112327
2.72400000 37.46807832
2.72450000 37.55041494
2.72500000 37.25313079
2.72550000 37.25903080
2.72600000 37.15752773
2.72650000 37.13827295
2.72700000 37.00826033
2.72750000 37.02449850
2.72800000 36.77373879
2.72850000 36.66842534
2.72900000 36.63836134
2.72950000 36.62802109
2.73000000 36.47092494
2.73050000 36.40418173
2.73100000 36.23613650
2.73150000 36.13586030
2.73200000 36.06140697
2.73250000 35.92337365
2.73300000 35.81443020
2.73350000 35.78834961
2.73400000 35.72403660
2.73450000 35.53332217
2.73500000 35.48381865
2.73550000 35.38261241
2.73600000 35.22806640
2.73650000 35.08737644
2.73700000 35.06364764
2.73750000 34.99379926
2.73800000 34.94044227
2.73850000 34.77830554
2.73900000 34.64608809
2.73950000 34.72941755
2.74000000 34.72579867
2.74050000 34.60771866
2.74100000 34.41289153
2.74150000 34.33588282
2.74200000 34.25443624
2.74250000 34.17342619
2.74300000 34.06887824
2.74350000 33.99426201
2.74400000 34.00668202
2.74450000 33.77513934
2.74500000 33.73709099
2.74550000 33.65455098
2.74600000 33.64592384
2.74650000 33.51407962
2.74700000 33.46502926
2.74750000 33.34335990
2.74800000 33.34763339
2.74850000 33.15529613
2.74900000 33.16161977
2.74950000 33.05843685
2.75000000 33.03042171
2.75050000 32.99590333
2.75100000 32.87912111
2.75150000 32.79482339
2.75200000 32.77963006
2.75250000 32.66875533
2.75300000 32.63551811
2.75350000 32.55970008
2.75400000 32.57024276
2.75450000 32.49300398
2.75500000 32.38836059
2.75550000 32.33651728
2.75600000 32.28980223
2.75650000 32.25140655
2.75700000 32.16256062
2.75750000 32.11891251
2.75800000 32.06309235
2.75850000 31.87512834
2.75900000 31.86999888
2.75950000 31.82170344
2.76000000 31.90743085
2.76050000 31.79609355
2.76100000 31.70872931
2.76150000 31.75507125
2.76200000 31.61106334
2.76250000 31.66939757
2.76300000 31.61153179
2.76350000 31.48770456
2.76400000 31.44600171
2.76450000 31.42391629
2.76500000 31.36880241
2.76550000 31.31738090
2.76600000 31.28900346
2.76650000 31.32736215
2.76700000 31.23694387
2.76750000 31.27412801
2.76800000 31.14822562
2.76850000 31.17807043
2.76900000 31.03200347
2.76950000 31.04838027
2.77000000 31.02797944
2.77050000 30.91457753
2.77100000 30.93509039
2.77150000 30.85569804
2.77200000 30.91057983
2.77250000 30.83718029
2.77300000 30.77588925
2.77350000 30.78109335
2.77400000 30.75542272
2.77450000 30.75197284
2.77500000 30.67682215
2.77550000 30.72361171
2.77600000 30.63039980
2.77650000 30.55501226
2.77700000 30.54221609
2.77750000 30.58968371
2.77800000 30.47816189
2.77850000 30.55333947
2.77900000 30.55227501
2.77950000 30.47934623
2.78000000 30.47060168
2.78050000 30.42724447
2.78100000 30.31748235
2.78150000 30.19842393
2.78200000 30.38352254
2.78250000 30.31128891
2.78300000 30.27208914
2.78350000 30.31249453
2.78400000 30.12967143
2.78450000 30.20701340
2.78500000 30.03335039
2.78550000 30.05282166
2.78600000 30.12208577
2.78650000 30.06478487
2.78700000 30.10311614
2.78750000 30.09901790
2.78800000 29.82897845
2.78850000 29.88226340
2.78900000 29.89924966
2.78950000 29.92169300
2.79000000 29.85028899
2.79050000 29.79343357
2.79100000 29.95829727
2.79150000 29.80742355
2.79200000 29.67127574
2.79250000 29.75073274
2.79300000 29.60215784
2.79350000 29.64249644
2.79400000 29.57523062
2.79450000 29.54290727
2.79500000 29.51733200
2.79550000 29.48910808
2.79600000 29.47786852
2.79650000 29.51589223
2.79700000 29.37379162
2.79750000 29.39743643
2.79800000 29.19467488
2.79850000 29.23319218
2.79900000 29.20492771
2.79950000 29.20836202
2.80000000 29.11816639
2.80050000 29.07388088
2.80100000 29.10904741
2.80150000 29.07421399
2.80200000 28.99967557
2.80250000 28.94673198
2.80300000 28.86187291
2.80350000 28.87306740
2.80400000 28.74822254
2.80450000 28.74498578
2.80500000 28.68261738
2.80550000 28.68537706
2.80600000 28.49588669
2.80650000 28.50899840
2.80700000 28.41902663
2.80750000 28.41094131
2.80800000 28.33062013
2.80850000 28.24602481
2.80900000 28.24343378
2.80950000 28.18738252
2.81000000 28.07710239
2.81050000 28.05117984
2.81100000 28.08513110
2.81150000 27.85019946
2.81200000 27.85640426
2.81250000 27.77937726
2.81300000 27.68633453
2.81350000 27.60077582
2.81400000 27.61784170
2.81450000 27.52920111
2.81500000 27.42204236
2.81550000 27.35188656
2.81600000 27.30743880
2.81650000 27.19729352
2.81700000 27.05942666
2.81750000 27.08717357
2.81800000 27.00330734
2.81850000 27.02274442
2.81900000 26.66504990
2.81950000 26.74593345
2.82000000 26.61637215
2.82050000 26.57285658
2.82100000 26.46056976
2.82150000 26.33860834
2.82200000 26.24996728
2.82250000 26.17195627
2.82300000 26.14926626
2.82350000 26.07520566
2.82400000 25.96180840
2.82450000 25.90966854
2.82500000 25.86195347
2.82550000 25.66316499
2.82600000 25.56381562
2.82650000 25.53349966
2.82700000 25.46540504
2.82750000 25.34136979
2.82800000 25.22832504
2.82850000 25.14049993
2.82900000 25.05863964
2.82950000 24.98753557
2.83000000 24.93489741
2.83050000 24.87689503
2.83100000 24.72752444
2.83150000 24.59477715
2.83200000 24.60534750
2.83250000 24.42818582
2.83300000 24.36072738
2.83350000 24.27158936
2.83400000 24.14238851
2.83450000 24.07328195
2.83500000 24.07339700
2.83550000 23.85828342
2.83600000 23.73795118
2.83650000 23.75830523
2.83700000 23.64345832
2.83750000 23.59666175
2.83800000 23.42389364
2.83850000 23.29878884
2.83900000 23.29567332
2.83950000 23.07757203
2.84000000 23.04034360
2.84050000 23.02186435
2.84100000 22.89371269
2.84150000 22.84179914
2.84200000 22.75713259
2.84250000 22.60998105
2.84300000 22.48543956
2.84350000 22.45612349
2.84400000 22.40893026
2.84450000 22.29282815
2.84500000 22.14337687
2.84550000 22.06438126
2.84600000 22.01814697
2.84650000 21.94385348
2.84700000 21.89884305
2.84750000 21.77189062
2.84800000 21.62411880
2.84850000 21.60015398
2.84900000 21.46111767
2.84950000 21.29464795
2.85000000 21.35635777
2.85050000 21.24619425
2.85100000 21.17310319
2.85150000 21.08564799
2.85200000 20.96954062
2.85250000 20.95005014
2.85300000 20.81411079
2.85350000 20.71891045
2.85400000 20.64983226
2.85450000 20.57669506
2.85500000 20.47056536
2.85550000 20.40423915
2.85600000 20.31391820
2.85650000 20.25897466
2.85700000 20.24453503
2.85750000 20.10731264
2.85800000 20.04512126
2.85850000 19.94541328
2.85900000 19.90253687
2.85950000 19.82165269
2.86000000 19.82469018
2.86050000 19.71437851
2.86100000 19.62116578
2.86150000 19.54369369
2.86200000 19.47084664
2.86250000 19.47022709
2.86300000 19.35522636
2.86350000 19.40322183
2.86400000 19.33495063
2.86450000 19.22302293
2.86500000 19.20999101
2.86550000 19.12643459
2.86600000 19.09169883
2.86650000 18.99095002
2.86700000 18.98974033
2.86750000 18.88865899
2.86800000 18.82037334
2.86850000 18.81527763
2.86900000 18.77401756
2.86950000 18.70742122
2.87000000 18.63559010
2.87050000 18.65212213
2.87100000 18.53044040
2.87150000 18.47600252
2.87200000 18.46670115
2.87250000 18.40942339
2.87300000 18.38834949
2.87350000 18.40418759
2.87400000 18.26662382
2.87450000 18.31701326
2.87500000 18.31194200
2.87550000 18.19864340
2.87600000 18.22692545
2.87650000 18.12264553
2.87700000 18.03070214
2.87750000 18.15069857
2.87800000 18.01177675
2.87850000 17.96847084
2.87900000 17.90181956
2.87950000 17.96698972
2.88000000 17.97456892
2.88050000 17.89110608
2.88100000 17.70846451
2.88150000 17.87393735
2.88200000 17.78188468
2.88250000 17.67269057
2.88300000 17.57220425
2.88350000 17.50125297
2.88400000 17.65357976
2.88450000 17.55832107
2.88500000 17.63033544
2.88550000 17.54573632
2.88600000 17.55149952
2.88650000 17.48306756
2.88700000 17.48938134
2.88750000 17.44183489
2.88800000 17.43307620
2.88850000 17.40847905
2.88900000 17.43636094
2.88950000 17.38794641
2.89000000 17.29306421
2.89050000 17.25772982
2.89100000 17.29221817
2.89150000 17.24676638
2.89200000 17.18134752
2.89250000 17.12891766
2.89300000 17.21628500
2.89350000 17.16614028
2.89400000 17.17750999
2.89450000 17.01612491
2.89500000 17.06175073
2.89550000 16.98546505
2.89600000 17.04736930
2.89650000 16.95261193
2.89700000 16.80663615
2.89750000 16.86927942
2.89800000 16.95943399
2.89850000 16.85228191
2.89900000 16.79895737
2.89950000 16.77815913
2.90000000 16.69384428
2.90050000 16.65126258
2.90100000 16.70050108
2.90150000 16.69740429
2.90200000 16.63393825
2.90250000 16.58793403
2.90300000 16.60138336
2.90350000 16.62354551
2.90400000 16.49453274
2.90450000 16.42574056
2.90500000 16.38324645
2.90550000 16.37333285
2.90600000 16.36402700
2.90650000 16.26566373
2.90700000 16.17869658
2.90750000 16.13292317
2.90800000 16.13272107
2.90850000 16.07869369
2.90900000 16.18286634
2.90950000 15.98719288
2.91000000 15.96814110
2.91050000 16.01753289
2.91100000 15.91765122
2.91150000 15.85141670
2.91200000 15.85368489
2.91250000 15.73340772
2.91300000 15.81399924
2.91350000 15.62170977
2.91400000 15.62114353
2.91450000 15.63358131
2.91500000 15.43270979
2.91550000 15.42726457
2.91600000 15.39506789
2.91650000 15.30784427
2.91700000 15.30542460
2.91750000 15.27689702
2.91800000 15.09809170
2.91850000 14.98593260
2.91900000 15.01072883
2.91950000 15.05559601
2.92000000 14.95170661
2.92050000 14.86848038
2.92100000 14.75217077
2.92150000 14.73091134
2.92200000 14.65267962
2.92250000 14.51146866
2.92300000 14.59127486
2.92350000 14.41837165
2.92400000 14.36159082
2.92450000 14.41236963
2.92500000 14.26707005
2.92550000 14.21040078
2.92600000 13.98293628
2.92650000 13.98588940
2.92700000 14.03536804
2.92750000 13.90925340
2.92800000 13.88276578
2.92850000 13.71467554
2.92900000 13.68643122
2.92950000 13.67082906
2.93000000 13.59243555
2.93050000 13.41376847
2.93100000 13.38360776
2.93150000 13.28673644
2.93200000 13.18769617
2.93250000 13.07696273
2.93300000 13.03808416
2.93350000 12.99856770
2.93400000 12.90023507
2.93450000 12.86753921
2.93500000 12.83780731
2.93550000 12.61454290
2.93600000 12.61809210
2.93650000 12.44132797
2.93700000 12.30005633
2.93750000 12.26783632
2.93800000 12.13251406
2.93850000 12.07351400
2.93900000 11.92717123
2.93950000 11.91614067
2.94000000 11.87046105
2.94050000 11.77039455
2.94100000 11.59905444
2.94150000 11.53084773
2.94200000 11.54026541
2.94250000 11.36933168
2.94300000 11.30227080
2.94350000 11.21082780
2.94400000 11.14138885
2.94450000 11.05638689
2.94500000 10.92435648
2.94550000 10.77072130
2.94600000 10.79732235
2.94650000 10.60966783
2.94700000 10.54471728
2.94750000 10.43737346
2.94800000 10.47918602
2.94850000 10.25557499
2.94900000 10.21413886
2.94950000 10.08753418
2.95000000 10.02060987
2.95050000 9.86952045
2.95100000 9.82291659
2.95150000 9.72868472
2.95200000 9.68724784
2.95250000 9.56139879
2.95300000 9.46500029
2.95350000 9.32265594
2.95400000 9.24869102
2.95450000 9.20309418
2.95500000 9.12732575
2.95550000 9.06569192
2.95600000 9.06157811
2.95650000 8.81762412
2.95700000 8.83208943
2.95750000 8.75099762
2.95800000 8.70081135
2.95850000 8.59956030
2.95900000 8.52958259
2.95950000 8.37916600
2.96000000 8.30236464
2.96050000 8.29441733
2.96100000 8.19083790
2.96150000 8.05176557
2.96200000 8.08812741
2.96250000 8.00264177
2.96300000 7.88827225
2.96350000 7.80374239
2.96400000 7.83897224
2.96450000 7.61286143
2.96500000 7.55326116
2.96550000 7.52548921
2.96600000 7.40574945
2.96650000 7.38046946
2.96700000 7.31876713
2.96750000 7.32415626
2.96800000 7.16752293
2.96850000 7.08956565
2.96900000 7.02731974
2.96950000 6.96874358
2.97000000 6.84319709
2.97050000 6.82599436
2.97100000 6.81631657
2.97150000 6.78222443
2.97200000 6.55843093
2.97250000 6.54794111
2.97300000 6.51794153
2.97350000 6.41810588
2.97400000 6.45026374
2.97450000 6.32560150
2.97500000 6.26219772
2.97550000 6.22853279
2.97600000 6.32511264
2.97650000 6.11582866
2.97700000 6.20502846
2.97750000 6.06529355
2.97800000 6.03656523
2.97850000 6.05236037
2.97900000 5.87389726
2.97950000 5.84068585
2.98000000 5.82532073
2.98050000 5.80749355
2.98100000 5.86925139
2.98150000 5.82620092
2.98200000 5.59408157
2.98250000 5.69437028
2.98300000 5.53455043
2.98350000 5.50852630
2.98400000 5.43170996
2.98450000 5.41545787
2.98500000 5.51608143
2.98550000 5.34449230
2.98600000 5.39677467
2.98650000 5.31058308
2.98700000 5.27747618
2.98750000 5.19113439
2.98800000 5.20009002
2.98850000 5.19597260
2.98900000 5.16681270
2.98950000 5.15030002
2.99000000 5.06473832
2.99050000 5.07391177
2.99100000 5.04566622
2.99150000 4.91294366
2.99200000 4.87760078
2.99250000 4.89193735
2.99300000 4.87683204
2.99350000 4.86878919
2.99400000 4.82141418
2.99450000 4.79102562
2.99500000 4.76413809
2.99550000 4.76007076
2.99600000 4.64977120
2.99650000 4.67392627
2.99700000 4.75582537
2.99750000 4.63163930
2.99800000 4.64929238
2.99850000 4.45155075
2.99900000 4.51007101
2.99950000 4.56574190
3.00000000 4.46115417
