Frequency(GHz) s11
0.0 -6.024553354759856
0.00500501 -6.023219589471938
0.01001002 -6.021577994359907
0.01501503 -6.019117111755654
0.020020040000000003 -6.0158692928775
0.02502505 -6.011836390496991
0.03003006 -6.007034258089768
0.03503507000000001 -6.00146766158224
0.040040080000000006 -5.995140944441092
0.04504509000000001 -5.9880589904822425
0.0500501 -5.980227766023352
0.05505511 -5.971654580443375
0.06006012 -5.962348158073578
0.06506513000000001 -5.952318591400193
0.07007014000000002 -5.941577226643936
0.07507514999999998 -5.930136518357094
0.08008016000000001 -5.918009877039889
0.08508516999999999 -5.905211523711001
0.09009018 -5.8917563587412385
0.09509519000000001 -5.877659847796974
0.1001002 -5.862937924515025
0.10510521 -5.847606908556164
0.11011022 -5.831683436724403
0.11511523 -5.815184404887656
0.12012024 -5.798126918580903
0.12512525 -5.780528250307174
0.13013026 -5.76240580214558
0.13513527 -5.743777072424172
0.14014028 -5.724659625262733
0.14514529 -5.70507106276736
0.1501503 -5.685028998904672
0.15515531 -5.6645510348237105
0.16016032000000002 -5.64365473560887
0.16516533000000003 -5.622357607841235
0.17017034 -5.600677078357954
0.17517535 -5.578630473713212
0.18018036 -5.556235000626901
0.18518537 -5.533507727205774
0.19019038 -5.510465565146175
0.19519539 -5.48712525269335
0.20020040000000003 -5.463503338487233
0.20520541000000003 -5.439616166491738
0.21021042000000004 -5.415479861594015
0.21521543 -5.391110316331337
0.22022044 -5.366523178475335
0.22522545 -5.341733839537162
0.23023046 -5.3167574242975
0.23523547 -5.291608781176615
0.24024048 -5.266302473597823
0.24524549 -5.240852772237485
0.2502505 -5.215273648137053
0.25525551 -5.189578766774203
0.26026052 -5.163781482899935
0.26526553 -5.1378948362153976
0.27027054 -5.11193154786229
0.27527555 -5.085904017681347
0.28028056 -5.059824322177397
0.28528557 -5.033704213200826
0.29029058 -5.007555117264209
0.29529559 -4.981388135555839
0.3003006 -4.955214044460096
0.30530561 -4.929043296724258
0.31031062 -4.902886023063716
0.31531563 -4.876752034361017
0.32032064000000005 -4.85065082420527
0.3253256500000001 -4.8245915720116335
0.33033066000000005 -4.798583146301602
0.3353356700000001 -4.772634108612931
0.34034068 -4.746752717540216
0.34534569 -4.720946933144939
0.35035070000000007 -4.6952244216675085
0.35535571000000005 -4.669592560424195
0.36036072 -4.644058442930851
0.36536573 -4.618628884295106
0.37037074 -4.5933104266604285
0.37537575 -4.568109344869898
0.38038076 -4.54303165226005
0.38538577 -4.518083106505316
0.39039078 -4.493269215593391
0.39539579 -4.468595243867313
0.40040080000000006 -4.444066218050772
0.40540581 -4.419686933423509
0.41041082000000007 -4.395461959907951
0.41541583000000004 -4.371395648210114
0.4204208400000001 -4.347492135962498
0.42542585 -4.323755353811864
0.43043086 -4.300189031508383
0.43543587 -4.276796703960261
0.44044088000000003 -4.253581717197566
0.44544589 -4.230547234316656
0.45045090000000004 -4.207696241358596
0.4554559100000001 -4.185031553094602
0.46046092000000005 -4.1625558187564415
0.4654659300000001 -4.140271527670646
0.47047094 -4.1181810147972895
0.47547595 -4.096286466219647
0.48048096 -4.074589924479185
0.48548597 -4.053093293861132
0.49049098 -4.031798345533842
0.49549599 -4.010706722646699
0.500501 -3.98981994526002
0.50550601 -3.969139415180921
0.51051102 -3.9486664207614255
0.51551603 -3.9284021414618815
0.52052104 -3.908347652430364
0.52552605 -3.888503928889788
0.53053106 -3.86887185044902
0.53553607 -3.8494522053151767
0.54054108 -3.830245694351429
0.54554609 -3.8112529351032207
0.5505511 -3.7924744656466247
0.55555611 -3.7739107483583623
0.56056112 -3.755562173601024
0.5655661299999999 -3.737429063278216
0.57057114 -3.719511674283329
0.5755761500000001 -3.7018102019028194
0.58058116 -3.6843247830415526
0.58558617 -3.667055499416284
0.59059118 -3.650002380625263
0.59559619 -3.633165407135035
0.6006012 -3.6165445131748326
0.60560621 -3.60013958953342
0.61061122 -3.5839504862950697
0.61561623 -3.5679770154468144
0.62062124 -3.552218953462024
0.62562625 -3.5366760437453273
0.63063126 -3.5213479990490444
0.63563627 -3.5062345037796234
0.6406412800000001 -3.491335216237321
0.64564629 -3.476649770799405
0.6506513000000002 -3.462177780013308
0.65565631 -3.447918836644514
0.6606613200000001 -3.4338725156243353
0.66566633 -3.4200383759812114
0.6706713400000002 -3.406415962665374
0.67567635 -3.393004808341962
0.68068136 -3.3798044351074745
0.68568637 -3.366814356182166
0.69069138 -3.354034077505095
0.69569639 -3.3414630993062335
0.7007014000000001 -3.329100917634024
0.70570641 -3.316947025793194
0.7107114200000001 -3.305000915798185
0.71571643 -3.2932620797284375
0.72072144 -3.281730011063016
0.7257264499999999 -3.27040420597492
0.7307314599999999 -3.259284164573818
0.73573647 -3.248369392140441
0.74074148 -3.2376594002739285
0.74574649 -3.2271537080535526
0.7507514999999999 -3.2168518431375586
0.7557565099999999 -3.2067533428431454
0.76076152 -3.196857755184208
0.76576653 -3.1871646398943687
0.77077154 -3.177673569411328
0.7757765499999999 -3.1683841298378965
0.7807815599999999 -3.1592959218813084
0.7857865699999999 -3.1504085617560023
0.7907915799999998 -3.14172168208903
0.7957965900000001 -3.1332349327676488
0.8008016000000001 -3.1249479818052865
0.8058066099999999 -3.1168605161582708
0.8108116199999998 -3.108972242541011
0.8158166300000002 -3.1012828882181855
0.8208216400000001 -3.0937922017855115
0.8258266500000001 -3.086499953926075
0.8308316600000001 -3.0794059381687946
0.8358366700000002 -3.0725099716158244
0.8408416800000001 -3.065811895672259
0.8458466900000001 -3.0593115767642622
0.8508516999999999 -3.053008907031887
0.8558567100000001 -3.046903805037788
0.8608617199999998 -3.0409962164437983
0.8658667300000001 -3.035286114696496
0.8708717399999999 -3.0297735017009253
0.8758767500000001 -3.0244584084886346
0.8808817600000001 -3.0193408958778822
0.8858867699999999 -3.0144210551403456
0.8908917799999999 -3.009699008651424
0.8958967900000001 -3.0051749105486767
0.9009018 -3.000848947384383
0.90590681 -2.9967213387744938
0.91091182 -2.9927923380557786
0.91591683 -2.989062232935113
0.92092184 -2.985531346143632
0.92592685 -2.9822000360920318
0.93093186 -2.979068697531132
0.93593687 -2.9761377622115894
0.9409418800000001 -2.9734076995504672
0.94594689 -2.9708790173024258
0.9509519000000001 -2.9685522622300993
0.95595691 -2.966428020791972
0.9609619200000001 -2.9645069198239327
0.96596693 -2.962789627235343
0.97097194 -2.961276852711735
0.97597695 -2.959969348423876
0.98098196 -2.9588679097451145
0.98598697 -2.9579733759766533
0.99099198 -2.957286631089153
0.99599699 -2.956808604467219
1.001002 -2.9565402716652245
1.00600701 -2.9564826551781276
1.01101202 -2.956636825221512
1.01601703 -2.95700390052384
1.02102204 -2.95758504913189
1.02602705 -2.9583814892265647
1.03103206 -2.9593944899569475
1.0360370699999997 -2.960625372284658
1.04104208 -2.962075509841793
1.04604709 -2.963746329809239
1.0510521 -2.9656393138008488
1.0560571099999998 -2.967755998772681
1.0610621199999997 -2.9700979779414767
1.06606713 -2.9726669017219183
1.07107214 -2.975464478681035
1.07607715 -2.9784924765083702
1.08108216 -2.981752723002894
1.08608717 -2.9852471070804745
1.09109218 -2.988977579792571
1.09609719 -2.9929461553734855
1.1011022 -2.9971549122946866
1.1061072099999996 -3.0016059943462183
1.11111222 -3.0063016117310184
1.11611723 -3.011244042183564
1.12112224 -3.016435632102306
1.12612725 -3.021878797705628
1.1311322599999996 -3.0275760262058222
1.13613727 -3.033529876999861
1.14114228 -3.039742982885685
1.14614729 -3.0462180512924286
1.1511523 -3.0529578655328717
1.15615731 -3.0599652860750406
1.16116232 -3.0672432518345416
1.16616733 -3.0747947814827965
1.17117234 -3.082622974779951
1.17617735 -3.0907310139208115
1.18118236 -3.0991221649055785
1.18618737 -3.107799778924256
1.19119238 -3.116767293763256
1.19619739 -3.126028235226426
1.2012024 -3.135586218577747
1.20620741 -3.145444949996677
1.21121242 -3.1556082280537527
1.21621743 -3.166079945199627
1.22122244 -3.1768640892716733
1.2262274499999997 -3.1879647450128026
1.23123246 -3.1993860956064526
1.23623747 -3.2111324242229244
1.24124248 -3.2232081155783208
1.24624749 -3.235617657505206
1.2512525 -3.2483656425322702
1.25625751 -3.261456769473594
1.26126252 -3.2748958450248726
1.26626753 -3.288687785366195
1.27127254 -3.3028376177709036
1.27627755 -3.317350482214657
1.28128256 -3.332231632988996
1.28628757 -3.3474864403147504
1.29129258 -3.3631203919506225
1.29629759 -3.379139094801989
1.3013026 -3.3955482765207847
1.3063076099999995 -3.4123537870993927
1.31131262 -3.429561600451429
1.31631763 -3.447177815984072
1.3213226400000002 -3.4652086601501706
1.3263276499999999 -3.483660487986393
1.33133266 -3.502539784629647
1.3363376699999998 -3.5218531668087745
1.34134268 -3.541607384310788
1.34634769 -3.561809321417353
1.3513527 -3.5824659983090887
1.35635771 -3.6035845724308246
1.36136272 -3.625172339821836
1.3663677299999997 -3.6472367363958385
1.37137274 -3.6697853391814688
1.37637775 -3.692825867506224
1.38138276 -3.7163661841284488
1.38638777 -3.7404142963068394
1.3913927799999997 -3.7649783568123114
1.3963977900000004 -3.790066664864929
1.4014028 -3.815687667007924
1.40640781 -3.8418499578985217
1.41141282 -3.868562281018871
1.4164178299999997 -3.895833529306505
1.42142284 -3.9236727456900096
1.42642785 -3.9520891235339746
1.43143286 -3.981092006981061
1.4364378699999996 -4.01069089119662
1.44144288 -4.040895422499411
1.44644789 -4.071715398382798
1.4514529 -4.103160767422896
1.4564579099999995 -4.135241629054812
1.46146292 -4.1679682332384
1.4664679299999999 -4.201350979984509
1.47147294 -4.235400418750992
1.47647795 -4.270127247706639
1.48148296 -4.305542312850873
1.48648797 -4.341656606992114
1.49149298 -4.378481268587032
1.49649799 -4.416027580425636
1.501503 -4.4543069681718075
1.50650801 -4.4933309987553915
1.51151302 -4.533111378614097
1.5165180300000003 -4.57365995178322
1.52152304 -4.614988697844384
1.52652805 -4.6571097297129045
1.53153306 -4.700035291298933
1.5365380699999995 -4.743777755015585
1.54154308 -4.788349619147848
1.54654809 -4.833763505103578
1.5515531 -4.88003215452644
1.5565581099999997 -4.927168426300476
1.56156312 -4.975185293440198
1.5665681299999998 -5.024095839889525
1.57157314 -5.073913257232342
1.57657815 -5.124650841331006
1.5815831599999997 -5.176321988906343
1.5865881699999995 -5.228940194085086
1.5915931800000005 -5.282519044918406
1.59659819 -5.337072219898062
1.6016032000000002 -5.392613484511484
1.6066082099999999 -5.449156687824246
1.61161322 -5.50671575914418
1.6166182299999998 -5.56530470479372
1.62162324 -5.624937605017585
1.6266282500000002 -5.685628611046648
1.6316332600000005 -5.747391942393692
1.63663827 -5.810241884369834
1.6416432800000003 -5.874192785903952
1.64664829 -5.939259057698161
1.6516533000000002 -6.005455170757788
1.6566583099999999 -6.072795655361727
1.66166332 -6.141295100512357
1.6666683299999998 -6.210968153950348
1.6716733400000006 -6.281829522754431
1.6766783500000002 -6.353893974618622
1.6816833600000003 -6.427176339889352
1.68668837 -6.501691514380274
1.6916933800000002 -6.577454463100107
1.6966983899999997 -6.654480224932705
1.7017034 -6.73278391836286
1.7067084099999998 -6.812380748347121
1.71171342 -6.893286014396161
1.7167184300000002 -6.975515119983098
1.7217234399999997 -7.05908358337372
1.72672845 -7.144007049964298
1.7317334600000003 -7.230301306251822
1.73673847 -7.317982295559711
1.7417434799999996 -7.407066135602663
1.7467484899999997 -7.497569138029623
1.7517535 -7.589507830081105
1.7567585100000003 -7.682898978495091
1.76176352 -7.777759615752376
1.7667685299999996 -7.874107068887083
1.7717735399999999 -7.971958990932356
1.77677855 -8.071333395211985
1.7817835599999998 -8.17224869262709
1.78678857 -8.274723732081462
1.7917935800000002 -8.37877784431165
1.7967985899999999 -8.484430889169174
1.8018036 -8.591703306727542
1.80680861 -8.700616172277613
1.81181362 -8.811191255539098
1.81681863 -8.923451084254367
1.8218236400000005 -9.037419012473746
1.82682865 -9.153119293757104
1.83183366 -9.270577159645953
1.83683867 -9.389818903605327
1.84184368 -9.510871970913593
1.84684869 -9.633765054738872
1.8518537 -9.758528198860503
1.85685871 -9.885192907436764
1.86186372 -10.013792262292773
1.8668687299999995 -10.144361048223091
1.87187374 -10.276935886874368
1.87687875 -10.411555379801204
1.88188376 -10.548260261390642
1.88688877 -10.687093562364856
1.89189378 -10.828100784689756
1.89689879 -10.971330088842265
1.9019038 -11.11683249436854
1.90690881 -11.264662094911351
1.91191382 -11.414876288977762
1.91691883 -11.56753602780036
1.92192384 -11.722706081930207
1.92692885 -11.880455328292078
1.93193386 -12.040857059749744
1.93693887 -12.20398931935256
1.94194388 -12.369935261944383
1.94694889 -12.538783545856836
1.9519539 -12.710628758139556
1.95695891 -12.885571876906312
1.96196392 -13.063720775110752
1.96696893 -13.245190770609728
1.97197394 -13.430105228047928
1.97697895 -13.618596218883928
1.98198396 -13.810805246970308
1.98698897 -14.00688404801648
1.99199398 -14.2069954727714
1.9969989899999996 -14.411314465156437
2.0020040000000003 -14.620029148504424
2.00700901 -14.833342035213803
2.01201402 -15.051471377698435
2.01701903 -15.274652681588698
2.02202404 -15.5031404059923
2.02702905 -15.737209879908788
2.03203406 -15.977159469590807
2.03703907 -16.223313037949126
2.04204408 -16.476022745633397
2.04704909 -16.73567225293754
2.0520541000000003 -17.002680394474215
2.05705911 -17.27750541352646
2.06206412 -17.560649862481455
2.06706913 -17.852666300022115
2.07207414 -18.154163946144507
2.0770791500000003 -18.465816495823606
2.08208416 -18.788371342422124
2.08708917 -19.1226605278692
2.09209418 -19.469613822643172
2.09709919 -19.830274452454045
2.1021042000000003 -20.20581814075808
2.10710921 -20.59757634167139
2.11211422 -21.00706481822436
2.11711923 -21.436019109818375
2.12212424 -21.88643897655365
2.12712925 -22.36064468402432
2.13213426 -22.861349112676308
2.13713927 -23.39175132716851
2.14214428 -23.95565971832937
2.1471492900000007 -24.557656629308255
2.1521543 -25.203322342058907
2.15715931 -25.899545911746127
2.16216432 -26.654966288304177
2.16716933 -27.48061451528465
2.17217434 -28.39087644989167
2.17717935 -29.40498561600855
2.18218436 -30.54943066558512
2.18718937 -31.862017804987236
2.19219438 -33.39908643667951
2.1971993899999993 -35.249021611921776
2.2022044 -37.558349885028925
2.2072094100000004 -40.57512242054031
2.2122144199999996 -44.572396992012614
2.21721943 -47.642286250360726
2.22222444 -44.63459796018767
2.22722945 -40.63916413180637
2.23223446 -37.6244380505757
2.2372394699999996 -35.32079175127452
2.24224448 -33.47881241611861
2.24724949 -31.951103334540726
2.2522545 -30.648815643669387
2.2572595100000004 -29.51535820030575
2.2622645199999996 -28.512783715488926
2.2672695300000005 -27.614523042215993
2.27227454 -26.801297051358276
2.27727955 -26.058695273603565
2.28228456 -25.375675140430708
2.2872895699999996 -24.74359455601009
2.29229458 -24.15556677777642
2.297299589999999 -23.60601741636406
2.3023046 -23.090372352923637
2.3073096100000003 -22.604832898573815
2.31231462 -22.146210567640637
2.31731963 -21.711803503380573
2.32232464 -21.299302590088242
2.32732965 -20.906719104222407
2.33233466 -20.532328246381024
2.3373396700000004 -20.1746245543396
2.34234468 -19.832286323140863
2.34734969 -19.504146937138366
2.3523547 -19.189171564949216
2.35735971 -18.886438058753217
2.36236472 -18.59512118043287
2.36736973 -18.31447948364796
2.37237474 -18.043844333456544
2.37737975 -17.782610659137575
2.38238476 -17.530229122586952
2.3873897700000004 -17.286199450324204
2.39239478 -17.05006472794637
2.39739979 -16.821406495417392
2.4024048 -16.599840512153573
2.40740981 -16.385013085410982
2.41241482 -16.176597874569126
2.41741983 -15.974293099406053
2.42242484 -15.777819092786483
2.42742985 -15.586916148160933
2.43243486 -15.401342620493285
2.43743987 -15.220873245736493
2.44244488 -15.045297649551491
2.44744989 -14.874419020375592
2.4524549 -14.70805292572726
2.45745991 -14.546026253696011
2.46246492 -14.388176264171083
2.4674699300000005 -14.23434973657304
2.47247494 -14.084402202599357
2.47747995 -13.938197254132389
2.48248496 -13.795605917744197
2.4874899699999995 -13.656506088278384
2.49249498 -13.520782015072008
2.49749999 -13.38832383509364
2.502505 -13.259027148006217
2.50751001 -13.132792628800292
2.51251502 -13.009525674116004
2.517520030000001 -12.889136078837568
2.52252504 -12.771537739977054
2.52753005 -12.656648385149412
2.53253506 -12.544389323269511
2.53754007 -12.434685215342101
2.54254508 -12.327463863509386
2.54755009 -12.222656016612248
2.5525551 -12.120195190776805
2.55756011 -12.020017503696987
2.5625651200000004 -11.92206152137851
2.5675701299999996 -11.826268116246714
2.57257514 -11.732580335647572
2.57758015 -11.640943279862858
2.58258516 -11.551303988811815
2.5875901699999995 -11.463611336733996
2.59259518 -11.37781593419424
2.59760019 -11.2938700368161
2.6026052 -11.211727460184983
2.60761021 -11.131343500457426
2.6126152199999995 -11.05267486021624
2.617620229999999 -10.975679579139848
2.62262524 -10.900316969178188
2.62763025 -10.826547553814525
2.63263526 -10.754333011167937
2.63764027 -10.683636120616953
2.6426452800000004 -10.61442071270762
2.6476502900000005 -10.546651622085225
2.6526553 -10.480294643248577
2.65766031 -10.415316488921496
2.66266532 -10.351684750854256
2.6676703299999995 -10.289367862884024
2.67267534 -10.228335066121767
2.67768035 -10.168556376078964
2.68268536 -10.110002551642078
2.6876903700000003 -10.052645065757496
2.69269538 -9.996456077711262
2.69770039 -9.941408406902871
2.7027054 -9.887475508025554
2.707710410000001 -9.834631447550292
2.71271542 -9.782850881443185
2.717720430000001 -9.73210903403728
2.72272544 -9.682381677983559
2.72773045 -9.633645115226088
2.73273546 -9.585876158931761
2.73774047 -9.539052116326134
2.74274548 -9.49315077237707
2.74775049 -9.448150374284952
2.7527555 -9.40402961672348
2.757760510000001 -9.360767627809446
2.76276552 -9.318343955737943
2.7677705300000004 -9.276738556066537
2.77277554 -9.235931779607533
2.77778055 -9.195904360890948
2.78278556 -9.156637407184569
2.7877905699999994 -9.118112388024464
2.792795580000001 -9.080311125250944
2.79780059 -9.04321578350196
2.8028056 -9.00680886117029
2.80781061 -8.971073181773237
2.81281562 -8.935991885740947
2.81782063 -8.901548422587034
2.82282564 -8.867726543455971
2.82783065 -8.83451029401985
2.83283566 -8.801884007718414
2.83784067 -8.769832299323014
2.8428456800000004 -8.738340058811417
2.8478506900000005 -8.70739244553796
2.8528557 -8.676974882692582
2.85786071 -8.647073052027746
2.86286572 -8.617672888853374
2.8678707299999995 -8.588760577274389
2.8728757399999996 -8.560322545675836
2.8778807500000005 -8.532345462434
2.88288576 -8.504816231847766
2.88789077 -8.477721990284083
2.89289578 -8.451050102522526
2.8979007900000004 -8.424788158293955
2.9029058 -8.398923969007212
2.90791081 -8.373445564649856
2.9129158199999994 -8.348341190857948
2.91792083 -8.323599306149402
2.92292584 -8.299208579309061
2.92793085 -8.275157886922251
2.93293586 -8.251436311046179
2.93794087 -8.22803313701428
2.9429458800000003 -8.204937851366555
2.9479508899999995 -8.18214013989679
2.9529559 -8.159629885815288
2.957960910000001 -8.137397168012821
2.96296592 -8.115432259427358
2.9679709300000003 -8.093725625500841
2.97297594 -8.072267922725064
2.97798095 -8.051049997265483
2.98298596 -8.03006288366039
2.9879909699999994 -8.00929780359011
2.99299598 -7.9887461647062095
2.998000989999999 -7.968399559517614
3.003006 -7.948249764332006
3.00801101 -7.928288738236071
3.01301602 -7.908508622122666
3.01802103 -7.888901737746845
3.02302604 -7.869460586815895
3.02803105 -7.850177850101043
3.0330360600000006 -7.831046386570131
3.03804107 -7.812059232532428
3.0430460800000003 -7.793209600795694
3.0480510900000004 -7.774490879826514
3.0530561 -7.755896632911795
3.05806111 -7.737420597313913
3.06306612 -7.719056683422318
3.0680711300000003 -7.700798973888669
3.0730761399999995 -7.682641722746398
3.07808115 -7.6645793545121315
3.08308616 -7.646606463261322
3.0880911699999993 -7.628717811678221
3.09309618 -7.610908330074237
3.0981011900000004 -7.593173115374099
3.1031062 -7.5755074300641745
3.10811121 -7.557906701103434
3.11311622 -7.540366518792621
3.1181212300000007 -7.522882635596425
3.12312624 -7.505450964925671
3.12813125 -7.488067579865498
3.13313626 -7.47072871185745
3.13814127 -7.453430749329349
3.14314628 -7.4361702362745135
3.1481512900000004 -7.418943870773403
3.1531563 -7.40174850346482
3.15816131 -7.384581135960269
3.16316632 -7.3674389192032255
3.16817133 -7.350319151772403
3.1731763399999995 -7.3332192781284045
3.17818135 -7.316136886805555
3.183186360000001 -7.299069708547768
3.1881913699999993 -7.282015614389445
3.19319638 -7.264972613681895
3.19820139 -7.247938852065893
3.2032064000000005 -7.2309126093929725
3.20821141 -7.213892297593187
3.21321642 -7.19687645849553
3.218221430000001 -7.179863761599231
3.22322644 -7.16285300179469
3.22823145 -7.1458430970451285
3.23323646 -7.12883308602223
3.23824147 -7.111822125698265
3.24324648 -7.094809488905101
3.24825149 -7.077794561850592
3.2532565000000004 -7.060776841605005
3.2582615100000005 -7.043755933553005
3.263266520000001 -7.026731548817484
3.268271530000001 -7.009703501656165
3.27327654 -6.992671706834111
3.27828155 -6.975636176974858
3.2832865600000005 -6.958597019893244
3.28829157 -6.941554435911429
3.29329658 -6.924508715163081
3.29830159 -6.907460234885465
3.3033066000000004 -6.890409456705621
3.30831161 -6.873356923921333
3.31331662 -6.856303258780968
3.31832163 -6.8392491597615805
3.3233266400000003 -6.82219539885663
3.32833165 -6.805142818861172
3.33333666 -6.788092330674638
3.3383416700000006 -6.771044910611444
3.343346680000001 -6.754001597727219
3.3483516900000003 -6.7369634911597265
3.3533567000000004 -6.7199317474927645
3.35836171 -6.702907578139046
3.3633667200000006 -6.685892246749962
3.36837173 -6.668887066647064
3.37337674 -6.651893398289273
3.37838175 -6.634912646764366
3.3833867600000005 -6.617946259315919
3.3883917700000006 -6.600995722907324
3.39339678 -6.584062561817073
3.39840179 -6.567148335276272
3.4034068 -6.55025463514472
3.40841181 -6.5333830836287285
3.41341682 -6.516535331042471
3.4184218299999984 -6.499713053611588
3.4234268400000003 -6.482917951321971
3.42843185 -6.4661517458193485
3.4334368600000005 -6.449416178354312
3.4384418700000006 -6.432713007770984
3.44344688 -6.416044008552965
3.44845189 -6.399410968914557
3.4534569 -6.382815688944257
3.4584619099999996 -6.366259978799127
3.4634669200000006 -6.349745656951578
3.46847193 -6.333274548487079
3.47347694 -6.316848483456034
3.47848195 -6.300469295277895
3.4834869599999996 -6.284138819195366
3.4884919700000006 -6.2678588907856785
3.49349698 -6.251631344522148
3.49850199 -6.23545801238726
3.5035070000000004 -6.2193407225416095
3.5085120099999996 -6.203281298041887
3.5135170200000005 -6.187281555610995
3.518522030000001 -6.171343304461545
3.52352704 -6.1554683451702665
3.52853205 -6.1396584685980375
3.5335370599999996 -6.123915454867651
3.5385420700000005 -6.108241072384376
3.54354708 -6.092637076908046
3.54855209 -6.077105210672817
3.5535571000000004 -6.0616472015530976
3.5585621100000004 -6.04626476227745
3.56356712 -6.0309595896867565
3.56857213 -6.015733364037854
3.57357714 -6.000587748350405
3.57858215 -5.985524387796222
3.5835871600000004 -5.970544909132792
3.5885921700000005 -5.9556509201767165
3.59359718 -5.940844009314054
3.59860219 -5.926125745054591
3.6036072 -5.911497675623302
3.60861221 -5.896961328585174
3.61361722 -5.882518210511024
3.61862223 -5.868169806674554
3.62362724 -5.853917580784737
3.62863225 -5.839762974752119
3.63363726 -5.825707408485957
3.638642270000001 -5.8117522797229775
3.643647280000001 -5.797898963885028
3.64865229 -5.784148813965928
3.6536573 -5.770503160445488
3.658662310000001 -5.756963311234349
3.663667320000001 -5.743530551638968
3.66867233 -5.730206144353394
3.67367734 -5.716991329476556
3.67868235 -5.703887324553194
3.68368736 -5.6908953246312715
3.68869237 -5.678016502345139
3.69369738 -5.665252008018563
3.69870239 -5.652602969786198
3.7037074 -5.6400704937308745
3.70871241 -5.627655664040897
3.71371742 -5.6153595431851775
3.7187224299999992 -5.603183172099641
3.72372744 -5.591127570393112
3.72873245 -5.579193736562936
3.733737459999999 -5.567382648228104
3.73874247 -5.555695262369996
3.74374748 -5.544132515591062
3.74875249 -5.532695324378352
3.7537575 -5.521384585379987
3.75876251 -5.510201175693203
3.76376752 -5.499145953157072
3.76877253 -5.488219756657207
3.77377754 -5.47742340643547
3.77878255 -5.46675770440896
3.78378756 -5.456223434494653
3.78879257 -5.4458213629363295
3.79379758 -5.4355522386441
3.798802589999999 -5.425416793533814
3.8038076 -5.415415742868074
3.808812610000001 -5.405549785609967
3.81381762 -5.395819604769354
3.81882263 -5.386225867760244
3.82382764 -5.3767692267559175
3.82883265 -5.3674503190491665
3.83383766 -5.358269767410672
3.83884267 -5.349228180450815
3.843847680000001 -5.340326152980124
3.84885269 -5.331564266375626
3.8538577 -5.3229430889374525
3.85886271 -5.314463176254197
3.86386772 -5.306125071564408
3.86887273 -5.297929306113965
3.87387774 -5.289876399518758
3.87888275 -5.281966860118649
3.88388776 -5.274201185335982
3.888892770000001 -5.266579862025866
3.893897780000001 -5.259103366832124
3.89890279 -5.251772166528528
3.9039078 -5.244586718373899
3.90891281 -5.237547470447047
3.91391782 -5.2306548619905024
3.91892283 -5.223909323745104
3.92392784 -5.217311278283992
3.92893285 -5.21086114033967
3.93393786 -5.2045593171299185
3.93894287 -5.198406208679426
3.94394788 -5.192402208133906
3.94895289 -5.186547702075485
3.9539579 -5.180843070826069
3.958962910000001 -5.175288688755617
3.96396792 -5.169884924574961
3.968972929999999 -5.164632141633877
3.97397794 -5.1595306982035805
3.978982950000001 -5.15458094776601
3.98398796 -5.149783239287857
3.98899297 -5.1451379174927725
3.993997979999999 -5.140645323129776
3.99900299 -5.1363057932358815
4.004008000000001 -5.132119661387643
4.00901301 -5.128087257956304
4.01401802 -5.124208910347954
4.01902303 -5.120484943244891
4.02402804 -5.116915678835939
4.02903305 -5.1135014370450245
4.03403806 -5.110242535748423
4.039043070000001 -5.107139290992058
4.04404808 -5.104192017196566
4.049053089999999 -5.1014010273617325
4.0540581 -5.09876663325799
4.059063110000001 -5.096289145618162
4.06406812 -5.093968874317321
4.06907313 -5.091806128549087
4.074078139999999 -5.089801216993974
4.079083150000001 -5.087954447982577
4.08408816 -5.086266129647124
4.08909317 -5.084736570073947
4.09409818 -5.08336607744122
4.099103189999999 -5.082154960154552
4.104108200000001 -5.081103526972569
4.10911321 -5.080212087128082
4.11411822 -5.0794809504392
4.119123229999999 -5.078910427412815
4.12412824 -5.078500829345015
4.129133250000001 -5.078252468407637
4.13413826 -5.078165657731222
4.139143270000001 -5.07824071147963
4.14414828 -5.078477944915241
4.14915329 -5.07887767445665
4.154158300000001 -5.079440217730792
4.15916331 -5.080165893610707
4.16416832 -5.081055022253126
4.16917333 -5.08210792511967
4.17417834 -5.083324924994735
4.179183350000001 -5.084706345991664
4.18418836 -5.086252513552489
4.18919337 -5.087963754435817
4.19419838 -5.0898403966978165
4.199203389999999 -5.091882769661664
4.204208400000001 -5.094091203880432
4.20921341 -5.096466031085417
4.21421842 -5.09900758413159
4.21922343 -5.101716196926257
4.224228439999999 -5.104592204350476
4.229233450000001 -5.107635942170887
4.23423846 -5.110847746938864
4.23924347 -5.114227955879153
4.24424848 -5.117776906769784
4.249253490000001 -5.1214949378065615
4.2542585 -5.125382387461318
4.259263509999999 -5.129439594321723
4.26426852 -5.133666896926541
4.26927353 -5.138064633582257
4.27427854 -5.142633142170974
4.279283550000001 -5.1473727599449965
4.28428856 -5.152283823306223
4.28929357 -5.1573666675756416
4.294298580000001 -5.162621626746326
4.299303590000001 -5.168049033224715
4.3043086 -5.173649217554624
4.30931361 -5.179422508131588
4.31431862 -5.185369230897593
4.319323630000001 -5.191489709023659
4.32432864 -5.197784262575861
4.329333650000001 -5.204253208165698
4.33433866 -5.210896858584032
4.33934367 -5.21771552242048
4.34434868 -5.224709503662034
4.349353689999999 -5.231879101279264
4.3543587 -5.23922460879136
4.359363709999999 -5.2467463138141595
4.36436872 -5.254444497591719
4.36937373 -5.2623194345057565
4.37437874 -5.270371391569491
4.379383750000001 -5.278600627900502
4.38438876 -5.287007394172255
4.38939377 -5.295591932048608
4.394398779999999 -5.304354473594498
4.39940379 -5.3132952406678
4.404408800000001 -5.322414444289024
4.409413809999999 -5.331712283987664
4.414418820000001 -5.341188947129043
4.419423830000001 -5.350844608216389
4.424428839999999 -5.3606794281704975
4.42943385 -5.370693553585076
4.43443886 -5.380887115960108
4.43944387 -5.391260230909215
4.44444888 -5.401812997341984
4.449453889999999 -5.412545496623316
4.4544589 -5.4234577917056175
4.459463910000001 -5.43454992623535
4.46446892 -5.445821923633403
4.46947393 -5.457273786150646
4.474478939999999 -5.468905493893224
4.4794839500000005 -5.480717003824327
4.48448896 -5.492708248736268
4.48949397 -5.504879136194729
4.49449898 -5.517229547457809
4.49950399 -5.529759336362955
4.5045090000000005 -5.5424683281877405
4.509514009999999 -5.555356318483384
4.514519020000001 -5.568423071875801
4.5195240299999995 -5.581668320841803
4.524529039999999 -5.595091764454272
4.5295340500000005 -5.608693067098812
4.534539060000001 -5.6224718571626715
4.53954407 -5.636427725693521
4.54454908 -5.6505602250306906
4.549554089999999 -5.6648688674073595
4.5545591000000005 -5.67935312352639
4.55956411 -5.694012421105277
4.56456912 -5.708846143397466
4.56957413 -5.723853627684116
4.574579139999999 -5.739034163740665
4.5795841500000005 -5.754386992278353
4.58458916 -5.769911303359977
4.58959417 -5.785606234792819
4.5945991799999994 -5.801470870496934
4.59960419 -5.817504238854468
4.6046092000000005 -5.833705311035073
4.609614209999999 -5.8500729993052705
4.614619220000001 -5.866606155317992
4.61962423 -5.883303568387256
4.62462924 -5.900163963748244
4.629634250000001 -5.917186000805961
4.63463926 -5.934368271372566
4.63964427 -5.951709297899752
4.64464928 -5.969207531703369
4.64965429 -5.98686135118828
4.654659300000001 -6.004669060073596
4.65966431 -6.022628885620895
4.66466932 -6.0407389768740485
4.66967433 -6.058997402907629
4.674679340000001 -6.077402151091982
4.67968435 -6.095951125381199
4.68468936 -6.114642144624424
4.68969437 -6.13347294090852
4.69469938 -6.152441157937175
4.69970439 -6.171544349453582
4.7047094 -6.190779977709939
4.709714409999999 -6.2101454119949935
4.71471942 -6.229637927222802
4.71972443 -6.249254702594857
4.72472944 -6.268992820340173
4.72973445 -6.288849264546633
4.734739459999999 -6.308820920087992
4.739744470000001 -6.3289045716628305
4.74474948 -6.349096902952278
4.74975449 -6.36939449591138
4.7547595 -6.389793830205038
4.75976451 -6.4102912828019
4.76476952 -6.430883127744181
4.76977453 -6.451565536105791
4.774779540000001 -6.472334576155708
4.77978455 -6.493186213748985
4.78478956 -6.514116312958093
4.78979457 -6.535120636973204
4.79479958 -6.556194849285159
4.79980459 -6.5773345151843845
4.8048096 -6.598535103597073
4.809814609999999 -6.619791989282263
4.81481962 -6.641100455432958
4.81982463 -6.662455696700813
4.82482964 -6.683852822686758
4.82983465 -6.7052868619355275
4.834839659999999 -6.726752766475487
4.839844670000001 -6.748245416947376
4.84484968 -6.7697596283771055
4.849854689999999 -6.7912901566389134
4.8548597 -6.812831705675424
4.85986471 -6.834378935536663
4.86486972 -6.855926471308464
4.869874729999999 -6.87746891301039
4.87487974 -6.899000846552279
4.87988475 -6.920516855838558
4.88488976 -6.942011536134171
4.889894770000001 -6.963479508806426
4.894899779999999 -6.9849154375744975
4.899904789999999 -7.006314046412056
4.9049098 -7.027670139269931
4.90991481 -7.0489786218006465
4.91491982 -7.07023452528906
4.91992483 -7.09143303302567
4.92492984 -7.112569509379275
4.92993485 -7.1336395318701005
4.934939860000001 -7.154638926575896
4.939944870000001 -7.175563807251793
4.94494988 -7.196410618600196
4.949954889999999 -7.217176184180746
4.9549599 -7.237857759535306
4.959964910000001 -7.258453091165603
4.96496992 -7.27896048211503
4.969974929999999 -7.299378865008781
4.974979939999999 -7.319707883539903
4.97998495 -7.339947983547896
4.98498996 -7.360100515003632
4.9899949700000015 -7.380167846443434
4.994999979999999 -7.400153493635138
5.0 -7.420042451830563
