Frequency(GHz) s21_phase
0.0 0.0
0.00500501 -0.48403466288071434
0.01001002 -0.930374363922427
0.01501503 -1.3861995587227338
0.020020040000000003 -1.8414703305289988
0.02502505 -2.2961043976683753
0.03003006 -2.749521420680556
0.03503507000000001 -3.201846755029995
0.040040080000000006 -3.6531611760655855
0.04504509000000001 -4.1035180705497
0.0500501 -4.552952740809516
0.05505511 -5.001487856243064
0.06006012 -5.449136872378527
0.06506513000000001 -5.895906283844078
0.07007014000000002 -6.3417971977848655
0.07507514999999998 -6.786806474772135
0.08008016000000001 -7.2309275818074275
0.08508516999999999 -7.6741512535405985
0.09009018 -8.116466014223267
0.09509519000000001 -8.55785859246778
0.1001002 -8.998314260727449
0.10510521 -9.437817111592008
0.11011022 -9.876350286675063
0.11511523 -10.313896166727883
0.12012024 -10.750436529792212
0.12512525 -11.185952685702224
0.13013026 -11.620425588651988
0.13513527 -12.053835932245484
0.14014028 -12.486164233973271
0.14514529 -12.917390903462955
0.1501503 -13.347496303909388
0.15515531 -13.776460805818273
0.16016032000000002 -14.204264830994907
0.16516533000000003 -14.630888894396035
0.17017034 -15.056313637514595
0.17517535 -15.480519860267318
0.18018036 -15.903488547513222
0.18518537 -16.325200893503425
0.19019038 -16.745638322048126
0.19519539 -17.164782505698188
0.20020040000000003 -17.58261538283369
0.20520541000000003 -17.999119170631353
0.21021042000000004 -18.414276379372268
0.21521543 -18.828069822834944
0.22022044 -19.240482628294036
0.22522545 -19.651498245474
0.23023046 -20.061100453388228
0.23523547 -20.469273367232123
0.24024048 -20.8760014435
0.24524549 -21.281269484524508
0.2502505 -21.685062642505223
0.25525551 -22.08736642185543
0.26026052 -22.4881666817266
0.26526553 -22.88744963768724
0.27027054 -23.285201862566876
0.27527555 -23.681410286676424
0.28028056 -24.07606219776433
0.28528557 -24.46914524026174
0.29029058 -24.86064741436184
0.29529559 -25.25055707397748
0.3003006 -25.63886292517532
0.30530561 -26.025554023349127
0.31031062 -26.41061977090366
0.31531563 -26.794049913574703
0.32032064000000005 -27.17583453757386
0.3253256500000001 -27.555964064923202
0.33033066000000005 -27.934429250716203
0.3353356700000001 -28.311221177535526
0.34034068 -28.686331251515828
0.34534569 -29.05975119750708
0.35035070000000007 -29.431473053726528
0.35535571000000005 -29.801489166763464
0.36036072 -30.169792186296252
0.36536573 -30.53637505892722
0.37037074 -30.901231022933548
0.37537575 -31.26435360217973
0.38038076 -31.6257365998299
0.38538577 -31.985374092425555
0.39039078 -32.34326042341841
0.39539579 -32.699390196589974
0.40040080000000006 -33.05375826998681
0.40540581 -33.406359748699444
0.41041082000000007 -33.75718997855755
0.41541583000000004 -34.10624453929752
0.4204208400000001 -34.453519237599025
0.42542585 -34.79901010039192
0.43043086 -35.1427133678331
0.43543587 -35.484625486207094
0.44044088000000003 -35.824743101176644
0.44544589 -36.16306305066839
0.45045090000000004 -36.49958235776245
0.4554559100000001 -36.83429822376748
0.46046092000000005 -37.167208021091646
0.4654659300000001 -37.498309286241486
0.47047094 -37.82759971290022
0.47547595 -38.15507714463527
0.48048096 -38.48073956816969
0.48548597 -38.80458510621769
0.49049098 -39.12661201077166
0.49549599 -39.44681865586195
0.500501 -39.76520353091148
0.50550601 -40.08176523402162
0.51051102 -40.39650246468618
0.51551603 -40.70941401766747
0.52052104 -41.0204987758263
0.52552605 -41.329755703732424
0.53053106 -41.637183841060114
0.53553607 -41.94278229593868
0.54054108 -42.24655023879803
0.54554609 -42.548486895594856
0.5505511 -42.848591541752526
0.55555611 -43.14686349593304
0.56056112 -43.4433021137052
0.5655661299999999 -43.737906781544694
0.57057114 -44.030676910954405
0.5755761500000001 -44.321611932180616
0.58058116 -44.610711288730634
0.58558617 -44.8979744314023
0.59059118 -45.18340076711253
0.59559619 -45.46698983546404
0.6006012 -45.748741029964805
0.60560621 -46.0286537748682
0.61061122 -46.306727474155934
0.61561623 -46.58296150656015
0.62062124 -46.857355220155064
0.62562625 -47.1299079275715
0.63063126 -47.40061890086424
0.63563627 -47.669487366791245
0.6406412800000001 -47.936512502127606
0.64564629 -48.20169342895452
0.6506513000000002 -48.465029210222994
0.65565631 -48.72651884524395
0.6606613200000001 -48.98616126558624
0.66566633 -49.24395533066939
0.6706713400000002 -49.49989982387836
0.67567635 -49.753993448538715
0.68068136 -50.00623482419193
0.68568637 -50.25662248269781
0.69069138 -50.50515486486064
0.69569639 -50.751830316928206
0.7007014000000001 -50.99664708715543
0.70570641 -51.23960332289808
0.7107114200000001 -51.48069706726555
0.71571643 -51.719926256406
0.72072144 -51.95728871673496
0.7257264499999999 -52.19278216230079
0.7307314599999999 -52.426404192409315
0.73573647 -52.658152289139416
0.74074148 -52.88802381548038
0.74574649 -53.1160160131793
0.7507514999999999 -53.34212600104237
0.7557565099999999 -53.56635077327866
0.76076152 -53.78868719814747
0.76576653 -54.009132016651385
0.77077154 -54.22768184153357
0.7757765499999999 -54.44433315644089
0.7807815599999999 -54.6590823152773
0.7857865699999999 -54.87192554187223
0.7907915799999998 -55.08285892965999
0.7957965900000001 -55.29187844191362
0.8008016000000001 -55.4989799118708
0.8058066099999999 -55.70415904338705
0.8108116199999998 -55.90741141169461
0.8158166300000002 -56.10873246448851
0.8208216400000001 -56.308117523254715
0.8258266500000001 -56.50556178497052
0.8308316600000001 -56.701060323967795
0.8358366700000002 -56.894608094274055
0.8408416800000001 -57.08619993214136
0.8458466900000001 -57.27583055893552
0.8508516999999999 -57.46349458450157
0.8558567100000001 -57.64918651067331
0.8608617199999998 -57.83290073536993
0.8658667300000001 -58.01463155694941
0.8708717399999999 -58.194373179010846
0.8758767500000001 -58.37211971561209
0.8808817600000001 -58.5478651969712
0.8858867699999999 -58.721603575504545
0.8908917799999999 -58.89332873247689
0.8958967900000001 -59.06303448502857
0.9009018 -59.23071459375231
0.90590681 -59.39636277082031
0.91091182 -59.5599726885744
0.91591683 -59.72153798875279
0.92092184 -59.88105229227524
0.92592685 -60.03850920962493
0.93093186 -60.19390235183129
0.93593687 -60.34722534213969
0.9409418800000001 -60.498471828311935
0.94594689 -60.64763549561319
0.9509519000000001 -60.7947100805616
0.95595691 -60.93968938530639
0.9609619200000001 -61.0825672928637
0.96596693 -61.22333778307072
0.97097194 -61.36199494933733
0.97597695 -61.498533016244
0.98098196 -61.632946357974845
0.98598697 -61.765229517645245
0.99099198 -61.89537722744341
0.99599699 -62.02338442976616
1.001002 -62.14924629927277
1.00600701 -62.27295826586874
1.01101202 -62.39451603868962
1.01601703 -62.513915631079826
1.02102204 -62.63115338659446
1.02602705 -62.74622600605232
1.03103206 -62.85913057561936
1.0360370699999997 -62.96986459598257
1.04104208 -63.07842601263461
1.04604709 -63.18481324720389
1.0510521 -63.28902522998375
1.0560571099999998 -63.39106143352052
1.0610621199999997 -63.49092190736921
1.06606713 -63.58860731399469
1.07107214 -63.68411896580786
1.07607715 -63.777458863349544
1.08108216 -63.86862973464154
1.08608717 -63.95763507564495
1.09109218 -64.04447919190551
1.09609719 -64.129167241243
1.1011022 -64.21170527763056
1.1061072099999996 -64.29210029609398
1.11111222 -64.37036027872344
1.11611723 -64.44649424166776
1.12112224 -64.52051228317832
1.12612725 -64.59242563256781
1.1311322599999996 -64.6622467001028
1.13613727 -64.72998912777196
1.14114228 -64.79566784082304
1.14614729 -64.85929910007714
1.1511523 -64.9209005548942
1.15615731 -64.98049129674253
1.16116232 -65.03809191326584
1.16616733 -65.09372454279519
1.17117234 -65.14741292914017
1.17617735 -65.19918247663698
1.18118236 -65.24906030525233
1.18618737 -65.29707530569789
1.19119238 -65.34325819435976
1.19619739 -65.38764156795732
1.2012024 -65.43025995773485
1.20620741 -65.47114988308223
1.21121242 -65.51034990437256
1.21621743 -65.54790067488554
1.22122244 -65.58384499159973
1.2262274499999997 -65.61822784471619
1.23123246 -65.65109646566616
1.23623747 -65.68250037344514
1.24124248 -65.71249141904399
1.24624749 -65.74112382777493
1.2512525 -65.76845423927824
1.25625751 -65.79454174496698
1.26126252 -65.81944792271553
1.26626753 -65.84323686854441
1.27127254 -65.86597522506922
1.27627755 -65.88773220649583
1.28128256 -65.90857961992056
1.28628757 -65.92859188269473
1.29129258 -65.9478460356743
1.29629759 -65.96642175204177
1.3013026 -65.98440134157582
1.3063076099999995 -66.00186975009008
1.31131262 -66.01891455386462
1.31631763 -66.0356259488559
1.3213226400000002 -66.05209673451188
1.3263276499999999 -66.068422292014
1.33133266 -66.08470055676376
1.3363376699999998 -66.10103198500397
1.34134268 -66.11751951439922
1.34634769 -66.13426851850485
1.3513527 -66.15138675497568
1.35635771 -66.16898430750248
1.36136272 -66.18717352135559
1.3663677299999997 -66.2060689325572
1.37137274 -66.22578719063584
1.37637775 -66.24644697498584
1.38138276 -66.26816890488799
1.38638777 -66.29107544324256
1.3913927799999997 -66.31529079408841
1.3963977900000004 -66.34094079406465
1.4014028 -66.36815279790696
1.40640781 -66.39705555820103
1.41141282 -66.42777909955626
1.4164178299999997 -66.4604545874049
1.42142284 -66.49521419172167
1.42642785 -66.53219094589403
1.43143286 -66.57151860104244
1.4364378699999996 -66.61333147612623
1.44144288 -66.65776430414948
1.44644789 -66.70495207483498
1.4514529 -66.75502987413394
1.4564579099999995 -66.80813272098665
1.46146292 -66.86439540167945
1.4664679299999999 -66.92395230229852
1.47147294 -66.9869372396371
1.47647795 -67.05348329102954
1.48148296 -67.12372262355123
1.48648797 -67.19778632301525
1.49149298 -67.27580422323129
1.49649799 -67.35790473597184
1.501503 -67.44421468207335
1.50650801 -67.53485912414415
1.51151302 -67.62996120127792
1.5165180300000003 -67.7296419662285
1.52152304 -67.83402022543669
1.52652805 -67.94321238232608
1.53153306 -68.05733228424195
1.5365380699999995 -68.17649107342083
1.54154308 -68.30079704232269
1.54654809 -68.43035549369
1.5515531 -68.56526860562127
1.5565581099999997 -68.70563530197441
1.56156312 -68.85155112836998
1.5665681299999998 -69.00310813403583
1.57157314 -69.16039475975039
1.57657815 -69.32349573205653
1.5815831599999997 -69.49249196397108
1.5865881699999995 -69.66746046231428
1.5915931800000005 -69.84847424183701
1.59659819 -70.03560224621646
1.6016032000000002 -70.22890927609124
1.6066082099999999 -70.4284559241208
1.61161322 -70.63429851718065
1.6166182299999998 -70.84648906572228
1.62162324 -71.06507522031436
1.6266282500000002 -71.29010023530665
1.6316332600000005 -71.52160293969862
1.63663827 -71.7596177150626
1.6416432800000003 -72.00417448053955
1.64664829 -72.25529868481982
1.6516533000000002 -72.51301130501193
1.6566583099999999 -72.77732885230675
1.66166332 -73.04826338430773
1.6666683299999998 -73.3258225239808
1.6716733400000006 -73.61000948496233
1.6766783500000002 -73.90082310317054
1.6816833600000003 -74.19825787458821
1.68668837 -74.50230399894048
1.6916933800000002 -74.81294742920252
1.6966983899999997 -75.13016992672078
1.7017034 -75.45394912172407
1.7067084099999998 -75.78425857910625
1.71171342 -76.12106786919745
1.7167184300000002 -76.46434264337411
1.7217234399999997 -76.81404471428853
1.72672845 -77.17013214045286
1.7317334600000003 -77.53255931499027
1.73673847 -77.90127705838403
1.7417434799999996 -78.27623271487012
1.7467484899999997 -78.65737025229745
1.7517535 -79.04463036524746
1.7567585100000003 -79.43795058117503
1.76176352 -79.83726536916784
1.7667685299999996 -80.24250625134195
1.7717735399999999 -80.65360191636763
1.77677855 -81.07047833503333
1.7817835599999998 -81.49305887755052
1.78678857 -81.92126443223871
1.7917935800000002 -82.35501352562974
1.7967985899999999 -82.79422244322481
1.8018036 -83.23880535126627
1.80680861 -83.68867441872963
1.81181362 -84.14373993963122
1.81681863 -84.60391045518483
1.8218236400000005 -85.0690928757017
1.82682865 -85.53919260185332
1.83183366 -86.01411364527725
1.83683867 -86.4937587478801
1.84184368 -86.97802950010815
1.84684869 -87.46682645755301
1.8518537 -87.96004925585949
1.85685871 -88.45759672367538
1.86186372 -88.95936699344277
1.8668687299999995 -89.46525760983927
1.87187374 -89.9751656356516
1.87687875 -90.48898784599606
1.88188376 -91.00662046424273
1.88688877 -91.52795980570505
1.89189378 -92.05290200722973
1.89689879 -92.58134320898844
1.9019038 -93.11317964158333
1.90690881 -93.64830770962317
1.91191382 -94.18662407165048
1.91691883 -94.7280257162504
1.92192384 -95.27241003435795
1.92692885 -95.81967488765484
1.93193386 -96.36971867306893
1.93693887 -96.9224403831824
1.94194388 -97.4777396628438
1.94694889 -98.03551686155448
1.9519539 -98.5956730821012
1.95695891 -99.15811022507526
1.96196392 -99.72273102947116
1.96696893 -100.28943910946197
1.97197394 -100.85813898736488
1.97697895 -101.42873612274263
1.98198396 -102.0011369379725
1.98698897 -102.57524884012174
1.99199398 -103.15098023943558
1.9969989899999996 -103.72824056439173
2.0020040000000003 -104.3069402735424
2.00700901 -104.88699086424316
2.01201402 -105.4683048784287
2.01701903 -106.05079590545412
2.02202404 -106.63437858238058
2.02702905 -107.21896859160653
2.03203406 -107.80448265628269
2.03703907 -108.39083853329927
2.04204408 -108.97795500447826
2.04704909 -109.56575186568708
2.0520541000000003 -110.15414991443664
2.05705911 -110.74307093582227
2.06206412 -111.33243768709748
2.06706913 -111.92217388128432
2.07207414 -112.51220416953824
2.0770791500000003 -113.102454122834
2.08208416 -113.69285021292684
2.08708917 -114.28331979287604
2.09209418 -114.87379107725216
2.09709919 -115.4641931221285
2.1021042000000003 -116.05445580510847
2.10710921 -116.64450980558964
2.11211422 -117.23428658512604
2.11711923 -117.82371836851917
2.12212424 -118.41273812522697
2.12712925 -119.001279551725
2.13213426 -119.58927705450166
2.13713927 -120.17666573417851
2.14214428 -120.76338137067506
2.1471492900000007 -121.34936040944608
2.1521543 -121.93453994915023
2.15715931 -122.51885773057258
2.16216432 -123.10225212708455
2.16716933 -123.68466213648
2.17217434 -124.26602737456268
2.17717935 -124.84628807024733
2.18218436 -125.42538506243415
2.18718937 -126.00325979848859
2.19219438 -126.57985433460756
2.1971993899999993 -127.15511133789217
2.2022044 -127.72897409016186
2.2072094100000004 -128.3013864936495
2.2122144199999996 -128.87229307844385
2.21721943 -129.44163901164362
2.22222444 -130.0093701083483
2.22722945 -130.57543284436267
2.23223446 -131.13977437048075
2.2372394699999996 -131.70234252859888
2.24224448 -132.26308586917511
2.24724949 -132.8219536704339
2.2522545 -133.37889595893836
2.2572595100000004 -133.93386353149333
2.2622645199999996 -134.4868079785382
2.2672695300000005 -135.03768166297667
2.27227454 -135.58643792814416
2.27727955 -136.13303085112645
2.28228456 -136.67741545263377
2.2872895699999996 -137.21954767993913
2.29229458 -137.7593844360622
2.297299589999999 -138.29688360967623
2.3023046 -138.83200410544535
2.3073096100000003 -139.36470587474315
2.31231462 -139.89494994681206
2.31731963 -140.4226984598833
2.32232464 -140.94791469249233
2.32732965 -141.47056309466183
2.33233466 -141.99060931893237
2.3373396700000004 -142.50802025099267
2.34234468 -143.0227640400718
2.34734969 -143.53481012855636
2.3523547 -144.0441292811969
2.35735971 -144.55069361331667
2.36236472 -145.05447661831508
2.36736973 -145.55545319417013
2.37237474 -146.0535996687422
2.37737975 -146.54889382407828
2.38238476 -147.04131491930244
2.3873897700000004 -147.5308437121876
2.39239478 -148.01746247934128
2.39739979 -148.5011550347477
2.4024048 -148.98190674682598
2.40740981 -149.45970455376005
2.41241482 -149.9345369771046
2.41741983 -150.40639413360773
2.42242484 -150.875267745182
2.42742985 -151.34115114702345
2.43243486 -151.8040392937515
2.43743987 -152.26392876364733
2.44244488 -152.7208177608607
2.44744989 -153.1747061156492
2.4524549 -153.62559528256247
2.45745991 -154.0734883366107
2.46246492 -154.51838996742725
2.4674699300000005 -154.96030647134864
2.47247494 -155.3992457415232
2.47747995 -155.83521725601807
2.48248496 -156.2682320638688
2.4874899699999995 -156.69830276927897
2.49249498 -157.12544351381513
2.49749999 -157.54966995673172
2.502505 -157.97099925347229
2.50751001 -158.38945003232544
2.51251502 -158.80504236933385
2.517520030000001 -159.2177977615447
2.52252504 -159.62773909856458
2.52753005 -160.03489063255105
2.53253506 -160.43927794667968
2.53754007 -160.84092792221648
2.54254508 -161.2398687041078
2.54755009 -161.6361296653249
2.5525551 -162.02974137000675
2.55756011 -162.42073553538134
2.5625651200000004 -162.8091449926328
2.5675701299999996 -163.19500364679777
2.57257514 -163.5783464357237
2.57758015 -163.95920928818043
2.58258516 -164.33762908123674
2.5875901699999995 -164.71364359698833
2.59259518 -165.08729147866717
2.59760019 -165.45861218623634
2.6026052 -165.8276459516277
2.60761021 -166.19443373357947
2.6126152199999995 -166.5590171722194
2.617620229999999 -166.92143854354796
2.62262524 -167.28174071368153
2.62763025 -167.63996709321353
2.63263526 -167.99616159155295
2.63764027 -168.3503685714178
2.6426452800000004 -168.7026328035
2.6476502900000005 -169.05299942143213
2.6526553 -169.4015138770768
2.65766031 -169.74822189621204
2.66266532 -170.09316943470023
2.6676703299999995 -170.43640263518887
2.67267534 -170.7779677843353
2.67768035 -171.11791127075395
2.68268536 -171.45627954361495
2.6876903700000003 -171.79311907196535
2.69269538 -172.12847630486405
2.69770039 -172.46239763236068
2.7027054 -172.7949293473014
2.707710410000001 -173.12611760808494
2.71271542 -173.45600840236037
2.717720430000001 -173.78464751166197
2.72272544 -174.1120804771149
2.72773045 -174.438352566118
2.73273546 -174.76350874011212
2.73774047 -175.0875936234116
2.74274548 -175.4106514731328
2.74775049 -175.73272615023265
2.7527555 -176.05386109169393
2.757760510000001 -176.37409928377477
2.76276552 -176.69348323647532
2.7677705300000004 -177.0120549591009
2.77277554 -177.32985593696463
2.77778055 -177.64692710928725
2.78278556 -177.96330884818113
2.7877905699999994 -178.27904093881295
2.792795580000001 -178.59416256066763
2.79780059 -178.90871226999104
2.8028056 -179.2227279832693
2.80781061 -179.536246961894
2.81281562 -179.8493057978586
2.81782063 179.83805959943345
2.82282564 179.5258140153414
2.82783065 179.2139229410676
2.83283566 178.90235258374602
2.83784067 178.59106987553733
2.8428456800000004 178.2800424817109
2.8478506900000005 177.96923880778252
2.8528557 177.65862800573535
2.85786071 177.3481799792717
2.86286572 177.0378653882493
2.8678707299999995 176.72765565217813
2.8728757399999996 176.4175229529297
2.8778807500000005 176.10744023662292
2.88288576 175.79738121469285
2.88789077 175.48732036423337
2.89289578 175.17723292758797
2.8979007900000004 174.8670949112137
2.9029058 174.55688308390543
2.90791081 174.2465749743382
2.9129158199999994 173.93614886796405
2.91792083 173.6255838033358
2.92292584 173.31485956784687
2.92793085 173.00395669289665
2.93293586 172.69285644857385
2.93794087 172.3815408377938
2.9429458800000003 172.06999258999443
2.9479508899999995 171.75819515436044
2.9529559 171.44613269264795
2.957960910000001 171.133790071571
2.96296592 170.82115285484653
2.9679709300000003 170.508207294847
2.97297594 170.19494032395798
2.97798095 169.88133954559737
2.98298596 169.5673932249341
2.9879909699999994 169.25309027938832
2.99299598 168.93842026882487
2.998000989999999 168.6233733855262
3.003006 168.30794044401617
3.00801101 167.99211287058645
3.01301602 167.67588269275512
3.01802103 167.35924252846897
3.02302604 167.04218557525388
3.02803105 166.72470559916354
3.0330360600000006 166.4067969236959
3.03804107 166.08845441852827
3.0430460800000003 165.76967348824715
3.0480510900000004 165.4504500609685
3.0530561 165.13078057693124
3.05806111 164.81066197699732
3.06306612 164.49009169120637
3.0680711300000003 164.16906762724187
3.0730761399999995 163.84758815892616
3.07808115 163.5256521146974
3.08308616 163.20325876613032
3.0880911699999993 162.88040781645037
3.09309618 162.55709938910465
3.0981011900000004 162.23333401635549
3.1031062 161.90911262792807
3.10811121 161.58443653973626
3.11311622 161.25930744264411
3.1181212300000007 160.9337273913
3.12312624 160.6076987930928
3.12813125 160.28122439712783
3.13313626 159.9543072833312
3.13814127 159.62695085165296
3.14314628 159.29915881136745
3.1481512900000004 158.97093517045397
3.1531563 158.64228422511027
3.15816131 158.31321054938553
3.16316632 157.98371898492016
3.16817133 157.65381463080894
3.1731763399999995 157.32350283359196
3.17818135 156.99278917735887
3.183186360000001 156.66167947400973
3.1881913699999993 156.33017975364177
3.19319638 155.998296255054
3.19820139 155.66603541640865
3.2032064000000005 155.33340386603035
3.20821141 155.00040841333865
3.21321642 154.667056039935
3.218221430000001 154.33335389084408
3.22322644 153.99930926584767
3.22823145 153.66492961104677
3.23323646 153.3302225105215
3.23824147 152.99519567812587
3.24324648 152.65985694949637
3.24825149 152.32421427413618
3.2532565000000004 151.98827570771044
3.2582615100000005 151.65204940445693
3.263266520000001 151.31554360975767
3.268271530000001 150.97876665287265
3.27327654 150.641726939808
3.27828155 150.30443294635003
3.2832865600000005 149.96689321123873
3.28829157 149.6291163295003
3.29329658 149.29111094593452
3.29830159 148.95288574872987
3.3033066000000004 148.61444946325295
3.30831161 148.27581084597364
3.31331662 147.93697867855352
3.31832163 147.59796176204392
3.3233266400000003 147.2587689113012
3.32833165 146.91940894944764
3.33333666 146.57989070256937
3.3383416700000006 146.24022299451127
3.343346680000001 145.900414641835
3.3483516900000003 145.56047444888696
3.3533567000000004 145.22041120304235
3.35836171 144.88023367007713
3.3633667200000006 144.53995058967354
3.36837173 144.19957067104292
3.37337674 143.85910258874043
3.37838175 143.51855497855416
3.3833867600000005 143.17793643354952
3.3883917700000006 142.83725550027512
3.39339678 142.49652067503692
3.39840179 142.15574040035227
3.4034068 141.81492306150727
3.40841181 141.47407698324668
3.41341682 141.13321042659555
3.4184218299999984 140.7923315857816
3.4234268400000003 140.45144858527843
3.42843185 140.11056947700493
3.4334368600000005 139.76970223762453
3.4384418700000006 139.4288547659141
3.44344688 139.08803488031273
3.44845189 138.74725031655376
3.4534569 138.40650872540317
3.4584619099999996 138.0658176705166
3.4634669200000006 137.7251846264038
3.46847193 137.38461697648484
3.47347694 137.04412201126792
3.47848195 136.70370692663093
3.4834869599999996 136.36337882217265
3.4884919700000006 136.02314469969636
3.49349698 135.68301146178544
3.49850199 135.34298591044487
3.5035070000000004 135.00307474587916
3.5085120099999996 134.66328461087673
3.5135170200000005 134.3236219075524
3.518522030000001 133.98409306966008
3.52352704 133.6447043795305
3.52853205 133.30546201277895
3.5335370599999996 132.96637203761745
3.5385420700000005 132.6274404141944
3.54354708 132.28867299403072
3.54855209 131.95007551954637
3.5535571000000004 131.61165362363425
3.5585621100000004 131.2734128293357
3.56356712 130.9353585495722
3.56857213 130.5974960869508
3.57357714 130.2598306336394
3.57858215 129.92236727129753
3.5835871600000004 129.58511097110093
3.5885921700000005 129.24806659380252
3.59359718 128.9112388898534
3.59860219 128.57463249959892
3.6036072 128.2382519535458
3.60861221 127.90210167264301
3.61361722 127.56618596866385
3.61862223 127.23050904461016
3.62362724 126.89507499517588
3.62863225 126.55988780727569
3.63363726 126.22495136060658
3.638642270000001 125.89026942826835
3.643647280000001 125.55584567741576
3.64865229 125.22168366996726
3.6536573 124.88778686333853
3.658662310000001 124.554158611264
3.663667320000001 124.22080216460478
3.66867233 123.88772067220596
3.67367734 123.55491718181928
3.67868235 123.22239464105687
3.68368736 122.890155898336
3.68869237 122.55820370390347
3.69369738 122.22654071087764
3.69870239 121.895169476335
3.7037074 121.56409246238492
3.70871241 121.23331203730996
3.71371742 120.90283047673486
3.7187224299999992 120.57264996479456
3.72372744 120.24277259535297
3.72873245 119.91320037322411
3.733737459999999 119.58393521544043
3.73874247 119.25497895250275
3.74374748 118.92633332971015
3.74875249 118.5980000084512
3.7537575 118.2699805675361
3.75876251 117.94227650456652
3.76376752 117.61488923727984
3.76877253 117.28782010494798
3.77377754 116.96107036975896
3.77878255 116.63464121824074
3.78378756 116.30853376268496
3.78879257 115.98274904255116
3.79379758 115.65728802594764
3.798802589999999 115.33215161107928
3.8038076 115.00734062767997
3.808812610000001 114.68285583853346
3.81381762 114.35869794090928
3.81882263 114.03486756807087
3.82382764 113.71136529075858
3.82883265 113.3881916187018
3.83383766 113.06534700210402
3.83884267 112.74283183315708
3.843847680000001 112.42064644753412
3.84885269 112.09879112594028
3.8538577 111.7772660955716
3.85886271 111.45607153166712
3.86386772 111.13520755901862
3.86887273 110.81467425346314
3.87387774 110.49447164342779
3.87888275 110.17459971141376
3.88388776 109.85505839552881
3.888892770000001 109.53584759096933
3.893897780000001 109.2169671515651
3.89890279 108.89841689121612
3.9039078 108.58019658547302
3.90891281 108.26230597295458
3.91391782 107.9447447568748
3.91892283 107.6275126065104
3.92392784 107.31060915868267
3.92893285 106.994034019214
3.93393786 106.67778676439754
3.93894287 106.36186694245217
3.94394788 106.04627407494712
3.94895289 105.73100765827074
3.9539579 105.41606716501006
3.958962910000001 105.10145204541725
3.96396792 104.78716172877236
3.968972929999999 104.47319562481064
3.97397794 104.1595531250622
3.978982950000001 103.84623360427732
3.98398796 103.53323642174519
3.98899297 103.22056092264448
3.993997979999999 102.90820643938216
3.99900299 102.59617229292036
4.004008000000001 102.28445779404377
4.00901301 101.97306224469212
4.01401802 101.66198493918805
4.01902303 101.35122516552595
4.02402804 101.04078220658448
4.02903305 100.73065534137196
4.03403806 100.42084384619277
4.039043070000001 100.11134699586708
4.04404808 99.80216406486097
4.049053089999999 99.49329432846704
4.0540581 99.1847370638838
4.059063110000001 98.87649155134912
4.06406812 98.56855707519738
4.06907313 98.26093292492634
4.074078139999999 97.95361839622257
4.079083150000001 97.6466127919795
4.08408816 97.33991542324576
4.08909317 97.0335256102262
4.09409818 96.72744268317341
4.099103189999999 96.42166598330073
4.104108200000001 96.11619486364755
4.10911321 95.8110286899336
4.11411822 95.50616684135898
4.119123229999999 95.201608711366
4.12412824 94.89735370842169
4.129133250000001 94.59340125670154
4.13413826 94.28975079676778
4.139143270000001 93.98640178622664
4.14414828 93.68335370031456
4.14915329 93.38060603246234
4.154158300000001 93.07815829485294
4.15916331 92.77601001884477
4.16416832 92.47416075548242
4.16917333 92.17261007584855
4.17417834 91.87135757143037
4.179183350000001 91.57040285443306
4.18418836 91.26974555804196
4.18919337 90.96938533662367
4.19419838 90.66932186589672
4.199203389999999 90.36955484302693
4.204208400000001 90.07008398670246
4.20921341 89.77090894600968
4.21421842 89.47202966477346
4.21922343 89.17344583487879
4.224228439999999 88.87515726045012
4.229233450000001 88.57716376653579
4.23423846 88.27946519879772
4.23924347 87.98206142312716
4.24424848 87.68495232523091
4.249253490000001 87.38813781010249
4.2542585 87.09161780146515
4.259263509999999 86.79539224108399
4.26426852 86.49946108807112
4.26927353 86.20382431805142
4.27427854 85.90848192228057
4.279283550000001 85.61343390669118
4.28428856 85.31868029080346
4.28929357 85.0242211066103
4.294298580000001 84.73005639733434
4.299303590000001 84.43618621611145
4.3043086 84.14261062454858
4.30931361 83.8493296912504
4.31431862 83.55634349016806
4.319323630000001 83.26365209891394
4.32432864 82.97125559692752
4.329333650000001 82.67915406356471
4.33433866 82.38734757605324
4.33934367 82.09583620737605
4.34434868 81.80462002398664
4.349353689999999 81.51369908346946
4.3543587 81.22307343203427
4.359363709999999 80.93274310190769
4.36436872 80.64270810862229
4.36937373 80.35296844813563
4.37437874 80.06352409386831
4.379383750000001 79.77437499359475
4.38438876 79.48552106617673
4.38939377 79.19696219821121
4.394398779999999 78.9086982405048
4.39940379 78.62072900442239
4.404408800000001 78.3330542581018
4.409413809999999 78.04567372251255
4.414418820000001 77.7585870673765
4.419423830000001 77.47179390696243
4.424428839999999 77.18529379568953
4.42943385 76.89908622361759
4.43443886 76.613170611779
4.43944387 76.32754630735943
4.44444888 76.0422125787007
4.449453889999999 75.75716861019487
4.4544589 75.4724134969898
4.459463910000001 75.18794623954363
4.46446892 74.90376573802398
4.46947393 74.61987078657624
4.474478939999999 74.33626006738159
4.4794839500000005 74.0529321446026
4.48448896 73.76988545816705
4.48949397 73.48711831736149
4.49449898 73.20462889432072
4.49950399 72.9224152173189
4.5045090000000005 72.6404751639165
4.509514009999999 72.3588064539921
4.514519020000001 72.07740664255347
4.5195240299999995 71.79627311246624
4.524529039999999 71.51540306699836
4.5295340500000005 71.2347935222352
4.534539060000001 70.95444129934606
4.53954407 70.67434301672185
4.54454908 70.39449508196282
4.549554089999999 70.11489368375406
4.5545591000000005 69.83553478358922
4.55956411 69.55641410740903
4.56456912 69.27752713707865
4.56957413 68.99886910178164
4.574579139999999 68.72043496929716
4.5795841500000005 68.44221943717497
4.58458916 68.16421692380226
4.58959417 67.88642155941693
4.5945991799999994 67.60882717698107
4.59960419 67.33142730303294
4.6046092000000005 67.05421514842729
4.609614209999999 66.77718359904073
4.614619220000001 66.50032520639876
4.61962423 66.22363217827909
4.62462924 65.9470963692544
4.629634250000001 65.67070927119717
4.63463926 65.39446200380716
4.63964427 65.11834530505517
4.64464928 64.84234952166253
4.64965429 64.56646459957851
4.654659300000001 64.29068007444762
4.65966431 64.01498506210129
4.66466932 63.73936824907748
4.66967433 63.46381788316714
4.674679340000001 63.188321763992406
4.67968435 62.91286723364476
4.68468936 62.63744116734932
4.68969437 62.36202996423465
4.69469938 62.08661953807634
4.69970439 61.81119530821948
4.7047094 61.53574219047117
4.709714409999999 61.26024458812466
4.71471942 60.98468638304535
4.71972443 60.70905092680034
4.72472944 60.43332103191453
4.72973445 60.157478963151135
4.734739459999999 59.88150642888924
4.739744470000001 59.60538457254248
4.74474948 59.3290939640444
4.74975449 59.05261459136154
4.7547595 58.775925852093856
4.75976451 58.4990065449945
4.76476952 58.221834861599035
4.76977453 57.94438837776157
4.774779540000001 57.66664404519861
4.77978455 57.38857818292369
4.78478956 57.110166468648515
4.78979457 56.83138392999794
4.79479958 56.552204935609694
4.79980459 56.27260318601092
4.8048096 55.99255170426561
4.809814609999999 55.71202282629813
4.81481962 55.430988190932105
4.81982463 55.149418729460095
4.82482964 54.86728465479543
4.82983465 54.584555450081126
4.834839659999999 54.301199856689905
4.839844670000001 54.017185861542806
4.84484968 53.73248068367842
4.849854689999999 53.44705075995341
4.8548597 53.16086172981217
4.85986471 52.87387841900736
4.86486972 52.58606482216384
4.869874729999999 52.29738408409533
4.87487974 52.007798479780206
4.87988475 51.71726939280484
4.88488976 51.425757292243105
4.889894770000001 51.13322170781418
4.894899779999999 50.839621203192046
4.899904789999999 50.544913347401895
4.9049098 50.24905468409807
4.90991481 49.952000698754766
4.91491982 49.653705783576655
4.91992483 49.3541232001097
4.92492984 49.05320503951308
4.92993485 48.75090218048554
4.934939860000001 48.447164244881066
4.939944870000001 48.14193955112552
4.94494988 47.83517506559837
4.949954889999999 47.52681635230493
4.9549599 47.21680752116226
4.959964910000001 46.90509117551725
4.96496992 46.591608359640624
4.969974929999999 46.276298507195854
4.974979939999999 45.95909939198576
4.97998495 45.639947082710314
4.98498996 45.31877590392967
4.9899949700000015 44.995518451540754
4.994999979999999 44.67010539317324
5.0 44.34279353105577
