Frequency(GHz) s31_phase
0.0 0.0
0.00500501 -0.5767506201402434
0.01001002 -1.1104878862461884
0.01501503 -1.652541553429762
0.020020040000000003 -2.194524556679864
0.02502505 -2.7370911219587857
0.03003006 -3.278350805575965
0.03503507000000001 -3.818438639465308
0.040040080000000006 -4.357446356513768
0.04504509000000001 -4.895439926585182
0.0500501 -5.432468620690364
0.05505511 -5.9685699954873215
0.06006012 -6.503772807619238
0.06506513000000001 -7.03809882098266
0.07007014000000002 -7.571564034161285
0.07507514999999998 -8.10417958235405
0.08008016000000001 -8.635952447696706
0.08508516999999999 -9.166886055625195
0.09009018 -9.696980789793635
0.09509519000000001 -10.226234439424555
0.1001002 -10.75464259609618
0.10510521 -11.282199000673709
0.11011022 -11.808895848012671
0.11511523 -12.334724052572083
0.12012024 -12.85967347830109
0.12512525 -13.383733139162226
0.13013026 -13.906891371090792
0.13513527 -14.429135979585128
0.14014028 -14.950454370099765
0.14514529 -15.47083365601916
0.1501503 -15.990260754231636
0.15515531 -16.508722468058643
0.16016032000000002 -17.026205556078953
0.16516533000000003 -17.542696795082
0.17017034 -18.05818303132178
0.17517535 -18.572651227547986
0.18018036 -19.086088502339344
0.18518537 -19.598482165416804
0.19019038 -20.10981974701915
0.19519539 -20.62008902492018
0.20020040000000003 -21.129278048203552
0.20520541000000003 -21.637375155933128
0.21021042000000004 -22.144368996386294
0.21521543 -22.65024854168549
0.22022044 -23.155003101490006
0.22522545 -23.65862233518517
0.23023046 -24.161096261570034
0.23523547 -24.6624152682941
0.24024048 -25.16257011925444
0.24524549 -25.66155196120601
0.2502505 -26.15935232969383
0.25525551 -26.655963153149973
0.26026052 -27.15137675706745
0.26526553 -27.64558586723328
0.27027054 -28.138583612053793
0.27527555 -28.630363524196625
0.28028056 -29.120919541928057
0.28528557 -29.61024600970435
0.29029058 -30.098337678576513
0.29529559 -30.58518970544484
0.3003006 -31.07079765279335
0.30530561 -31.55515748714344
0.31031062 -32.03826557803052
0.31531563 -32.52011869559853
0.32032064000000005 -33.00071400904661
0.3253256500000001 -33.4800490832411
0.33033066000000005 -33.95812187730709
0.3353356700000001 -34.43493074033329
0.34034068 -34.91047440877214
0.34534569 -35.384752002938
0.35035070000000007 -35.857763023001034
0.35535571000000005 -36.32950734535704
0.36036072 -36.79998521872609
0.36536573 -37.269197259359366
0.37037074 -37.73714444720924
0.37537575 -38.20382812125482
0.38038076 -38.66924997464108
0.38538577 -39.13341205021181
0.39039078 -39.59631673550222
0.39539579 -40.05796675762963
0.40040080000000006 -40.51836517873929
0.40540581 -40.977515390268614
0.41041082000000007 -41.43542110818159
0.41541583000000004 -41.89208636767113
0.4204208400000001 -42.34751551774527
0.42542585 -42.801713216110066
0.43043086 -43.2546844237275
0.43543587 -43.70643439930858
0.44044088000000003 -44.15696869418951
0.44544589 -44.60629314684275
0.45045090000000004 -45.05441383186356
0.4554559100000001 -45.50133723688473
0.46046092000000005 -45.94706998385456
0.4654659300000001 -46.39161900590157
0.47047094 -46.83499149657985
0.47547595 -47.27719490427666
0.48048096 -47.718236927234
0.48548597 -48.158125508116285
0.49049098 -48.59686882907388
0.49549599 -49.034475306254016
0.500501 -49.47095358495809
0.50550601 -49.90631253473589
0.51051102 -50.34056124387672
0.51551603 -50.77370901515578
0.52052104 -51.20576536046542
0.52552605 -51.63673999629149
0.53053106 -52.06664283896925
0.53553607 -52.49548399988999
0.54054108 -52.92327378125522
0.54554609 -53.35002267115627
0.5505511 -53.77574133943639
0.55555611 -54.200440633372345
0.56056112 -54.624131573240355
0.5655661299999999 -55.046825348244795
0.57057114 -55.46853331258201
0.5755761500000001 -55.889266981048735
0.58058116 -56.30903802553673
0.58558617 -56.72785827097554
0.59059118 -57.14573969165388
0.59559619 -57.56269440754597
0.6006012 -57.97873468073535
0.60560621 -58.39387291202192
0.61061122 -58.80812163736573
0.61561623 -59.221493524866894
0.62062124 -59.63400137124432
0.62562625 -60.04565809899055
0.63063126 -60.45647675311791
0.63563627 -60.86647049833801
0.6406412800000001 -61.27565261625861
0.64564629 -61.68403650251433
0.6506513000000002 -62.09163566418141
0.65565631 -62.49846371706861
0.6606613200000001 -62.90453438343433
0.66566633 -63.30986148931143
0.6706713400000002 -63.71445896238348
0.67567635 -64.11834082964937
0.68068136 -64.52152121538033
0.68568637 -64.92401433881659
0.69069138 -65.3258345124085
0.69569639 -65.72699613984396
0.7007014000000001 -66.12751371406993
0.70570641 -66.52740181587293
0.7107114200000001 -66.9266751118369
0.71571643 -67.32534835297116
0.72072144 -67.72343637317344
0.7257264499999999 -68.12095408774891
0.7307314599999999 -68.51791649213568
0.73573647 -68.91433866037325
0.74074148 -69.31023574420787
0.74574649 -69.70562297170576
0.7507514999999999 -70.10051564628021
0.7557565099999999 -70.49492914562288
0.76076152 -70.88887892084789
0.76576653 -71.28238049552263
0.77077154 -71.67544946489335
0.7757765499999999 -72.06810149513855
0.7807815599999999 -72.46035232264566
0.7857865699999999 -72.85221775348454
0.7907915799999998 -73.24371366264992
0.7957965900000001 -73.63485599380039
0.8008016000000001 -74.02566075857229
0.8058066099999999 -74.41614403633353
0.8108116199999998 -74.80632197377345
0.8158166300000002 -75.19621078463057
0.8208216400000001 -75.58582674941523
0.8258266500000001 -75.97518621529514
0.8308316600000001 -76.36430559584328
0.8358366700000002 -76.75320137105798
0.8408416800000001 -77.14189008723683
0.8458466900000001 -77.53038835692729
0.8508516999999999 -77.91871285910875
0.8558567100000001 -78.30688033908646
0.8608617199999998 -78.69490760874552
0.8658667300000001 -79.08281154663214
0.8708717399999999 -79.47060909814367
0.8758767500000001 -79.8583172757476
0.8808817600000001 -80.2459531592898
0.8858867699999999 -80.63353389617964
0.8908917799999999 -81.02107670179107
0.8958967900000001 -81.40859885976097
0.9009018 -81.79611772234394
0.90590681 -82.18365071086323
0.91091182 -82.571215316042
0.91591683 -82.95882909847836
0.92092184 -83.3465096891088
0.92592685 -83.73427478967358
0.93093186 -84.12214217316945
0.93593687 -84.5101296843724
0.9409418800000001 -84.89825524034022
0.94594689 -85.28653683089492
0.9509519000000001 -85.67499251923283
0.95595691 -86.06364044234226
0.9609619200000001 -86.45249881160291
0.96596693 -86.84158591331229
0.97097194 -87.23092010917264
0.97597695 -87.62051983682173
0.98098196 -88.0104036103696
0.98598697 -88.40059002093533
0.99099198 -88.79109773704165
0.99599699 -89.18194550514959
1.001002 -89.57315215014961
1.00600701 -89.96473657575368
1.01101202 -90.35671785600579
1.01601703 -90.74911487132296
1.02102204 -91.14194685536992
1.02602705 -91.53523303107794
1.03103206 -91.92899270197064
1.0360370699999997 -92.32324525243097
1.04104208 -92.71801014794161
1.04604709 -93.11330693516393
1.0510521 -93.50915524215566
1.0560571099999998 -93.90557477834629
1.0610621199999997 -94.30258533456626
1.06606713 -94.70020678299338
1.07107214 -95.09845907701059
1.07607715 -95.49736225098614
1.08108216 -95.8969364200506
1.08608717 -96.29720177965848
1.09109218 -96.69817860528912
1.09609719 -97.09988725173615
1.1011022 -97.50234815263283
1.1061072099999996 -97.90558181964762
1.11111222 -98.30960884171799
1.11611723 -98.71444988403091
1.12112224 -99.1201256870605
1.12612725 -99.52665706532538
1.1311322599999996 -99.9340649060986
1.13613727 -100.3423701680121
1.14114228 -100.751593879428
1.14614729 -101.16175713670253
1.1511523 -101.57288110237305
1.15615731 -101.98498700307864
1.16116232 -102.39809612729069
1.16616733 -102.81222982308886
1.17117234 -103.22740949539651
1.17617735 -103.64365660341444
1.18118236 -104.06099265749543
1.18618737 -104.47943921614156
1.19119238 -104.89901788249747
1.19619739 -105.31975030084166
1.2012024 -105.74165815270038
1.20620741 -106.16476315280995
1.21121242 -106.5890870448192
1.21621743 -107.01465159667642
1.22122244 -107.44147859578504
1.2262274499999997 -107.86958984387871
1.23123246 -108.29900715170656
1.23623747 -108.72975233315812
1.24124248 -109.16184719944994
1.24624749 -109.59531355266164
1.2512525 -110.03017317911063
1.25625751 -110.46644784247444
1.26126252 -110.90415927631318
1.26626753 -111.34332917645206
1.27127254 -111.78397919297372
1.27627755 -112.22613092171068
1.28128256 -112.66980589546212
1.28628757 -113.1150255748304
1.29129258 -113.56181133849172
1.29629759 -114.01018447328232
1.3013026 -114.46016616366154
1.3063076099999995 -114.91177748083987
1.31131262 -115.36503937144506
1.31631763 -115.81997264570498
1.3213226400000002 -116.27659796518064
1.3263276499999999 -116.73493583004505
1.33133266 -117.19500656590196
1.3363376699999998 -117.6568303100034
1.34134268 -118.12042699713524
1.34634769 -118.58581634484275
1.3513527 -119.05301783830006
1.35635771 -119.52205071450553
1.36136272 -119.99293394612896
1.3663677299999997 -120.46568622464424
1.37137274 -120.94032594313096
1.37637775 -121.41687117841929
1.38138276 -121.8953396727802
1.38638777 -122.37574881498492
1.3913927799999997 -122.85811562100047
1.3963977900000004 -123.34245671395922
1.4014028 -123.82878830384692
1.40640781 -124.31712616647349
1.41141282 -124.80748562198518
1.4164178299999997 -125.29988151298392
1.42142284 -125.79432818203468
1.42642785 -126.29083944876736
1.43143286 -126.78942858647883
1.4364378699999996 -127.29010829834432
1.44144288 -127.79289069314171
1.44644789 -128.29778726061528
1.4514529 -128.8048088465008
1.4564579099999995 -129.31396562702577
1.46146292 -129.82526708335246
1.4664679299999999 -130.3387219754938
1.47147294 -130.85433831608225
1.47647795 -131.372123343926
1.48148296 -131.89208349732712
1.48648797 -132.41422438729316
1.49149298 -132.93855077070148
1.49649799 -133.46506652334347
1.501503 -133.99377461302385
1.50650801 -134.52467707273465
1.51151302 -135.057774928411
1.5165180300000003 -135.59306835456022
1.52152304 -136.13055637481548
1.52652805 -136.67023701806255
1.53153306 -137.2121072474823
1.5365380699999995 -137.75616293546793
1.54154308 -138.30239883906043
1.54654809 -138.8508085761981
1.5515531 -139.4013846025165
1.5565581099999997 -139.95411818907095
1.56156312 -140.5089994008844
1.5665681299999998 -141.0660170765736
1.57157314 -141.62515880901591
1.57657815 -142.18641092723678
1.5815831599999997 -142.74975847954494
1.5865881699999995 -143.31518521815843
1.5915931800000005 -143.8826735852396
1.59659819 -144.4522047005228
1.6016032000000002 -145.02375835079815
1.6066082099999999 -145.59731298103185
1.61161322 -146.17284568746433
1.6166182299999998 -146.75033221278284
1.62162324 -147.32974694340692
1.6266282500000002 -147.911062908882
1.6316332600000005 -148.49425178382054
1.63663827 -149.07928389204952
1.6416432800000003 -149.66612821336733
1.64664829 -150.2547523929613
1.6516533000000002 -150.84512275341547
1.6566583099999999 -151.4372043095601
1.66166332 -152.03096078608016
1.6666683299999998 -152.62635463820706
1.6716733400000006 -153.2233470751898
1.6766783500000002 -153.82189808684717
1.6816833600000003 -154.42196647335595
1.68668837 -155.02350987788597
1.6916933800000002 -155.6264848225815
1.6966983899999997 -156.2308467476049
1.7017034 -156.8365500533278
1.7067084099999998 -157.4435481457633
1.71171342 -158.05179348505015
1.7167184300000002 -158.66123763709734
1.7217234399999997 -159.27183132834483
1.72672845 -159.88352450345695
1.7317334600000003 -160.49626638600648
1.73673847 -161.11000554213865
1.7417434799999996 -161.72468994692068
1.7467484899999997 -162.34026705337124
1.7517535 -162.9566838641242
1.7567585100000003 -163.573887005585
1.76176352 -164.1918228041824
1.7667685299999996 -164.81043736502232
1.7717735399999999 -165.42967665230591
1.77677855 -166.04948657164977
1.7817835599999998 -166.66981305402166
1.78678857 -167.29060214092493
1.7917935800000002 -167.91180007107508
1.7967985899999999 -168.5333533675881
1.8018036 -169.1552089263485
1.80680861 -169.77731410453862
1.81181362 -170.39961680960425
1.81681863 -171.02206558804875
1.8218236400000005 -171.64460971406518
1.82682865 -172.2671992775064
1.83183366 -172.8897852712477
1.83683867 -173.51231967713125
1.84184368 -174.1347555508956
1.84684869 -174.75704710525807
1.8518537 -175.37914979116735
1.85685871 -176.0010203768705
1.86186372 -176.62261702456655
1.8668687299999995 -177.2438993643524
1.87187374 -177.86482856522838
1.87687875 -178.48536740289185
1.88188376 -179.10548032415235
1.88688877 -179.72513350763327
1.89189378 179.65570507942473
1.89689879 179.03706562829316
1.9019038 178.41897644032437
1.90690881 177.80146388291686
1.91191382 177.18455235003088
1.91691883 176.56826422756757
1.92192384 175.95261986357406
1.92692885 175.33763754351077
1.93193386 174.72333347054837
1.93693887 174.10972175123152
1.94194388 173.49681438615872
1.94694889 172.88462126623793
1.9519539 172.2731501740124
1.95695891 171.66240679049747
1.96196392 171.05239470732573
1.96696893 170.4431154441331
1.97197394 169.83456847118953
1.97697895 169.2267512373203
1.98198396 168.61965920278453
1.98698897 168.0132858772789
1.99199398 167.40762286271746
1.9969989899999996 166.8026599008251
2.0020040000000003 166.19838492529735
2.00700901 165.5947841183602
2.01201402 164.9918419715609
2.01701903 164.3895413506903
2.02202404 163.78786356439937
2.02702905 163.18678843656335
2.03203406 162.58629438185056
2.03703907 161.98635848464886
2.04204408 161.38695658062798
2.04704909 160.78806334112315
2.0520541000000003 160.18965235967664
2.05705911 159.5916962408002
2.06206412 158.99416669053085
2.06706913 158.39703460829097
2.07207414 157.80027018020854
2.0770791500000003 157.20384297321976
2.08208416 156.60772202988645
2.08708917 156.01187596350093
2.09209418 155.41627305326404
2.09709919 154.82088133928875
2.1021042000000003 154.22566871707764
2.10710921 153.63060303112195
2.11211422 153.0356521676668
2.11711923 152.4407841458878
2.12212424 151.84596720774675
2.12712925 151.2511699058175
2.13213426 150.65636118924763
2.13713927 150.0615104872849
2.14214428 149.4665877903268
2.1471492900000007 148.87156372836893
2.1521543 148.27640964640204
2.15715931 147.6810976768259
2.16216432 147.08560080853331
2.16716933 146.48989295272537
2.17217434 145.89394900501082
2.17717935 145.29774490396557
2.18218436 144.70125768581892
2.18718937 144.104465535378
2.19219438 143.50734783285924
2.1971993899999993 142.9098851967655
2.2022044 142.31205952273052
2.2072094100000004 141.71385401814393
2.2122144199999996 141.11525323269203
2.21721943 140.51624308481104
2.22222444 139.91681088390277
2.22722945 139.31694534845633
2.23223446 138.7166366201706
2.2372394699999996 138.11587627386004
2.24224448 137.51465732361754
2.24724949 136.91297422484243
2.2522545 136.31082287254424
2.2572595100000004 135.70820059597037
2.2622645199999996 135.10510614941393
2.2672695300000005 134.50153974530724
2.27227454 133.89750285590532
2.27727955 133.29299846741236
2.28228456 132.6880308753508
2.2872895699999996 132.08260570473217
2.29229458 131.47672988188825
2.297299589999999 130.8704116035174
2.3023046 130.2636603032983
2.3073096100000003 129.65648661617777
2.31231462 129.04890234029097
2.31731963 128.44092039709085
2.32232464 127.8325547894744
2.32732965 127.22382055828425
2.33233466 126.61473373728664
2.3373396700000004 126.00531130690906
2.34234468 125.39557114660884
2.34734969 124.7855319865166
2.3523547 124.17521335798644
2.35735971 123.56463554374156
2.36236472 122.95381952733815
2.36736973 122.34278694230203
2.37237474 121.73156002122619
2.37737975 121.12016154461122
2.38238476 120.50861478996784
2.3873897700000004 119.89694348112592
2.39239478 119.28517173782907
2.39739979 118.6733240259773
2.4024048 118.0614251083342
2.40740981 117.44949999606492
2.41241482 116.83757390106496
2.41741983 116.2256721892472
2.42242484 115.61382033487192
2.42742985 115.00204387592578
2.43243486 114.3903683707966
2.43743987 113.77881935613188
2.44244488 113.16742230607292
2.44744989 112.55620259286572
2.4524549 111.9451854489279
2.45745991 111.33439593041228
2.46246492 110.72385888224377
2.4674699300000005 110.11359890481287
2.47247494 109.50364032216184
2.47747995 108.89400715180405
2.48248496 108.28472307624958
2.4874899699999995 107.67581141601585
2.49249498 107.06729510437972
2.49749999 106.45919666374093
2.502505 105.85153818356387
2.50751001 105.2443413000073
2.51251502 104.6376271771312
2.517520030000001 104.03141648962968
2.52252504 103.42572940720704
2.52753005 102.82058558044628
2.53253506 102.21600412820221
2.53754007 101.61200362637273
2.54254508 101.00860209827432
2.54755009 100.40581700632038
2.5525551 99.80366524500064
2.55756011 99.20216313528908
2.5625651200000004 98.60132642031256
2.5675701299999996 98.00117026217328
2.57257514 97.40170924001367
2.57758015 96.80295734924935
2.58258516 96.2049280018434
2.5875901699999995 95.60763402762166
2.59259518 95.01108767661438
2.59760019 94.41530062237267
2.6026052 93.82028396609
2.60761021 93.22604824165805
2.6126152199999995 92.6326034215472
2.617620229999999 92.03995892327383
2.62262524 91.44812361685902
2.62763025 90.85710583267293
2.63263526 90.26691337005661
2.63764027 89.67755341535035
2.6426452800000004 89.08903291597811
2.6476502900000005 88.501358044041
2.6526553 87.91453457128728
2.65766031 87.32856778904342
2.66266532 86.74346251958131
2.6676703299999995 86.15922312776142
2.67267534 85.57585353313566
2.67768035 84.9933572220824
2.68268536 84.41173726028535
2.6876903700000003 83.83099630540255
2.69269538 83.25113661984697
2.69770039 82.67216008367487
2.7027054 82.09406820764288
2.707710410000001 81.51686214625718
2.71271542 80.94054271087795
2.717720430000001 80.36511038289407
2.72272544 79.79056532680134
2.72773045 79.2169074033082
2.73273546 78.6441361823707
2.73774047 78.0722509561741
2.74274548 77.50125075198807
2.74775049 76.93113434495156
2.7527555 76.36190027065507
2.757760510000001 75.7935468377226
2.76276552 75.22607214008562
2.7677705300000004 74.65947406917753
2.77277554 74.09375032595874
2.77778055 73.52889843265096
2.78278556 72.9649157443895
2.7877905699999994 72.40179946056607
2.792795580000001 71.83954663605395
2.79780059 71.27815419205118
2.8028056 70.71761892689634
2.80781061 70.15793752641505
2.81281562 69.59910657419961
2.81782063 69.04112256153557
2.82282564 68.48398189713619
2.82783065 67.92768091655009
2.83283566 67.37221589134631
2.83784067 66.81758303805147
2.8428456800000004 66.26377852677773
2.8478506900000005 65.71079848958391
2.8528557 65.15863902863242
2.85786071 64.60729622395765
2.86286572 64.05676614111005
2.8678707299999995 63.50704483838125
2.8728757399999996 62.958128373870565
2.8778807500000005 62.41001281225619
2.88288576 61.86269423124918
2.88789077 61.31616872784756
2.89289578 60.77043242429808
2.8979007900000004 60.225481473762045
2.9029058 59.68131206580209
2.90791081 59.137920431565355
2.9129158199999994 58.59530284868858
2.91792083 58.05345564598527
2.92292584 57.51237520790141
2.92793085 56.97205797867868
2.93293586 56.4325004663236
2.93794087 55.89369924631261
2.9429458800000003 55.35565096505785
2.9479508899999995 54.81835234316529
2.9529559 54.28180017847664
2.957960910000001 53.74599134882724
2.96296592 53.21092281467989
2.9679709300000003 52.676591621443606
2.97297594 52.142994901680424
2.97798095 51.61012987703741
2.98298596 51.077993859982755
2.9879909699999994 50.546584255417585
2.99299598 50.015898561998824
2.998000989999999 49.48593437330549
3.003006 48.95668937890556
3.00801101 48.428161365085565
3.01301602 47.900348215572
3.01802103 47.373247911929006
3.02302604 46.846858533934125
3.02803105 46.32117825966845
3.0330360600000006 45.79620536557036
3.03804107 45.27193822620463
3.0430460800000003 44.748375359550586
3.0480510900000004 44.225515244351975
3.0530561 43.703356592811026
3.05806111 43.181898167635545
3.06306612 42.661138826791806
3.0680711300000003 42.14107752249748
3.0730761399999995 41.6217133001178
3.07808115 41.103045296949766
3.08308616 40.585072740900486
3.0880911699999993 40.06779494904175
3.09309618 39.55121132607756
3.0981011900000004 39.0353213626916
3.1031062 38.520124633802034
3.10811121 38.00562079676098
3.11311622 37.49180958942077
3.1181212300000007 36.97869082811187
3.12312624 36.46626440562052
3.12813125 35.954530288976635
3.13313626 35.443488517248305
3.13814127 34.933139199249155
3.14314628 34.4234825112035
3.1481512900000004 33.9145186942833
3.1531563 33.40624805215537
3.15816131 32.898670948455674
3.16316632 32.39178780421447
3.16817133 31.88559909523144
3.1731763399999995 31.380105349412705
3.17818135 30.875307144056688
3.183186360000001 30.37120510312652
3.1881913699999993 29.86779989449128
3.19319638 29.36509222711094
3.19820139 28.863082848212436
3.2032064000000005 28.361772540462315
3.20821141 27.861162119078333
3.21321642 27.361252428968587
3.218221430000001 26.862044341850314
3.22322644 26.3635387532934
3.22823145 25.865736579871655
3.23323646 25.368638756228354
3.23824147 24.87224623213056
3.24324648 24.376559969612384
3.24825149 23.88158094000979
3.2532565000000004 23.38731012109448
3.2582615100000005 22.893748494162523
3.263266520000001 22.400897041153726
3.268271530000001 21.908756741781815
3.27327654 21.417328570684447
3.27828155 20.926613494584963
3.2832865600000005 20.4366124694769
3.28829157 19.94732643783272
3.29329658 19.458756325845176
3.29830159 18.970903040664407
3.3033066000000004 18.48376746770404
3.30831161 17.99735046794396
3.31331662 17.511652875302907
3.31832163 17.02667549398525
3.3233266400000003 16.54241909594978
3.32833165 16.058884418301933
3.33333666 15.576072160829145
3.3383416700000006 15.093982983518636
3.343346680000001 14.612617504144657
3.3483516900000003 14.131976295856791
3.3533567000000004 13.6520598848565
3.35836171 13.172868748101616
3.3633667200000006 12.69440331105216
3.36837173 12.21666394544139
3.37337674 11.739650967157388
3.37838175 11.263364634102768
3.3833867600000005 10.787805144133403
3.3883917700000006 10.312972633081252
3.39339678 9.838867172746022
3.39840179 9.365488769013904
3.4034068 8.892837359984973
3.40841181 8.420912814177088
3.41341682 7.949714928766131
3.4184218299999984 7.4792434278857645
3.4234268400000003 7.009497960952655
3.42843185 6.540478101104303
3.4334368600000005 6.072183343661207
3.4384418700000006 5.604613104595071
3.44344688 5.137766719124083
3.44845189 4.671643440325159
3.4534569 4.206242437799576
3.4584619099999996 3.7415627964020897
3.4634669200000006 3.277603515018999
3.46847193 2.81436350538929
3.47347694 2.351841590999867
3.47848195 1.890036506025808
3.4834869599999996 1.4289468942996664
3.4884919700000006 0.968571308368196
3.49349698 0.5089082085840924
3.49850199 0.04995596224069939
3.5035070000000004 -0.4082871572218636
3.5085120099999996 -0.8658229709728685
3.5135170200000005 -1.322653395515518
3.518522030000001 -1.7787804433231988
3.52352704 -2.2342062234356095
3.52853205 -2.6889329420557395
3.5335370599999996 -3.1429629030237294
3.5385420700000005 -3.596298508299508
3.54354708 -4.048942258386579
3.54855209 -4.5008967526884405
3.5535571000000004 -4.952164689854965
3.5585621100000004 -5.402748868053537
3.56356712 -5.852652185214248
3.56857213 -6.30187763923036
3.57357714 -6.750428328112572
3.57858215 -7.198307450115233
3.5835871600000004 -7.645518303795561
3.5885921700000005 -8.092064288055846
3.59359718 -8.537948902155705
3.59860219 -8.983175745664612
3.6036072 -9.427748518370958
3.60861221 -9.871671020196658
3.61361722 -10.314947151030925
3.61862223 -10.757580910553036
3.62362724 -11.199576398033708
3.62863225 -11.640937812068648
3.63363726 -12.081669450312024
3.638642270000001 -12.521775709157897
3.643647280000001 -12.961261083412229
3.64865229 -13.400130165918291
3.6536573 -13.838387647178733
3.658662310000001 -14.276038314899925
3.663667320000001 -14.713087053561496
3.66867233 -15.149538843956108
3.67367734 -15.585398762669785
3.67868235 -16.020671981548915
3.68368736 -16.45536376718351
3.68869237 -16.889479480320766
3.69369738 -17.323024575281167
3.69870239 -17.756004599326868
3.7037074 -18.188425192060134
3.70871241 -18.62029208476164
3.71371742 -19.051611099711103
3.7187224299999992 -19.482388149516034
3.72372744 -19.9126292363978
3.72873245 -20.34234045147848
3.733737459999999 -20.77152797403836
3.73874247 -21.200198070779724
3.74374748 -21.62835709504049
3.74875249 -22.056011486031167
3.7537575 -22.483167768047252
3.75876251 -22.909832549644303
3.76376752 -23.336012522848236
3.76877253 -23.761714462308884
3.77377754 -24.186945224475767
3.77878255 -24.61171174673944
3.78378756 -25.03602104657081
3.78879257 -25.459880220683
3.79379758 -25.88329644412048
3.798802589999999 -26.30627696938588
3.8038076 -26.728829125572094
3.808812610000001 -27.150960317422765
3.81381762 -27.5726780244634
3.81882263 -27.993989800072367
3.82382764 -28.414903270568143
3.82883265 -28.83542613427326
3.83383766 -29.255566160597944
3.83884267 -29.67533118910205
3.843847680000001 -30.094729128560687
3.84885269 -30.51376795599668
3.8538577 -30.93245571576981
3.85886271 -31.350800518594507
3.86386772 -31.76881054058798
3.86887273 -32.18649402232714
3.87387774 -32.60385926785841
3.87888275 -33.0209146437557
3.88388776 -33.43766857813387
3.888892770000001 -33.8541295596877
3.893897780000001 -34.270306136692014
3.89890279 -34.686206916071924
3.9039078 -35.10184056234967
3.90891281 -35.51721579672696
3.91391782 -35.932341396058064
3.91892283 -36.34722619187424
3.92392784 -36.761879069383966
3.92893285 -37.17630896648787
3.93393786 -37.59052487277077
3.93894287 -38.004535828502846
3.94394788 -38.418350923644006
3.94895289 -38.831979296817345
3.9539579 -39.24543013433136
3.958962910000001 -39.65871266912952
3.96396792 -40.07183617980616
3.968972929999999 -40.484809989559096
3.97397794 -40.897643465205
3.978982950000001 -41.31034601610152
3.98398796 -41.72292709315671
3.98899297 -42.13539618778077
3.993997979999999 -42.54776283084413
3.99900299 -42.960036591626654
4.004008000000001 -43.372227076792456
4.00901301 -43.78434392930304
4.01401802 -44.196396827391894
4.01902303 -44.60839548346694
4.02402804 -45.02034959751575
4.02903305 -45.432269038193915
4.03403806 -45.84416356848773
4.039043070000001 -46.256043026780006
4.04404808 -46.667917280226334
4.049053089999999 -47.07979622362759
4.0540581 -47.49168977833328
4.059063110000001 -47.90360789110577
4.06406812 -48.31556053299396
4.06907313 -48.72755769818437
4.074078139999999 -49.13960940285319
4.079083150000001 -49.55172568399506
4.08408816 -49.963916598266856
4.08909317 -50.37619222077821
4.09409818 -50.78856264391131
4.099103189999999 -51.20103797610976
4.104108200000001 -51.61362834065143
4.10911321 -52.026343874407914
4.11411822 -52.43919472659956
4.119123229999999 -52.85219105754649
4.12412824 -53.265343037353304
4.129133250000001 -53.67866084464639
4.13413826 -54.09215466524999
4.139143270000001 -54.50583469084949
4.14414828 -54.91971111766167
4.14915329 -55.33379414506417
4.154158300000001 -55.7480939741953
4.15916331 -56.162620806591995
4.16416832 -56.577384842723646
4.16917333 -56.992396280575065
4.17417834 -57.407665314182104
4.179183350000001 -57.823202132135435
4.18418836 -58.23901691607379
4.18919337 -58.65511983915863
4.19419838 -59.07152106450793
4.199203389999999 -59.488230743628
4.204208400000001 -59.90525901479253
4.20921341 -60.322616001427605
4.21421842 -60.74031181043082
4.21922343 -61.15835653049824
4.224228439999999 -61.57676023040918
4.229233450000001 -61.99553295727358
4.23423846 -62.41468473475539
4.23924347 -62.83422556128666
4.24424848 -63.25416540820481
4.249253490000001 -63.674514217900075
4.2542585 -64.0952819019008
4.259263509999999 -64.51647833895552
4.26426852 -64.9381133730381
4.26927353 -65.36019681136311
4.27427854 -65.7827384223355
4.279283550000001 -66.20574793345813
4.28428856 -66.62923502923964
4.28929357 -67.05320934901958
4.294298580000001 -67.47768048477795
4.299303590000001 -67.902657978896
4.3043086 -68.32815132189418
4.30931361 -68.7541699500885
4.31431862 -69.1807232432541
4.319323630000001 -69.60782052220246
4.32432864 -70.0354710463371
4.329333650000001 -70.46368401116042
4.33433866 -70.89246854573884
4.33934367 -71.32183371009319
4.34434868 -71.75178849259082
4.349353689999999 -72.18234180723738
4.3543587 -72.61350249095509
4.359363709999999 -73.04527930080505
4.36436872 -73.47768091113082
4.36937373 -73.91071591069523
4.37437874 -74.34439279972433
4.379383750000001 -74.77871998691289
4.38438876 -75.21370578639421
4.38939377 -75.64935841461408
4.394398779999999 -76.08568598718531
4.39940379 -76.52269651566893
4.404408800000001 -76.96039790429533
4.409413809999999 -77.39879794663615
4.414418820000001 -77.83790432221386
4.419423830000001 -78.27772459303408
4.424428839999999 -78.71826620009153
4.42943385 -79.1595364597853
4.43443886 -79.60154256027492
4.43944387 -80.04429155778465
4.44444888 -80.4877903728381
4.449453889999999 -80.93204578641885
4.4544589 -81.37706443607269
4.459463910000001 -81.82285281194692
4.46446892 -82.26941725275539
4.46947393 -82.71676394166559
4.474478939999999 -83.1648989021398
4.4794839500000005 -83.6138279936854
4.48448896 -84.06355690753155
4.48949397 -84.51409116225844
4.49449898 -84.96543609931935
4.49950399 -85.41759687850616
4.5045090000000005 -85.87057847335277
4.509514009999999 -86.32438566641672
4.514519020000001 -86.77902304453997
4.5195240299999995 -87.23449499398514
4.524529039999999 -87.69080569551447
4.5295340500000005 -88.1479591193786
4.534539060000001 -88.60595902022632
4.53954407 -89.06480893192044
4.54454908 -89.52451216228742
4.549554089999999 -89.98507178775267
4.5545591000000005 -90.44649073900574
4.55956411 -90.9087714310947
4.56456912 -91.37191630435197
4.56957413 -91.8359274543072
4.574579139999999 -92.30080671696915
4.5795841500000005 -92.76655566290164
4.58458916 -93.23317559121482
4.58959417 -93.70066752342812
4.5945991799999994 -94.16903219725744
4.59960419 -94.63827006025949
4.6046092000000005 -95.1083812633885
4.609614209999999 -95.57936565441312
4.614619220000001 -96.05122277123688
4.61962423 -96.52395183506141
4.62462924 -96.99755174345424
4.629634250000001 -97.4720210632672
4.63463926 -97.94735802339348
4.63964427 -98.42356050741984
4.64464928 -98.90062604610624
4.64965429 -99.37855180969768
4.654659300000001 -99.85733460009548
4.65966431 -100.33697084283884
4.66466932 -100.81745657891256
4.66967433 -101.29878745636576
4.674679340000001 -101.78095872173512
4.67968435 -102.26396521124828
4.68468936 -102.74780134182964
4.68969437 -103.23246110183776
4.69469938 -103.71793804162076
4.69970439 -104.20422526373432
4.7047094 -104.69131541296404
4.709714409999999 -105.17920066600634
4.71471942 -105.66787272086296
4.71972443 -106.15732278593104
4.72472944 -106.64754156870714
4.72973445 -107.13851926417028
4.734739459999999 -107.63024554274676
4.739744470000001 -108.1227095378808
4.74474948 -108.6158998331626
4.74975449 -109.10980444899648
4.7547595 -109.6044108287372
4.75976451 -110.09970582436392
4.76476952 -110.59567568152028
4.76977453 -111.09230602400102
4.774779540000001 -111.58958183756727
4.77978455 -112.08748745311205
4.78478956 -112.58600652904425
4.78979457 -113.08512203294856
4.79479958 -113.58481622237088
4.79980459 -114.08507062474057
4.8048096 -114.58586601633212
4.809814609999999 -115.08718240023452
4.81481962 -115.58899898320622
4.81982463 -116.09129415142128
4.82482964 -116.59404544496331
4.82983465 -117.09722953100882
4.834839659999999 -117.60082217563225
4.839844670000001 -118.10479821411944
4.84484968 -118.60913151969044
4.849854689999999 -119.11379497056288
4.8548597 -119.61876041520748
4.85986471 -120.12399863572239
4.86486972 -120.62947930919628
4.869874729999999 -121.1351709669454
4.87487974 -121.64104095147788
4.87988475 -122.14705537112596
4.88488976 -122.65317905214837
4.889894770000001 -123.1593754882202
4.894899779999999 -123.66560678718588
4.899904789999999 -124.171833614916
4.9049098 -124.6780151362516
4.90991481 -125.18410895280483
4.91491982 -125.69007103765956
4.91992483 -126.19585566684032
4.92492984 -126.7014153475563
4.92993485 -127.2067007432049
4.934939860000001 -127.71166059525451
4.939944870000001 -128.21624164208865
4.94494988 -128.72038853509096
4.949954889999999 -129.2240437522506
4.9549599 -129.72714750984272
4.959964910000001 -130.22963767278773
4.96496992 -130.73144966458463
4.969974929999999 -131.23251637799075
4.974979939999999 -131.73276808795376
4.97998495 -132.2321323687402
4.98498996 -132.7305340177317
4.9899949700000015 -133.22789498910333
4.994999979999999 -133.7241343412992
5.0 -134.2186752830814
