Frequency(GHz) s41
0.0 -6.022199276126308
0.00500501 -6.0233876626789
0.01001002 -6.024953002827996
0.01501503 -6.026795398265775
0.020020040000000003 -6.0289106144142925
0.02502505 -6.031298977472103
0.03003006 -6.033956404763227
0.03503507000000001 -6.036879386802832
0.040040080000000006 -6.04006421580035
0.04504509000000001 -6.04350724110179
0.0500501 -6.047205013312259
0.05505511 -6.051154351736868
0.06006012 -6.055352359256813
0.06506513000000001 -6.059796403321609
0.07007014000000002 -6.064484077911937
0.07507514999999998 -6.069413157160266
0.08008016000000001 -6.074581547849686
0.08508516999999999 -6.07998724528006
0.09009018 -6.085628294771972
0.09509519000000001 -6.09150275957735
0.1001002 -6.097608695226486
0.10510521 -6.103944129666667
0.11011022 -6.110507048434497
0.11511523 -6.117295383995767
0.12012024 -6.124307008435403
0.12512525 -6.131539728822631
0.13013026 -6.138991284603406
0.13513527 -6.146659346524527
0.14014028 -6.154541516790837
0.14514529 -6.162635329966747
0.1501503 -6.170938254546075
0.15515531 -6.179447694959649
0.16016032000000002 -6.188160993794726
0.16516533000000003 -6.1970754342927625
0.17017034 -6.206188242865889
0.17517535 -6.215496591740638
0.18018036 -6.224997601572846
0.18518537 -6.234688344083265
0.19019038 -6.244565844619034
0.19519539 -6.254627084717192
0.20020040000000003 -6.2648690046220965
0.20520541000000003 -6.275288505679123
0.21021042000000004 -6.285882452768584
0.21521543 -6.296647676607437
0.22022044 -6.307580976025124
0.22522545 -6.318679120192544
0.23023046 -6.329938850762077
0.23523547 -6.341356883994268
0.24024048 -6.352929912804026
0.24524549 -6.364654608768216
0.2502505 -6.376527624097491
0.25525551 -6.388545593525312
0.26026052 -6.400705136186906
0.26526553 -6.413002857445544
0.27027054 -6.425435350668446
0.27527555 -6.437999198956817
0.28028056 -6.450690976846518
0.28528557 -6.46350725195926
0.29029058 -6.476444586626551
0.29529559 -6.489499539444761
0.3003006 -6.502668666830132
0.30530561 -6.515948524495808
0.31031062 -6.52933566893099
0.31531563 -6.542826658794424
0.32032064000000005 -6.556418056324094
0.3253256500000001 -6.570106428636073
0.33033066000000005 -6.583888349095901
0.3353356700000001 -6.59776039852329
0.34034068 -6.6117191664558606
0.34534569 -6.625761252342568
0.35035070000000007 -6.639883266684069
0.35535571000000005 -6.654081832167409
0.36036072 -6.668353584759221
0.36536573 -6.682695174724169
0.37037074 -6.697103267667719
0.37537575 -6.711574545505704
0.38038076 -6.726105707394943
0.38538577 -6.740693470657999
0.39039078 -6.755334571648788
0.39539579 -6.770025766583926
0.40040080000000006 -6.784763832377082
0.40540581 -6.799545567376887
0.41041082000000007 -6.814367792130782
0.41541583000000004 -6.829227350091287
0.4204208400000001 -6.844121108284159
0.42542585 -6.859045957966816
0.43043086 -6.873998815238108
0.43543587 -6.888976621615778
0.44044088000000003 -6.903976344607846
0.44544589 -6.918994978234902
0.45045090000000004 -6.934029543523824
0.4554559100000001 -6.949077088987874
0.46046092000000005 -6.964134691065845
0.4654659300000001 -6.97919945454379
0.47047094 -6.994268512955893
0.47547595 -7.0093390289340896
0.48048096 -7.024408194570636
0.48548597 -7.0394732317254896
0.49049098 -7.0545313923405
0.49549599 -7.069579958691651
0.500501 -7.084616243659296
0.50550601 -7.09963759097012
0.51051102 -7.114641375373693
0.51551603 -7.129625002881398
0.52052104 -7.144585910905451
0.52552605 -7.159521568433798
0.53053106 -7.174429476167097
0.53553607 -7.189307166630944
0.54054108 -7.204152204305005
0.54554609 -7.218962185684152
0.5505511 -7.233734739374645
0.55555611 -7.248467526157264
0.56056112 -7.263158239024259
0.5655661299999999 -7.27780460322239
0.57057114 -7.292404376288653
0.5755761500000001 -7.306955348034435
0.58058116 -7.321455340577963
0.58558617 -7.335902208319675
0.59059118 -7.350293837929089
0.59559619 -7.364628148316995
0.6006012 -7.3789030905996675
0.60560621 -7.393116648062764
0.61061122 -7.407266836098899
0.61561623 -7.421351702171974
0.62062124 -7.4353693257313855
0.62562625 -7.449317818165189
0.63063126 -7.4631953227101855
0.63563627 -7.477000014384128
0.6406412800000001 -7.49073009990788
0.64564629 -7.504383817614444
0.6506513000000002 -7.517959437367501
0.65565631 -7.531455260463139
0.6606613200000001 -7.544869619556209
0.66566633 -7.558200878546441
0.6706713400000002 -7.5714474325018015
0.67567635 -7.5846077075574545
0.68068136 -7.597680160831185
0.68568637 -7.610663280312232
0.69069138 -7.623555584787966
0.69569639 -7.636355623748018
0.7007014000000001 -7.64906197728388
0.70570641 -7.661673256028557
0.7107114200000001 -7.674188101042974
0.71571643 -7.686605183753165
0.72072144 -7.698923205871293
0.7257264499999999 -7.711140899318942
0.7307314599999999 -7.723257026165118
0.73573647 -7.735270378543514
0.74074148 -7.7471797786183645
0.74574649 -7.758984078512112
0.7507514999999999 -7.770682160265488
0.7557565099999999 -7.7822729357908305
0.76076152 -7.793755346843819
0.76576653 -7.805128364987248
0.77077154 -7.816390991573445
0.7757765499999999 -7.827542257729403
0.7807815599999999 -7.8385812243490065
0.7857865699999999 -7.8495069821027315
0.7907915799999998 -7.860318651434179
0.7957965900000001 -7.871015382598192
0.8008016000000001 -7.881596355673073
0.8058066099999999 -7.892060780609936
0.8108116199999998 -7.902407897276865
0.8158166300000002 -7.912636975518384
0.8208216400000001 -7.922747315222898
0.8258266500000001 -7.93273824640848
0.8308316600000001 -7.942609129306111
0.8358366700000002 -7.952359354471187
0.8408416800000001 -7.961988342893853
0.8458466900000001 -7.971495546122371
0.8508516999999999 -7.980880446414014
0.8558567100000001 -7.9901425568745825
0.8608617199999998 -7.999281421634442
0.8658667300000001 -8.008296616023049
0.8708717399999999 -8.017187746762467
0.8758767500000001 -8.025954452174567
0.8808817600000001 -8.034596402407578
0.8858867699999999 -8.043113299665196
0.8908917799999999 -8.051504878466856
0.8958967900000001 -8.059770905910332
0.9009018 -8.067911181956692
0.90590681 -8.075925539733698
0.91091182 -8.083813845847379
0.91591683 -8.09157600071895
0.92092184 -8.099211938936575
0.92592685 -8.106721629624497
0.93093186 -8.114105076828462
0.93593687 -8.121362319922705
0.9409418800000001 -8.12849343403507
0.94594689 -8.13549853048842
0.9509519000000001 -8.142377757270342
0.95595691 -8.14913129950932
0.9609619200000001 -8.155759379985104
0.96596693 -8.162262259651753
0.97097194 -8.168640238182851
0.97597695 -8.174893654540744
0.98098196 -8.181022887566929
0.98598697 -8.187028356598228
0.99099198 -8.192910522096577
0.99599699 -8.198669886311267
1.001002 -8.204306993964675
1.00600701 -8.20982243295674
1.01101202 -8.215216835098428
1.01601703 -8.22049087686835
1.02102204 -8.225645280196302
1.02602705 -8.230680813274633
1.03103206 -8.235598291391295
1.0360370699999997 -8.240398577793615
1.04104208 -8.245082584580578
1.04604709 -8.249651273617397
1.0510521 -8.254105657486868
1.0560571099999998 -8.258446800462227
1.0610621199999997 -8.26267581951351
1.06606713 -8.266793885342814
1.07107214 -8.270802223449417
1.07607715 -8.274702115225548
1.08108216 -8.27849489908582
1.08608717 -8.282181971623503
1.09109218 -8.285764788808002
1.09609719 -8.289244867201234
1.1011022 -8.292623785222432
1.1061072099999996 -8.295903184434536
1.11111222 -8.299084770873524
1.11611723 -8.302170316403966
1.12112224 -8.305161660118195
1.12612725 -8.308060709763517
1.1311322599999996 -8.310869443208786
1.13613727 -8.313589909949457
1.14114228 -8.316224232642803
1.14614729 -8.318774608685553
1.1511523 -8.321243311828283
1.15615731 -8.323632693825548
1.16116232 -8.325945186122997
1.16616733 -8.328183301590345
1.17117234 -8.330349636280573
1.17617735 -8.332446871241558
1.18118236 -8.334477774354278
1.18618737 -8.336445202221839
1.19119238 -8.338352102087459
1.19619739 -8.340201513801617
1.2012024 -8.34199657181996
1.20620741 -8.343740507249164
1.21121242 -8.345436649927644
1.21621743 -8.347088430547569
1.22122244 -8.348699382814893
1.2262274499999997 -8.350273145652649
1.23123246 -8.351813465441573
1.23623747 -8.353324198297365
1.24124248 -8.35480931239379
1.24624749 -8.35627289031645
1.2512525 -8.357719131459827
1.25625751 -8.35915235446263
1.26126252 -8.360576999675665
1.26626753 -8.361997631670125
1.27127254 -8.363418941781854
1.27627755 -8.36484575068881
1.28128256 -8.366283011023473
1.28628757 -8.367735810019811
1.29129258 -8.369209372190191
1.29629759 -8.370709062036166
1.3013026 -8.37224038678739
1.3063076099999995 -8.373808999168649
1.31131262 -8.375420700197495
1.31631763 -8.377081442002252
1.3213226400000002 -8.378797330668466
1.3263276499999999 -8.380574629105697
1.33133266 -8.382419759935724
1.3363376699999998 -8.384339308396365
1.34134268 -8.386340025265964
1.34634769 -8.388428829797606
1.3513527 -8.390612812668543
1.35635771 -8.392899238935845
1.36136272 -8.395295551001425
1.3663677299999997 -8.397809371578017
1.37137274 -8.400448506659759
1.37637775 -8.40322094848679
1.38138276 -8.406134878509313
1.38638777 -8.409198670338915
1.3913927799999997 -8.412420892692884
1.3963977900000004 -8.415810312318525
1.4014028 -8.41937589690519
1.40640781 -8.423126817968937
1.41141282 -8.427072453713407
1.4164178299999997 -8.431222391861962
1.42142284 -8.435586432455395
1.42642785 -8.440174590612578
1.43143286 -8.444997099248951
1.4364378699999996 -8.450064411751807
1.44144288 -8.455387204603197
1.44644789 -8.46097637995216
1.4514529 -8.466843068128115
1.4564579099999995 -8.472998630092016
1.46146292 -8.479454659824677
1.4664679299999999 -8.48622298664296
1.47147294 -8.493315677444599
1.47647795 -8.500745038876413
1.48148296 -8.508523619421302
1.48648797 -8.516664211402524
1.49149298 -8.525179852902024
1.49649799 -8.534083829589118
1.501503 -8.543389676456458
1.50650801 -8.553111179464171
1.51151302 -8.563262377086568
1.5165180300000003 -8.573857561762697
1.52152304 -8.584911281250582
1.52652805 -8.596438339878997
1.53153306 -8.608453799707535
1.5365380699999995 -8.62097298158533
1.54154308 -8.634011466114014
1.54654809 -8.647585094522718
1.5515531 -8.661709969447154
1.5565581099999997 -8.676402455627116
1.56156312 -8.691679180520605
1.5665681299999998 -8.707557034844886
1.57157314 -8.724053173047665
1.57657815 -8.741185013720884
1.5815831599999997 -8.758970239961096
1.5865881699999995 -8.777426799693165
1.5915931800000005 -8.796572905964515
1.59659819 -8.816427037222335
1.6016032000000002 -8.837007937598315
1.6066082099999999 -8.858334617203122
1.61161322 -8.880426352457032
1.6166182299999998 -8.903302686478455
1.62162324 -8.926983429547164
1.6266282500000002 -8.95148865966306
1.6316332600000005 -8.97683872323735
1.63663827 -9.003054235928289
1.6416432800000003 -9.030156083660694
1.64664829 -9.058165423860787
1.6516533000000002 -9.087103686934196
1.6566583099999999 -9.116992578027517
1.66166332 -9.147854079105382
1.6666683299999998 -9.17971045139976
1.6716733400000006 -9.212584238249729
1.6766783500000002 -9.24649826839499
1.6816833600000003 -9.28147565977324
1.68668837 -9.317539823854819
1.6916933800000002 -9.354714470583907
1.6966983899999997 -9.393023613978624
1.7017034 -9.432491578441116
1.7067084099999998 -9.47314300585315
1.71171342 -9.515002863510094
1.7167184300000002 -9.558096452965918
1.7217234399999997 -9.602449419866323
1.72672845 -9.648087764832711
1.7317334600000003 -9.695037855479447
1.73673847 -9.74332643966207
1.7417434799999996 -9.792980660015328
1.7467484899999997 -9.84402806988453
1.7517535 -9.89649665074851
1.7567585100000003 -9.950414831232909
1.76176352 -10.005811507791
1.7667685299999996 -10.062716067206043
1.7717735399999999 -10.121158410984064
1.77677855 -10.181168981785012
1.7817835599999998 -10.2427787920119
1.78678857 -10.306019454671688
1.7917935800000002 -10.3709232166983
1.7967985899999999 -10.437522994799677
1.8018036 -10.505852414093477
1.80680861 -10.57594584960154
1.81181362 -10.647838470846622
1.81681863 -10.72156628969715
1.8218236400000005 -10.79716621169348
1.82682865 -10.874676091040827
1.83183366 -10.954134789549189
1.83683867 -11.0355822396847
1.84184368 -11.119059512101297
1.84684869 -11.204608887860273
1.8518537 -11.29227393568756
1.85685871 -11.38209959459348
1.86186372 -11.47413226222452
1.8668687299999995 -11.568419889343335
1.87187374 -11.6650120808608
1.87687875 -11.76396020389134
1.88188376 -11.86531750335494
1.88688877 -11.969139225660978
1.89189378 -12.07548275109242
1.89689879 -12.184407735587872
1.9019038 -12.295976262595271
1.90690881 -12.410253005841652
1.91191382 -12.52730540389548
1.91691883 -12.647203847467352
1.92192384 -12.770021880532362
1.92692885 -12.895836416433047
1.93193386 -13.02472797026534
1.93693887 -13.156780908920641
1.94194388 -13.292083720427676
1.94694889 -13.430729304208047
1.9519539 -13.572815284260823
1.95695891 -13.718444347267193
1.96196392 -13.867724607964808
1.96696893 -14.020770004340184
1.97197394 -14.177700725430176
1.97697895 -14.338643674763988
1.98198396 -14.503732972899696
1.98698897 -14.673110502685
1.99199398 -14.846926501349904
1.9969989899999996 -15.025340203802116
2.0020040000000003 -15.20852054194514
2.00700901 -15.396646905186707
2.01201402 -15.58990996768617
2.01701903 -15.788512588166665
2.02202404 -15.992670788524617
2.02702905 -16.202614817436576
2.03203406 -16.41859030533974
2.03703907 -16.640859516608593
2.04204408 -16.869702704350956
2.04704909 -17.10541957156471
2.0520541000000003 -17.348330840497923
2.05705911 -17.59877992828029
2.06206412 -17.857134721713518
2.06706913 -18.12378943621806
2.07207414 -18.39916653186004
2.0770791500000003 -18.683718642696256
2.08208416 -18.97793045061326
2.08708917 -19.282320399283282
2.09209418 -19.597442092327555
2.09709919 -19.9238851458019
2.1021042000000003 -20.262275158824544
2.10710921 -20.613272313088206
2.11211422 -20.97756789141248
2.11711923 -21.355877688557243
2.12212424 -21.74893082958491
2.12712925 -22.15745185400604
2.13213426 -22.58213298012369
2.13713927 -23.023592121137064
2.14214428 -23.48231033299304
2.1471492900000007 -23.958539765780785
2.1521543 -24.452169718698897
2.15715931 -24.962534062909295
2.16216432 -25.488138542794783
2.16716933 -26.026282811935385
2.17217434 -26.572553305910525
2.17717935 -27.120177230590684
2.18218436 -27.659269552953678
2.18718937 -28.176094650573678
2.19219438 -28.652618569536646
2.1971993899999993 -29.066824016208205
2.2022044 -29.39437445962451
2.2072094100000004 -29.61198997801877
2.2122144199999996 -29.702109128298304
2.21721943 -29.657294078148688
2.22222444 -29.48231977790956
2.22722945 -29.19281680256977
2.23223446 -28.81121232687748
2.2372394699999996 -28.361955865726916
2.24224448 -27.867780869761763
2.24724949 -27.34767185501924
2.2522545 -26.8162988435306
2.2572595100000004 -26.284342591672633
2.2622645199999996 -25.759198726496397
2.2672695300000005 -25.245742413010696
2.27227454 -24.747003246433803
2.27727955 -24.26470342043748
2.28228456 -23.799662645770898
2.2872895699999996 -23.352092073241224
2.29229458 -22.92180271225893
2.297299589999999 -22.508350832129413
2.3023046 -22.11113813655936
2.3073096100000003 -21.729480009488093
2.31231462 -21.36265145622624
2.31731963 -21.009917573730736
2.32232464 -20.67055334702143
2.32732965 -20.343856117466675
2.33233466 -20.02915304709955
2.3373396700000004 -19.725805190156677
2.34234468 -19.4332092868384
2.34734969 -19.15079805034165
2.3523547 -18.87803947859489
2.35735971 -18.61443555671517
2.36236472 -18.359520600281257
2.36736973 -18.112859409681256
2.37237474 -17.874045349934576
2.37737975 -17.642698431408196
2.38238476 -17.41846344030356
2.3873897700000004 -17.201008148954692
2.39239478 -16.9900216232595
2.39739979 -16.785212636009124
2.4024048 -16.58630818877809
2.40740981 -16.393052141421688
2.41241482 -16.20520394560865
2.41741983 -16.022537477361187
2.42242484 -15.844839962744999
2.42742985 -15.671910990418919
2.43243486 -15.503561604763645
2.43743987 -15.339613473309628
2.44244488 -15.1798981225384
2.44744989 -15.024256236378864
2.4524549 -14.872537012127538
2.45745991 -14.724597568871243
2.46246492 -14.580302403868243
2.4674699300000005 -14.439522892755958
2.47247494 -14.302136829728868
2.47747995 -14.168028004218632
2.48248496 -14.03708581093184
2.4874899699999995 -13.909204890271589
2.49249498 -13.784284796593198
2.49749999 -13.66222969185376
2.502505 -13.54294806248333
2.50751001 -13.426352457524068
2.51251502 -13.312359246219236
2.517520030000001 -13.200888393411724
2.52252504 -13.09186325130073
2.52753005 -12.985210366173623
2.53253506 -12.880859298903083
2.53754007 -12.778742458060188
2.54254508 -12.678794944683865
2.54755009 -12.58095440771732
2.5525551 -12.485160909277509
2.55756011 -12.391356799011112
2.5625651200000004 -12.29948659680938
2.5675701299999996 -12.20949688322235
2.57257514 -12.12133619700846
2.57758015 -12.034954939268156
2.58258516 -11.950305283658682
2.5875901699999995 -11.867341092235488
2.59259518 -11.786017836519088
2.59760019 -11.706292523394945
2.6026052 -11.628123625480203
2.60761021 -11.551471015660784
2.6126152199999995 -11.476295905491966
2.617620229999999 -11.402560787160054
2.62262524 -11.330229378820835
2.62763025 -11.259266572999795
2.63263526 -11.189638387901615
2.63764027 -11.121311921401098
2.6426452800000004 -11.054255307552603
2.6476502900000005 -10.988437675425276
2.6526553 -10.923829110127539
2.65766031 -10.860400615870741
2.66266532 -10.798124080934288
2.6676703299999995 -10.736972244407324
2.67267534 -10.676918664617675
2.67768035 -10.61793768909286
2.68268536 -10.56000442599968
2.6876903700000003 -10.50309471695474
2.69269538 -10.447185111113804
2.69770039 -10.392252840467465
2.7027054 -10.338275796277728
2.707710410000001 -10.28523250657209
2.71271542 -10.23310211463958
2.717720430000001 -10.18186435847752
2.72272544 -10.131499551113627
2.72773045 -10.081988561773809
2.73273546 -10.033312797835004
2.73774047 -9.985454187524624
2.74274548 -9.938395163319399
2.74775049 -9.892118646010884
2.7527555 -9.846608029393742
2.757760510000001 -9.801847165558648
2.76276552 -9.757820350735129
2.7677705300000004 -9.714512311674392
2.77277554 -9.671908192539503
2.77778055 -9.629993542264689
2.78278556 -9.588754302381203
2.7877905699999994 -9.54817679526804
2.792795580000001 -9.508247712820301
2.79780059 -9.468954105497849
2.8028056 -9.43028337176315
2.80781061 -9.392223247854798
2.81281562 -9.354761797915444
2.81782063 -9.317887404432192
2.82282564 -9.281588758993728
2.82783065 -9.245854853333066
2.83283566 -9.210674970658669
2.83784067 -9.17603867725412
2.8428456800000004 -9.141935814333188
2.8478506900000005 -9.108356490143207
2.8528557 -9.075291072310108
2.85786071 -9.042730180400946
2.86286572 -9.010664678717696
2.8678707299999995 -8.979085669288931
2.8728757399999996 -8.947984485071292
2.8778807500000005 -8.917352683343157
2.88288576 -8.887182039282553
2.88789077 -8.857464539728094
2.89289578 -8.828192377112678
2.8979007900000004 -8.799357943562226
2.9029058 -8.770953825160305
2.90791081 -8.742972796366509
2.9129158199999994 -8.7154078145834
2.91792083 -8.688252014871757
2.92292584 -8.661498704806966
2.92793085 -8.635141359469598
2.93293586 -8.609173616570153
2.93794087 -8.583589271701078
2.9429458800000003 -8.55838227371139
2.9479508899999995 -8.53354672020353
2.9529559 -8.509076853147835
2.957960910000001 -8.484967054605427
2.96296592 -8.46121184256837
2.9679709300000003 -8.437805866899721
2.97297594 -8.414743905383265
2.97798095 -8.392020859870662
2.98298596 -8.369631752527946
2.9879909699999994 -8.347571722180382
2.99299598 -8.325836020746534
2.998000989999999 -8.304420009765169
3.003006 -8.28331915701331
3.00801101 -8.262529033204647
3.01301602 -8.242045308779932
3.01802103 -8.221863750770723
3.02302604 -8.201980219752569
3.02803105 -8.18239066686864
3.0330360600000006 -8.163091130936854
3.03804107 -8.144077735624228
3.0430460800000003 -8.125346686701592
3.0480510900000004 -8.106894269365066
3.0530561 -8.08871684562943
3.05806111 -8.07081085178703
3.06306612 -8.05317279593811
3.0680711300000003 -8.035799255582976
3.0730761399999995 -8.018686875278753
3.07808115 -8.001832364359421
3.08308616 -7.985232494716626
3.0880911699999993 -7.96888409864128
3.09309618 -7.95278406672309
3.0981011900000004 -7.936929345808194
3.1031062 -7.921316937012143
3.10811121 -7.905943893790907
3.11311622 -7.890807320063127
3.1181212300000007 -7.875904368386005
3.12312624 -7.861232238186154
3.12813125 -7.846788174036304
3.13313626 -7.8325694639872045
3.13814127 -7.818573437944493
3.14314628 -7.804797466098086
3.1481512900000004 -7.791238957392374
3.1531563 -7.777895358049582
3.15816131 -7.764764150132979
3.16316632 -7.751842850158215
3.16817133 -7.7391290077457695
3.1731763399999995 -7.726620204317562
3.17818135 -7.714314051834272
3.183186360000001 -7.7022081915751475
3.1881913699999993 -7.690300292956902
3.19319638 -7.6785880523922065
3.19820139 -7.667069192186877
3.2032064000000005 -7.655741459476026
3.20821141 -7.644602625195135
3.21321642 -7.633650483089491
3.218221430000001 -7.622882848758466
3.22322644 -7.612297558734242
3.22823145 -7.60189246959551
3.23323646 -7.591665457114429
3.23824147 -7.5816144154352445
3.24324648 -7.571737256287458
3.24825149 -7.562031908227275
3.2532565000000004 -7.552496315911837
3.2582615100000005 -7.543128439402957
3.263266520000001 -7.533926253500109
3.268271530000001 -7.52488774710163
3.27327654 -7.516010922594861
3.27828155 -7.507293795273018
3.2832865600000005 -7.498734392779126
3.28829157 -7.490330754575512
3.29329658 -7.482080931439925
3.29830159 -7.473982984985177
3.3033066000000004 -7.466034987203978
3.30831161 -7.4582350200368195
3.31331662 -7.450581174963759
3.31832163 -7.443071552617464
3.3233266400000003 -7.435704262419469
3.32833165 -7.428477422236018
3.33333666 -7.421389158056605
3.3383416700000006 -7.414437603691018
3.343346680000001 -7.40762090048714
3.3483516900000003 -7.40093719706675
3.3533567000000004 -7.394384649080306
3.35836171 -7.387961418979934
3.3633667200000006 -7.381665675809884
3.36837173 -7.375495595012342
3.37337674 -7.3694493582516865
3.37838175 -7.363525153253648
3.3833867600000005 -7.357721173658712
3.3883917700000006 -7.352035618893072
3.39339678 -7.346466694050363
3.39840179 -7.341012609790335
3.4034068 -7.335671582249201
3.40841181 -7.330441832963346
3.41341682 -7.325321588804553
3.4184218299999984 -7.320309081929514
3.4234268400000003 -7.315402549737756
3.42843185 -7.3106002348431405
3.4334368600000005 -7.305900385054259
3.4384418700000006 -7.3013012533661295
3.44344688 -7.296801097961145
3.44845189 -7.2923981822194595
3.4534569 -7.288090774737686
3.4584619099999996 -7.283877149357918
3.4634669200000006 -7.279755585202426
3.46847193 -7.275724366718286
3.47347694 -7.271781783728261
3.47848195 -7.267926131488236
3.4834869599999996 -7.264155710752966
3.4884919700000006 -7.260468827847172
3.49349698 -7.2568637947411725
3.49850199 -7.253338929135506
3.5035070000000004 -7.249892554547603
3.5085120099999996 -7.246523000404985
3.5135170200000005 -7.243228602143451
3.518522030000001 -7.240007701308371
3.52352704 -7.2368586456613295
3.52853205 -7.233779789289782
3.5335370599999996 -7.230769492720291
3.5385420700000005 -7.227826123035941
3.54354708 -7.224948053994898
3.54855209 -7.22213366615371
3.5535571000000004 -7.2193813469913986
3.5585621100000004 -7.216689491037749
3.56356712 -7.214056500001351
3.56857213 -7.211480782900547
3.57357714 -7.208960756197005
3.57858215 -7.206494843928942
3.5835871600000004 -7.204081477846137
3.5885921700000005 -7.201719097546167
3.59359718 -7.199406150611589
3.59860219 -7.197141092747627
3.6036072 -7.194922387919243
3.60861221 -7.192748508490869
3.61361722 -7.190617935363344
3.61862223 -7.1885291581138375
3.62362724 -7.186480675133609
3.62863225 -7.18447099376588
3.63363726 -7.182498630443858
3.638642270000001 -7.180562110827737
3.643647280000001 -7.178659969941431
3.64865229 -7.176790752308143
3.6536573 -7.174953012085914
3.658662310000001 -7.173145313200868
3.663667320000001 -7.171366229480736
3.66867233 -7.169614344786846
3.67367734 -7.1678882531448
3.67868235 -7.166186558873411
3.68368736 -7.164507876713695
3.68869237 -7.1628508319554545
3.69369738 -7.161214060562547
3.69870239 -7.159596209295989
3.7037074 -7.157995935837951
3.70871241 -7.156411908910826
3.71371742 -7.154842808397706
3.7187224299999992 -7.1532873254590505
3.72372744 -7.151744162648503
3.72873245 -7.150212034027861
3.733737459999999 -7.1486896652781375
3.73874247 -7.147175793812269
3.74374748 -7.145669168881622
3.74875249 -7.144168551685474
3.7537575 -7.142672715474516
3.75876251 -7.141180445656441
3.76376752 -7.1396905398961135
3.76877253 -7.13820180821751
3.77377754 -7.136713073100723
3.77878255 -7.1352231695797155
3.78378756 -7.133730945336916
3.78879257 -7.132235260796865
3.79379758 -7.130734989218054
3.798802589999999 -7.129229016782172
3.8038076 -7.127716242683886
3.808812610000001 -7.1261955792164455
3.81381762 -7.1246659518582485
3.81882263 -7.123126299355333
3.82382764 -7.121575573805197
3.82883265 -7.120012740736129
3.83383766 -7.118436779187872
3.83884267 -7.116846681788672
3.843847680000001 -7.115241454833513
3.84885269 -7.113620118357353
3.8538577 -7.111981706211874
3.85886271 -7.110325266136674
3.86386772 -7.108649859831689
3.86887273 -7.106954563028337
3.87387774 -7.105238465558581
3.87888275 -7.103500671424129
3.88388776 -7.10174029886373
3.888892770000001 -7.099956480420807
3.893897780000001 -7.098148363008512
3.89890279 -7.096315107976
3.9039078 -7.0944558911716085
3.90891281 -7.092569903007603
3.91391782 -7.090656348523425
3.91892283 -7.0887144474476615
3.92392784 -7.086743434260204
3.92893285 -7.084742558254341
3.93393786 -7.082711083597777
3.93894287 -7.0806482893925535
3.94394788 -7.078553469737411
3.94895289 -7.076425933786092
3.9539579 -7.074265005809397
3.958962910000001 -7.07207002525328
3.96396792 -7.069840346800095
3.968972929999999 -7.067575340428224
3.97397794 -7.065274391471704
3.978982950000001 -7.062936900680343
3.98398796 -7.06056228428008
3.98899297 -7.058149974033141
3.993997979999999 -7.055699417299191
3.99900299 -7.053210077095336
4.004008000000001 -7.050681432158448
4.00901301 -7.048112977005744
4.01401802 -7.0455042219981525
4.01902303 -7.042854693402135
4.02402804 -7.040163933453721
4.02903305 -7.037431500420701
4.03403806 -7.03465696866936
4.039043070000001 -7.031839928728051
4.04404808 -7.028979987354052
4.049053089999999 -7.0260767675988856
4.0540581 -7.023129908878226
4.059063110000001 -7.020139067038111
4.06406812 -7.017103914425482
4.06907313 -7.014024139958225
4.074078139999999 -7.010899449196402
4.079083150000001 -7.007729564414386
4.08408816 -7.004514224675256
4.08909317 -7.001253185903626
4.09409818 -6.9979462209625245
4.099103189999999 -6.994593119729888
4.104108200000001 -6.991193689176685
4.10911321 -6.987747753445261
4.11411822 -6.984255153930833
4.119123229999999 -6.98071574936281
4.12412824 -6.977129415887459
4.129133250000001 -6.973496047152528
4.13413826 -6.969815554392749
4.139143270000001 -6.9660878665168555
4.14414828 -6.962312930195781
4.14915329 -6.958490709952877
4.154158300000001 -6.954621188253488
4.15916331 -6.950704365599517
4.16416832 -6.946740260621246
4.16917333 -6.942728910173731
4.17417834 -6.9386703694334875
4.179183350000001 -6.934564711995803
4.18418836 -6.930412029974084
4.18919337 -6.926212434101437
4.19419838 -6.921966053831819
4.199203389999999 -6.917673037444257
4.204208400000001 -6.9133335521471775
4.20921341 -6.908947784184907
4.21421842 -6.904515938944529
4.21922343 -6.900038241064891
4.224228439999999 -6.895514934546478
4.229233450000001 -6.890946282862856
4.23423846 -6.8863325690719694
4.23924347 -6.881674095930785
4.24424848 -6.876971186009104
4.249253490000001 -6.872224181805051
4.2542585 -6.867433445861815
4.259263509999999 -6.862599360885145
4.26426852 -6.857722329861849
4.26927353 -6.852802776178662
4.27427854 -6.847841143742577
4.279283550000001 -6.842837897101113
4.28428856 -6.837793521563968
4.28929357 -6.832708523324865
4.294298580000001 -6.827583429582946
4.299303590000001 -6.822418788666841
4.3043086 -6.817215170156752
4.30931361 -6.811973165007527
4.31431862 -6.8066933856724585
4.319323630000001 -6.801376466226112
4.32432864 -6.7960230624877935
4.329333650000001 -6.790633852143606
4.33433866 -6.785209534870365
4.33934367 -6.779750832456857
4.34434868 -6.774258488925405
4.349353689999999 -6.7687332706525405
4.3543587 -6.763175966489948
4.359363709999999 -6.757587387882197
4.36436872 -6.7519683689855245
4.36937373 -6.746319766783949
4.37437874 -6.740642461204448
4.379383750000001 -6.7349373552305565
4.38438876 -6.729205375014644
4.38939377 -6.723447469987187
4.394398779999999 -6.717664612964752
4.39940379 -6.7118578002556974
4.404408800000001 -6.7060280517635205
4.409413809999999 -6.70017641108665
4.414418820000001 -6.694303945617074
4.419423830000001 -6.6884117466341255
4.424428839999999 -6.682500929396966
4.42943385 -6.676572633231902
4.43443886 -6.67062802161767
4.43944387 -6.6646682822653585
4.44444888 -6.658694627196117
4.449453889999999 -6.652708292813385
4.4544589 -6.6467105399710364
4.459463910000001 -6.640702654036804
4.46446892 -6.634685944952029
4.46947393 -6.6286617472840605
4.474478939999999 -6.622631420275812
4.4794839500000005 -6.616596347888606
4.48448896 -6.610557938839436
4.48949397 -6.604517626633097
4.49449898 -6.59847686958687
4.49950399 -6.592437150850965
4.5045090000000005 -6.58639997842032
4.509514009999999 -6.580366885141407
4.514519020000001 -6.574339428711784
4.5195240299999995 -6.568319191672053
4.524529039999999 -6.562307781392022
4.5295340500000005 -6.556306830047363
4.534539060000001 -6.550317994591555
4.53954407 -6.544342956718175
4.54454908 -6.538383422815841
4.549554089999999 -6.532441123916425
4.5545591000000005 -6.5265178156347385
4.55956411 -6.520615278099134
4.56456912 -6.51473531587622
4.56957413 -6.508879757886534
4.574579139999999 -6.503050457311241
4.5795841500000005 -6.497249291492953
4.58458916 -6.491478161827461
4.58959417 -6.485738993646999
4.5945991799999994 -6.48003373609763
4.59960419 -6.474364362007673
4.6046092000000005 -6.468732867749206
4.609614209999999 -6.4631412730940685
4.614619220000001 -6.457591621060386
4.61962423 -6.452085977755576
4.62462924 -6.446626432212125
4.629634250000001 -6.441215096218511
4.63463926 -6.435854104144831
4.63964427 -6.430545612766005
4.64464928 -6.425291801079622
4.64965429 -6.420094870122915
4.654659300000001 -6.41495704278781
4.65966431 -6.409880563634713
4.66466932 -6.404867698709608
4.66967433 -6.399920735359953
4.674679340000001 -6.395041982056404
4.67968435 -6.390233768219264
4.68468936 -6.385498444051604
4.68969437 -6.380838380381291
4.69469938 -6.376255968514507
4.69970439 -6.371753620102031
4.7047094 -6.367333767022256
4.709714409999999 -6.362998861283651
4.71471942 -6.358751374946704
4.71972443 -6.354593800075673
4.72472944 -6.35052864871438
4.72973445 -6.346558452901332
4.734739459999999 -6.342685764717276
4.739744470000001 -6.338913156379313
4.74474948 -6.33524322038217
4.74975449 -6.331678569693773
4.7547595 -6.328221838012129
4.75976451 -6.324875680090111
4.76476952 -6.321642772135357
4.76977453 -6.318525812296782
4.774779540000001 -6.315527521242267
4.77978455 -6.312650642843849
4.78478956 -6.309897944976094
4.78979457 -6.30727222044424
4.79479958 -6.304776288054385
4.79980459 -6.302412993840239
4.8048096 -6.300185212465591
4.809814609999999 -6.298095848816514
4.81481962 -6.296147839809823
4.81982463 -6.2943441564352165
4.82482964 -6.292687806056359
4.82983465 -6.2911818350026
4.834839659999999 -6.289829331476487
4.839844670000001 -6.288633428814359
4.84484968 -6.2875973091377535
4.849854689999999 -6.286724207432765
4.8548597 -6.286017416110483
4.85986471 -6.285480290095672
4.86486972 -6.285116252501704
4.869874729999999 -6.284928800958393
4.87487974 -6.284921514664099
4.87988475 -6.2850980622397055
4.88488976 -6.285462210480677
4.889894770000001 -6.286017834103829
4.894899779999999 -6.286768926607546
4.899904789999999 -6.287719612369839
4.9049098 -6.288874160132015
4.90991481 -6.2902369980356125
4.91491982 -6.291812730390359
4.91992483 -6.293606156392132
4.92492984 -6.295622291023308
4.92993485 -6.297866388414676
4.934939860000001 -6.300343967970791
4.939944870000001 -6.303060843618992
4.94494988 -6.306023156580872
4.949954889999999 -6.309237412131664
4.9549599 -6.312710520879089
4.959964910000001 -6.316449845166301
4.96496992 -6.320463251307268
4.969974929999999 -6.324759168458906
4.974979939999999 -6.329346655068084
4.97998495 -6.334235473977947
4.98498996 -6.339436177449539
4.9899949700000015 -6.344960203557672
4.994999979999999 -6.3508199856714445
5.0 -6.357022707769696
